Date,Open,High,Low,Close,Volume,Adj Close
2015-10-09,81.269997,81.389999,80.800003,81.139999,830900,80.407742
2015-10-08,80.199997,81.50,80.00,81.370003,655000,80.635669
2015-10-07,80.889999,80.980003,80.080002,80.360001,848500,79.634782
2015-10-06,80.93,81.18,80.169998,80.720001,1142400,79.991534
2015-10-05,81.00,81.32,80.089996,81.120003,824100,80.387926
2015-10-02,80.220001,80.599998,79.019997,80.599998,1014900,79.872614
2015-10-01,80.489998,80.629997,78.389999,79.370003,1227600,78.653719
2015-09-30,78.790001,80.470001,78.519997,80.370003,1574600,79.644694
2015-09-29,78.919998,79.169998,77.739998,78.230003,1926500,77.524007
2015-09-28,79.269997,79.75,78.68,78.769997,1364200,78.059127
2015-09-25,78.980003,80.389999,78.389999,79.269997,1614900,78.554615
2015-09-24,77.989998,78.860001,77.809998,78.760002,1054200,78.049223
2015-09-23,77.370003,78.449997,76.919998,78.330002,1114400,77.623103
2015-09-22,77.589996,78.089996,77.07,77.269997,1048100,76.572664
2015-09-21,77.949997,78.360001,77.660004,77.980003,771300,77.276263
2015-09-18,77.540001,78.669998,77.410004,77.800003,1446700,77.097888
2015-09-17,77.00,79.279999,76.730003,78.150002,1502800,77.444727
2015-09-16,76.260002,77.75,76.230003,77.629997,1320200,76.206005
2015-09-15,76.059998,76.589996,75.279999,76.50,893900,75.096735
2015-09-14,76.059998,76.529999,75.68,75.879997,662000,74.488105
2015-09-11,74.839996,75.949997,74.559998,75.940002,747200,74.54701
2015-09-10,74.739998,75.849998,74.739998,75.07,837200,73.692966
2015-09-09,76.379997,76.82,75.040001,75.150002,1006800,73.7715
2015-09-08,75.889999,76.529999,75.559998,76.279999,860600,74.88077
2015-09-04,75.50,75.900002,74.639999,75.010002,841200,73.634069
2015-09-03,76.510002,76.919998,76.059998,76.379997,684900,74.978934
2015-09-02,76.879997,76.93,75.370003,76.010002,899900,74.615726
2015-09-01,77.209999,77.550003,75.690002,76.120003,1249000,74.723708
2015-08-31,78.650002,78.709999,77.25,78.059998,1672800,76.628117
2015-08-28,78.940002,79.129997,77.739998,78.830002,1031000,77.383997
2015-08-27,78.309998,78.989998,77.669998,78.970001,1212800,77.521428
2015-08-26,77.339996,78.00,76.089996,77.870003,1626200,76.441608
2015-08-25,79.809998,80.589996,76.540001,76.559998,1692600,75.155632
2015-08-24,82.07,82.07,78.830002,79.220001,2028600,77.766843
2015-08-21,83.629997,84.209999,83.150002,83.150002,1920700,81.624754
2015-08-20,83.870003,85.120003,83.349998,84.269997,1450800,82.724204
2015-08-19,83.410004,84.529999,83.169998,84.379997,1409000,82.832187
2015-08-18,83.900002,84.110001,83.279999,83.599998,802200,82.066496
2015-08-17,83.730003,84.330002,83.209999,84.120003,855500,82.576962
2015-08-14,82.870003,83.790001,82.379997,83.650002,887500,82.115582
2015-08-13,82.699997,83.480003,82.050003,83.139999,1067100,81.614935
2015-08-12,81.010002,83.309998,80.709999,83.019997,1817100,81.497133
2015-08-11,80.790001,81.75,80.330002,81.160004,1077400,79.671259
2015-08-10,81.269997,81.489998,80.379997,80.639999,758400,79.160793
2015-08-07,79.860001,81.599998,79.43,81.220001,1454200,79.730156
2015-08-06,79.32,79.949997,78.440002,79.889999,997100,78.424551
2015-08-05,79.400002,79.68,78.919998,79.209999,586400,77.757024
2015-08-04,80.07,80.330002,78.970001,79.089996,1022400,77.639222
2015-08-03,80.50,81.139999,79.970001,80.360001,812300,78.885931
2015-07-31,79.910004,81.269997,79.910004,80.459999,881800,78.984095
2015-07-30,79.029999,79.949997,78.900002,79.550003,1045300,78.090791
2015-07-29,78.459999,79.379997,77.900002,79.309998,1108000,77.855188
2015-07-28,78.57,78.779999,78.190002,78.620003,1365400,77.17785
2015-07-27,77.339996,79.300003,77.32,78.68,1433100,77.236747
2015-07-24,76.540001,78.040001,76.540001,77.360001,1805900,75.940961
2015-07-23,76.860001,77.059998,75.589996,76.169998,943500,74.772787
2015-07-22,76.760002,77.519997,76.610001,77.139999,773900,75.724995
2015-07-21,77.410004,77.559998,76.339996,76.660004,809600,75.253804
2015-07-20,77.440002,77.440002,76.580002,77.410004,1015000,75.990046
2015-07-17,78.230003,78.489998,77.50,77.510002,1212600,76.088211
2015-07-16,77.68,78.669998,77.480003,78.540001,770500,77.099316
2015-07-15,77.120003,77.57,76.629997,77.50,779900,76.078392
2015-07-14,77.25,77.830002,76.940002,77.099998,632400,75.685728
2015-07-13,77.809998,77.900002,76.75,77.260002,984000,75.842796
2015-07-10,77.709999,78.400002,76.50,77.510002,971600,76.088211
2015-07-09,78.169998,78.459999,76.720001,76.860001,1190700,75.450132
2015-07-08,78.260002,78.879997,77.849998,77.959999,1401200,76.529953
2015-07-07,76.919998,78.900002,76.599998,78.559998,2166700,77.118946
2015-07-06,76.080002,76.639999,75.82,76.470001,1333200,75.067287
2015-07-02,75.620003,76.410004,75.389999,76.220001,1327700,74.821873
2015-07-01,74.75,75.260002,74.529999,75.239998,1050900,73.859846
2015-06-30,74.93,75.00,74.43,74.639999,1447900,73.270853
2015-06-29,75.00,75.849998,74.599998,74.639999,1684200,73.270853
2015-06-26,73.699997,74.970001,73.389999,74.959999,2025400,73.584983
2015-06-25,74.00,74.18,73.68,73.889999,985100,72.534611
2015-06-24,74.379997,74.68,73.75,73.849998,941200,72.495344
2015-06-23,75.150002,75.25,74.029999,74.360001,895700,72.995991
2015-06-22,75.839996,75.989998,75.110001,75.389999,605000,74.007096
2015-06-19,76.07,76.410004,75.629997,75.690002,1775700,74.301596
2015-06-18,75.019997,76.279999,75.019997,76.050003,1140400,74.654993
2015-06-17,74.080002,75.129997,74.010002,74.980003,1228300,73.60462
2015-06-16,73.629997,74.150002,73.230003,74.099998,949900,72.740758
2015-06-15,74.059998,74.339996,73.540001,73.779999,915100,72.426628
2015-06-12,74.410004,74.800003,74.059998,74.080002,777100,72.721128
2015-06-11,74.860001,75.300003,74.449997,74.809998,1304100,73.437733
2015-06-10,74.959999,75.300003,74.50,75.029999,1461400,72.976358
2015-06-09,74.449997,74.849998,74.339996,74.519997,1479700,72.480315
2015-06-08,74.940002,75.139999,74.510002,74.529999,1126800,72.490043
2015-06-05,75.940002,76.040001,74.82,74.940002,1838900,72.888825
2015-06-04,76.360001,77.110001,76.25,76.68,1530500,74.581197
2015-06-03,77.699997,77.980003,76.120003,76.669998,1128400,74.571469
2015-06-02,78.870003,78.900002,77.330002,77.839996,1105600,75.709443
2015-06-01,79.330002,79.720001,79.059998,79.260002,666200,77.090582
2015-05-29,79.519997,79.739998,79.00,79.230003,867500,77.061405
2015-05-28,79.32,79.769997,78.980003,79.529999,775600,77.353189
2015-05-27,79.410004,79.510002,78.940002,79.199997,1174300,77.032219
2015-05-26,79.589996,79.589996,78.790001,79.160004,680200,76.993321
2015-05-22,79.510002,79.870003,78.989998,79.610001,636200,77.431001
2015-05-21,79.650002,79.889999,79.080002,79.660004,565800,77.479635
2015-05-20,79.589996,80.290001,79.360001,79.720001,752100,77.537991
2015-05-19,79.349998,79.940002,79.099998,79.529999,702700,77.353189
2015-05-18,78.790001,79.760002,78.790001,79.730003,891300,77.547719
2015-05-15,78.339996,79.239998,78.220001,79.139999,1834300,76.973864
2015-05-14,77.68,78.370003,77.489998,78.089996,1014500,75.952601
2015-05-13,78.480003,78.919998,76.779999,77.190002,1402200,75.07724
2015-05-12,78.25,78.720001,77.709999,78.260002,993000,76.117953
2015-05-11,79.019997,80.099998,78.699997,78.779999,863300,76.623717
2015-05-08,79.300003,79.860001,78.849998,79.209999,1220200,77.041948
2015-05-07,78.25,79.040001,78.220001,78.389999,956600,76.244392
2015-05-06,78.68,79.010002,77.190002,77.949997,1475400,75.816433
2015-05-05,80.660004,80.660004,78.580002,78.690002,978800,76.536184
2015-05-04,80.269997,81.290001,80.099998,80.610001,649600,78.40363
2015-05-01,79.82,80.110001,79.150002,80.080002,906800,77.888138
2015-04-30,81.059998,81.059998,79.190002,79.629997,1497600,77.45045
2015-04-29,81.150002,81.489998,80.580002,81.290001,959200,79.065018
2015-04-28,81.120003,81.989998,80.739998,81.870003,847100,79.629145
2015-04-27,83.190002,83.32,81.25,81.470001,1232600,79.240092
2015-04-24,81.93,83.660004,80.669998,82.809998,1406300,80.543411
2015-04-23,82.029999,82.93,81.910004,82.82,1401900,80.553139
2015-04-22,81.889999,82.099998,81.18,81.919998,827200,79.677772
2015-04-21,82.169998,82.709999,80.860001,81.169998,670800,78.9483
2015-04-20,80.900002,82.830002,80.900002,82.029999,869500,79.784761
2015-04-17,80.339996,81.389999,80.339996,80.699997,670600,78.491163
2015-04-16,81.300003,81.339996,80.110001,80.940002,851900,78.724599
2015-04-15,81.459999,82.269997,81.440002,81.480003,1035600,79.24982
2015-04-14,81.07,81.599998,80.93,81.419998,841200,79.191457
2015-04-13,81.739998,81.830002,81.00,81.050003,1006800,78.831589
2015-04-10,81.809998,82.279999,81.260002,81.730003,772300,79.492977
2015-04-09,81.849998,81.860001,80.879997,81.389999,990700,79.162279
2015-04-08,82.019997,82.360001,81.239998,81.809998,981100,79.570782
2015-04-07,83.290001,83.389999,82.059998,82.150002,1199300,79.90148
2015-04-06,82.330002,84.269997,82.160004,83.379997,1859800,81.097809
2015-04-02,81.349998,82.360001,81.169998,82.080002,1520500,79.833396
2015-04-01,80.620003,81.379997,79.68,81.379997,777200,79.152551
2015-03-31,80.279999,81.349998,80.150002,80.690002,1205400,78.481442
2015-03-30,80.339996,81.029999,79.949997,80.730003,665400,78.520348
2015-03-27,79.410004,80.540001,79.220001,80.160004,1292000,77.96595
2015-03-26,79.650002,80.260002,78.970001,79.449997,1585700,77.275377
2015-03-25,80.550003,80.949997,79.510002,79.540001,922100,77.362917
2015-03-24,81.199997,81.779999,80.360001,80.379997,771800,78.179922
2015-03-23,81.400002,82.00,81.300003,81.389999,848600,79.162279
2015-03-20,80.00,81.690002,79.82,81.57,2395700,79.337353
2015-03-19,79.940002,80.82,79.510002,79.580002,1410000,77.401823
2015-03-18,78.639999,80.730003,78.370003,80.199997,2156100,78.004848
2015-03-17,78.699997,79.139999,78.169998,78.620003,1153500,76.4681
2015-03-16,78.199997,79.510002,77.980003,78.970001,1249300,76.808519
2015-03-13,78.349998,78.379997,76.839996,77.720001,1422700,75.592733
2015-03-12,77.860001,78.779999,77.68,78.449997,1605500,76.302748
2015-03-11,78.82,79.160004,78.129997,78.150002,840500,75.339847
2015-03-10,78.279999,79.550003,78.150002,78.779999,1119900,75.947191
2015-03-09,78.449997,79.040001,78.019997,78.470001,1114400,75.64834
2015-03-06,80.150002,80.379997,78.00,78.410004,1157700,75.5905
2015-03-05,80.900002,81.470001,80.690002,81.139999,788700,78.222329
2015-03-04,80.519997,80.760002,80.300003,80.580002,1059200,77.682468
2015-03-03,80.279999,80.940002,79.809998,80.720001,1542700,77.817434
2015-03-02,81.910004,82.010002,79.870003,80.440002,1195600,77.547503
2015-02-27,82.169998,82.220001,81.620003,82.029999,1074300,79.080326
2015-02-26,82.959999,83.169998,81.839996,81.959999,1236100,79.012843
2015-02-25,84.309998,84.309998,82.650002,82.760002,951300,79.784079
2015-02-24,83.690002,84.889999,83.50,84.199997,1049800,81.172294
2015-02-23,83.309998,83.919998,83.150002,83.900002,966600,80.883086
2015-02-20,83.489998,83.709999,82.019997,83.199997,1311400,80.208252
2015-02-19,84.970001,84.970001,83.160004,83.400002,1100000,80.401065
2015-02-18,82.059998,84.50,81.879997,84.50,1873700,81.461509
2015-02-17,81.410004,82.940002,81.260002,81.910004,2444100,78.964645
2015-02-13,84.519997,84.519997,80.629997,81.559998,2446300,78.627225
2015-02-12,84.699997,84.879997,83.779999,83.989998,1528900,80.969846
2015-02-11,86.230003,86.309998,84.510002,84.699997,946600,81.654315
2015-02-10,84.910004,86.779999,84.910004,86.699997,970700,83.582398
2015-02-09,85.080002,85.800003,84.519997,84.910004,1070700,81.85677
2015-02-06,89.360001,89.879997,84.830002,85.25,1234800,82.184541
2015-02-05,89.120003,89.660004,88.269997,89.57,956700,86.3492
2015-02-04,89.919998,89.949997,88.370003,88.620003,1018200,85.433363
2015-02-03,90.199997,90.82,89.639999,90.029999,1076000,86.792658
2015-02-02,89.860001,90.779999,88.93,90.480003,749100,87.226481
2015-01-30,91.199997,91.510002,89.559998,89.660004,884900,86.435967
2015-01-29,90.230003,91.739998,89.75,91.540001,572500,88.248363
2015-01-28,91.160004,92.269997,89.949997,90.230003,698900,86.985471
2015-01-27,90.709999,91.699997,90.589996,91.300003,544400,88.016995
2015-01-26,91.019997,91.019997,89.980003,90.93,710700,87.660297
2015-01-23,90.980003,91.660004,90.769997,91.239998,443600,87.959147
2015-01-22,90.980003,91.419998,90.029999,90.699997,539400,87.438564
2015-01-21,89.760002,90.980003,89.07,90.870003,668600,87.602457
2015-01-20,90.25,90.349998,89.139999,90.080002,697400,86.840863
2015-01-16,88.800003,90.050003,88.550003,89.959999,663800,86.725175
2015-01-15,88.629997,89.18,88.029999,88.970001,799500,85.770776
2015-01-14,86.440002,88.260002,86.419998,88.160004,754600,84.989905
2015-01-13,87.449997,88.720001,86.57,87.220001,643500,84.083704
2015-01-12,87.190002,87.410004,86.019997,86.730003,840400,83.611325
2015-01-09,87.459999,87.599998,86.290001,86.800003,674900,83.678808
2015-01-08,87.349998,87.900002,87.07,87.449997,681200,84.305429
2015-01-07,86.309998,87.379997,85.690002,87.050003,932900,83.919818
2015-01-06,86.449997,87.82,85.959999,86.029999,1234200,82.936492
2015-01-05,86.910004,87.279999,85.82,86.160004,1101200,83.061822
2015-01-02,86.830002,87.239998,85.980003,87.010002,872700,83.881256
2014-12-31,88.370003,88.50,86.25,86.370003,1094700,83.26427
2014-12-30,89.809998,89.830002,87.82,87.970001,714900,84.806735
2014-12-29,89.190002,90.769997,89.080002,90.18,1080300,86.937266
2014-12-26,88.00,89.43,88.00,89.32,877800,86.108189
2014-12-24,86.480003,88.150002,86.480003,87.940002,457200,84.777815
2014-12-23,86.540001,86.860001,86.209999,86.410004,700100,83.302832
2014-12-22,85.75,86.239998,85.199997,86.230003,723100,83.129304
2014-12-19,85.739998,86.489998,85.400002,85.75,1872700,82.666561
2014-12-18,83.860001,85.480003,83.470001,85.480003,828000,82.406273
2014-12-17,82.300003,83.989998,82.300003,83.75,1167500,80.738478
2014-12-16,81.620003,83.470001,81.129997,82.07,906700,79.118888
2014-12-15,82.209999,82.760002,80.910004,81.540001,1221100,78.607947
2014-12-12,82.940002,83.830002,81.849998,81.889999,936300,78.94536
2014-12-11,81.790001,83.730003,81.599998,82.730003,887000,79.755159
2014-12-10,83.360001,84.220001,81.919998,81.980003,1238100,78.366939
2014-12-09,82.459999,83.57,82.309998,83.309998,1100000,79.638317
2014-12-08,82.139999,83.43,81.970001,82.690002,1332900,79.045647
2014-12-05,82.190002,82.75,81.690002,82.00,710700,78.386054
2014-12-04,82.480003,82.910004,82.00,82.650002,896900,79.007409
2014-12-03,82.190002,82.540001,81.529999,82.449997,949500,78.816219
2014-12-02,81.230003,82.379997,80.709999,82.269997,989000,78.644151
2014-12-01,81.059998,82.339996,80.809998,81.540001,1182900,77.946329
2014-11-28,81.080002,82.150002,80.720001,81.459999,554000,77.869853
2014-11-26,80.629997,80.959999,80.300003,80.669998,677700,77.114669
2014-11-25,80.639999,80.639999,79.889999,80.389999,627300,76.84701
2014-11-24,80.790001,81.040001,80.419998,80.529999,1088100,76.98084
2014-11-21,81.25,81.459999,79.800003,80.650002,1220400,77.095554
2014-11-20,81.120003,81.25,80.419998,80.639999,953800,77.085992
2014-11-19,81.220001,81.550003,80.68,81.209999,1130700,77.630871
2014-11-18,81.389999,81.940002,80.669998,81.510002,1795800,77.917652
2014-11-17,79.589996,81.129997,79.589996,81.099998,1020300,77.525718
2014-11-14,79.800003,80.220001,79.540001,79.870003,1030700,76.349931
2014-11-13,81.120003,81.480003,79.620003,79.779999,1650100,76.263894
2014-11-12,82.07,82.239998,80.610001,80.900002,1580000,77.334535
2014-11-11,83.610001,83.669998,82.449997,82.790001,1170300,79.141238
2014-11-10,83.050003,83.910004,82.830002,83.849998,720500,80.154519
2014-11-07,82.730003,83.339996,82.50,83.309998,850300,79.638317
2014-11-06,83.889999,83.889999,82.160004,82.669998,2236000,79.026524
2014-11-05,82.949997,84.419998,82.480003,84.160004,1896400,80.450861
2014-11-04,82.940002,83.470001,82.169998,82.389999,643600,78.758865
2014-11-03,82.360001,82.989998,82.279999,82.800003,967700,79.150799
2014-10-31,82.330002,82.330002,81.470001,82.160004,1135000,78.539006
2014-10-30,80.220001,82.010002,80.129997,81.989998,1355400,78.376493
2014-10-29,80.449997,81.089996,79.330002,80.050003,1431300,76.521999
2014-10-28,80.639999,81.209999,80.099998,81.199997,1530700,77.621309
2014-10-27,80.00,81.150002,80.00,80.610001,1482200,77.057316
2014-10-24,80.120003,80.959999,79.860001,80.199997,1547800,76.665382
2014-10-23,80.349998,80.849998,79.830002,80.00,1238200,76.474199
2014-10-22,79.970001,80.779999,79.589996,79.860001,969100,76.34037
2014-10-21,79.129997,79.849998,78.769997,79.75,1386700,76.235217
2014-10-20,77.00,78.739998,77.00,78.639999,1372600,75.174137
2014-10-17,77.050003,77.419998,75.760002,76.980003,2901100,73.587301
2014-10-16,77.300003,77.720001,76.43,76.879997,2571800,73.491703
2014-10-15,79.559998,80.25,76.349998,77.900002,1690200,74.466753
2014-10-14,79.379997,80.199997,78.82,79.510002,2131200,76.005797
2014-10-13,78.68,79.879997,78.440002,78.900002,1290000,75.422681
2014-10-10,78.279999,79.360001,78.139999,78.730003,1549000,75.260175
2014-10-09,79.290001,80.199997,77.800003,77.870003,1966400,74.438076
2014-10-08,76.949997,79.239998,76.949997,79.099998,1696100,75.613863
2014-10-07,76.669998,77.699997,76.629997,77.019997,843500,73.625532
2014-10-06,76.919998,77.370003,76.489998,76.849998,614000,73.463026
2014-10-03,76.410004,76.959999,75.860001,76.870003,860700,73.482149
2014-10-02,76.190002,76.949997,76.059998,76.269997,912200,72.908587
2014-10-01,76.220001,77.209999,76.080002,76.279999,834700,72.918148
2014-09-30,76.059998,76.809998,75.709999,76.080002,992100,72.726965
2014-09-29,75.239998,76.029999,75.050003,75.959999,671800,72.612251
2014-09-26,75.510002,75.790001,74.620003,75.480003,593900,72.15341
2014-09-25,75.870003,76.190002,75.300003,75.379997,1108500,72.057812
2014-09-24,76.040001,76.040001,75.230003,75.760002,861600,72.421069
2014-09-23,75.650002,76.050003,75.410004,75.860001,935400,72.51666
2014-09-22,76.150002,76.519997,75.620003,75.800003,943700,72.459307
2014-09-19,76.050003,76.419998,75.800003,76.300003,1195000,72.93727
2014-09-18,76.610001,77.059998,75.400002,75.75,745100,72.411507
2014-09-17,76.940002,77.260002,76.120003,76.589996,546600,73.214483
2014-09-16,76.040001,77.239998,75.919998,76.900002,583600,73.510826
2014-09-15,75.889999,76.339996,75.75,76.040001,492900,72.688727
2014-09-12,76.919998,76.989998,75.32,75.57,1289600,72.23944
2014-09-11,76.809998,77.349998,76.419998,77.239998,520200,73.835837
2014-09-10,77.790001,77.959999,76.989998,77.32,774000,73.252726
2014-09-09,78.449997,78.449997,77.849998,77.870003,716700,73.773797
2014-09-08,78.889999,78.889999,78.059998,78.449997,662400,74.323282
2014-09-05,77.790001,78.849998,77.790001,78.830002,656200,74.683297
2014-09-04,77.720001,77.879997,77.190002,77.75,596100,73.660107
2014-09-03,77.550003,77.970001,77.339996,77.739998,700800,73.650631
2014-09-02,78.129997,78.300003,76.970001,77.419998,878900,73.347464
2014-08-29,77.940002,78.260002,77.709999,78.25,827500,74.133805
2014-08-28,76.889999,77.940002,76.599998,77.910004,817900,73.811694
2014-08-27,76.50,76.980003,76.43,76.93,789300,72.883242
2014-08-26,77.599998,77.779999,76.279999,76.309998,782500,72.295853
2014-08-25,77.07,77.559998,76.849998,77.449997,790100,73.375885
2014-08-22,77.379997,77.620003,76.440002,76.889999,821300,72.845345
2014-08-21,77.25,77.82,77.139999,77.330002,984300,73.262202
2014-08-20,77.150002,77.419998,76.68,77.360001,670000,73.290623
2014-08-19,76.349998,77.290001,76.150002,77.239998,619500,73.176933
2014-08-18,76.470001,76.760002,76.089996,76.300003,988000,72.286384
2014-08-15,76.00,76.550003,75.620003,76.360001,1150900,72.343226
2014-08-14,75.419998,75.940002,75.220001,75.919998,660100,71.926369
2014-08-13,74.610001,75.239998,74.389999,75.129997,619800,71.177925
2014-08-12,74.400002,74.760002,74.239998,74.389999,774300,70.476853
2014-08-11,74.760002,75.160004,74.400002,74.629997,592000,70.704226
2014-08-08,73.330002,74.769997,72.949997,74.720001,1028700,70.789496
2014-08-07,72.510002,73.57,72.510002,73.07,1482400,69.226289
2014-08-06,71.779999,72.480003,71.599998,72.07,2854200,68.278892
2014-08-05,73.220001,73.599998,71.879997,72.110001,1111100,68.316789
2014-08-04,74.18,74.300003,72.440002,73.540001,1392900,69.671567
2014-08-01,73.599998,74.68,73.449997,74.129997,843300,70.230528
2014-07-31,75.379997,75.480003,73.739998,73.82,1107800,69.936837
2014-07-30,76.589996,77.010002,75.209999,75.400002,1479100,71.433726
2014-07-29,76.949997,77.400002,76.50,76.650002,1642500,72.617972
2014-07-28,75.730003,77.209999,75.720001,77.029999,797400,72.97798
2014-07-25,76.620003,76.959999,75.620003,76.00,1046400,72.002162
2014-07-24,76.589996,77.300003,76.279999,77.260002,1479500,73.195885
2014-07-23,76.18,76.580002,75.779999,76.57,1365500,72.542178
2014-07-22,76.239998,76.239998,75.720001,76.089996,716000,72.087425
2014-07-21,76.68,76.68,75.800003,75.919998,1036200,71.926369
2014-07-18,76.150002,76.769997,75.589996,76.57,763500,72.542178
2014-07-17,75.889999,76.400002,75.760002,75.839996,1209600,71.850575
2014-07-16,76.220001,76.25,75.389999,76.190002,691300,72.18217
2014-07-15,75.459999,76.18,75.370003,76.059998,1407100,72.059004
2014-07-14,76.010002,76.290001,75.389999,75.400002,656300,71.433726
2014-07-11,76.18,76.489998,75.839996,75.910004,626200,71.9169
2014-07-10,75.339996,76.400002,75.25,76.360001,957000,72.343226
2014-07-09,75.910004,76.18,75.110001,75.419998,966900,71.452671
2014-07-08,75.269997,76.18,75.080002,75.970001,671100,71.973742
2014-07-07,75.220001,75.870003,75.099998,75.400002,981100,71.433726
2014-07-03,75.309998,75.330002,74.739998,75.110001,877000,71.15898
2014-07-02,76.949997,77.099998,75.360001,75.68,1308200,71.698996
2014-07-01,77.959999,78.099998,77.110001,77.190002,1420100,73.129567
2014-06-30,77.800003,78.199997,77.470001,77.870003,1921900,73.773797
2014-06-27,77.589996,78.080002,77.269997,77.739998,946100,73.650631
2014-06-26,77.900002,78.050003,77.169998,77.739998,1353400,73.650631
2014-06-25,77.360001,78.18,77.360001,78.040001,822700,73.934853
2014-06-24,77.330002,77.980003,77.300003,77.709999,461500,73.62221
2014-06-23,77.610001,77.970001,77.040001,77.470001,548600,73.394837
2014-06-20,77.959999,78.050003,77.540001,77.629997,998300,73.546417
2014-06-19,77.080002,77.720001,76.849998,77.669998,931900,73.584314
2014-06-18,74.919998,76.870003,74.879997,76.839996,880200,72.797972
2014-06-17,74.940002,75.25,74.57,74.970001,628500,71.026345
2014-06-16,74.440002,75.720001,74.349998,75.25,951900,71.291615
2014-06-13,74.099998,74.739998,73.690002,74.470001,639600,70.552646
2014-06-12,73.669998,74.220001,72.760002,74.18,857400,70.2779
2014-06-11,74.900002,75.139999,74.190002,74.209999,877800,69.685773
2014-06-10,75.410004,75.489998,74.919998,75.099998,735600,70.521514
2014-06-09,75.93,76.209999,75.419998,75.519997,995100,70.915906
2014-06-06,76.599998,77.059998,76.199997,76.239998,611600,71.592013
2014-06-05,76.620003,76.82,76.099998,76.540001,757400,71.873726
2014-06-04,76.110001,76.360001,75.800003,76.220001,661800,71.573235
2014-06-03,76.00,76.459999,75.760002,76.220001,597200,71.573235
2014-06-02,75.980003,76.43,75.790001,76.18,543300,71.535673
2014-05-30,75.470001,76.169998,75.300003,76.120003,681000,71.479333
2014-05-29,75.699997,75.760002,74.949997,75.370003,705300,70.775057
2014-05-28,75.360001,75.739998,75.18,75.360001,911000,70.765665
2014-05-27,75.360001,75.730003,75.110001,75.279999,820500,70.69054
2014-05-23,75.129997,75.360001,74.860001,74.879997,520900,70.314925
2014-05-22,74.370003,75.199997,74.370003,75.150002,492800,70.568468
2014-05-21,74.510002,74.660004,74.07,74.360001,606300,69.82663
2014-05-20,74.779999,75.290001,73.989998,74.459999,931300,69.920532
2014-05-19,76.309998,76.309998,74.669998,74.699997,951300,70.145898
2014-05-16,75.870003,76.459999,75.50,76.440002,920500,71.779824
2014-05-15,76.290001,76.470001,75.690002,75.849998,871100,71.22579
2014-05-14,76.269997,77.050003,75.93,76.150002,722900,71.507503
2014-05-13,75.870003,76.620003,75.849998,76.139999,1150500,71.498111
2014-05-12,76.779999,77.00,75.730003,75.980003,846900,71.347869
2014-05-09,77.809998,78.190002,76.519997,76.629997,1000500,71.958236
2014-05-08,79.239998,79.449997,77.660004,77.970001,997800,73.216546
2014-05-07,77.910004,79.43,77.779999,79.32,1152700,74.484242
2014-05-06,77.68,78.300003,77.419998,77.790001,1010900,73.047519
2014-05-05,76.989998,77.940002,76.949997,77.93,929600,73.178984
2014-05-02,77.830002,78.00,76.529999,77.00,1301000,72.305681
2014-05-01,78.290001,78.400002,77.43,78.190002,976000,73.423135
2014-04-30,77.760002,78.330002,77.559998,78.139999,1259000,73.37618
2014-04-29,78.139999,78.389999,77.419998,77.669998,1052500,72.934833
2014-04-28,78.349998,78.580002,77.50,78.010002,1237500,73.254108
2014-04-25,78.25,78.699997,77.599998,78.379997,1761900,73.601547
2014-04-24,76.93,77.190002,76.269997,77.150002,1090300,72.446538
2014-04-23,76.50,77.470001,76.220001,76.889999,1191200,72.202387
2014-04-22,76.059998,76.629997,75.699997,76.50,1219500,71.836164
2014-04-21,76.620003,76.940002,75.769997,76.18,868800,71.535673
2014-04-17,76.870003,77.559998,76.519997,76.620003,1411400,71.94885
2014-04-16,77.059998,77.18,76.279999,77.18,1272600,72.474708
2014-04-15,75.68,76.860001,75.540001,76.839996,1341200,72.155432
2014-04-14,75.300003,75.959999,74.699997,75.519997,1095400,70.915906
2014-04-11,74.870003,75.489998,74.629997,74.860001,1033500,70.296147
2014-04-10,75.260002,75.779999,74.879997,75.169998,1328100,70.587246
2014-04-09,75.25,75.440002,74.410004,75.260002,2190700,70.671763
2014-04-08,74.160004,75.389999,73.650002,75.169998,1040900,70.587246
2014-04-07,74.760002,75.32,74.279999,74.300003,1255800,69.77029
2014-04-04,74.839996,75.660004,74.669998,74.739998,721400,70.18346
2014-04-03,74.620003,74.849998,74.209999,74.650002,600100,70.098951
2014-04-02,74.529999,74.589996,73.739998,74.410004,998300,69.873584
2014-04-01,74.230003,74.57,73.830002,74.540001,1305400,69.995656
2014-03-31,73.949997,74.610001,73.650002,74.290001,1283000,69.760898
2014-03-28,72.839996,73.540001,72.480003,73.190002,909400,68.727961
2014-03-27,72.209999,72.959999,71.870003,72.919998,886500,68.474417
2014-03-26,72.300003,72.849998,72.080002,72.279999,1340800,67.873436
2014-03-25,72.040001,72.370003,71.660004,72.190002,918700,67.788926
2014-03-24,71.769997,72.129997,71.279999,71.940002,1158400,67.554167
2014-03-21,71.190002,72.050003,71.190002,71.519997,1363200,67.159767
2014-03-20,70.50,70.830002,69.849998,70.769997,1013200,66.455491
2014-03-19,71.75,72.059998,70.349998,70.650002,970600,66.342811
2014-03-18,72.040001,72.220001,71.650002,71.800003,577700,67.422703
2014-03-17,71.760002,72.059998,71.480003,71.980003,1266100,67.591729
2014-03-14,71.43,72.00,71.029999,71.650002,1507200,67.281846
2014-03-13,70.610001,71.580002,70.360001,71.389999,1420900,67.037695
2014-03-12,69.900002,71.260002,69.82,71.169998,2391800,66.216041
2014-03-11,70.309998,70.489998,69.690002,69.940002,632800,65.071662
2014-03-10,70.309998,70.610001,69.900002,70.370003,941400,65.471731
2014-03-07,70.239998,70.400002,69.580002,70.330002,901700,65.434515
2014-03-06,71.220001,71.260002,70.07,70.349998,885000,65.45312
2014-03-05,71.410004,71.480003,70.720001,70.900002,901800,65.964838
2014-03-04,71.400002,71.620003,71.190002,71.470001,655700,66.495162
2014-03-03,71.410004,71.800003,70.849998,70.900002,807100,65.964838
2014-02-28,71.440002,72.00,71.349998,71.760002,837200,66.764977
2014-02-27,71.470001,71.980003,71.00,71.239998,750500,66.281168
2014-02-26,72.050003,72.209999,71.419998,71.510002,748900,66.532378
2014-02-25,71.940002,72.459999,71.589996,71.830002,873100,66.830104
2014-02-24,72.540001,72.650002,71.830002,71.860001,1109500,66.858014
2014-02-21,72.389999,72.949997,72.290001,72.290001,1482700,67.258084
2014-02-20,71.57,72.540001,71.57,72.330002,1822300,67.2953
2014-02-19,72.129997,72.449997,71.339996,71.470001,1765700,66.495162
2014-02-18,71.980003,72.269997,71.779999,72.120003,1479000,67.099919
2014-02-14,69.57,71.860001,69.190002,71.730003,2449700,66.737066
2014-02-13,68.639999,69.639999,68.449997,69.57,1516500,64.727414
2014-02-12,69.089996,69.339996,68.769997,68.900002,963000,64.104053
2014-02-11,68.110001,69.110001,68.059998,69.099998,1188200,64.290129
2014-02-10,67.690002,68.260002,67.260002,68.230003,925500,63.480692
2014-02-07,67.690002,67.989998,67.480003,67.889999,1063300,63.164355
2014-02-06,67.199997,67.650002,66.870003,67.580002,917400,62.875935
2014-02-05,67.25,67.290001,66.830002,67.050003,1113300,62.382828
2014-02-04,68.25,68.339996,66.779999,67.459999,1723500,62.764285
2014-02-03,68.230003,69.059998,67.82,67.970001,2089800,63.238788
2014-01-31,66.730003,68.339996,66.660004,68.220001,1404600,63.471386
2014-01-30,66.650002,67.449997,66.610001,67.279999,686600,62.596815
2014-01-29,66.239998,66.650002,66.019997,66.330002,1118400,61.712944
2014-01-28,66.059998,66.379997,65.910004,66.370003,1118000,61.750161
2014-01-27,65.589996,66.419998,65.489998,65.959999,1681200,61.368697
2014-01-24,66.290001,66.760002,65.470001,65.470001,1583000,60.912806
2014-01-23,66.610001,66.779999,66.18,66.459999,1035900,61.833893
2014-01-22,66.580002,66.940002,66.480003,66.870003,841400,62.215357
2014-01-21,66.300003,66.660004,66.129997,66.610001,649900,61.973453
2014-01-17,65.970001,66.269997,65.629997,65.849998,842800,61.266353
2014-01-16,65.690002,65.910004,65.32,65.910004,847200,61.322181
2014-01-15,66.389999,66.389999,65.470001,65.669998,960100,61.098882
2014-01-14,66.160004,66.449997,65.830002,66.169998,579900,61.564078
2014-01-13,66.480003,66.669998,65.919998,66.050003,733500,61.452436
2014-01-10,66.18,67.339996,66.059998,66.669998,1132100,62.029274
2014-01-09,65.389999,65.82,65.18,65.68,1135300,61.108188
2014-01-08,65.75,65.75,64.919998,65.099998,1297200,60.568558
2014-01-07,65.199997,65.860001,65.120003,65.760002,1100000,61.182621
2014-01-06,65.150002,65.519997,64.959999,65.190002,1067600,60.652297
2014-01-03,66.029999,66.050003,64.839996,65.129997,1281400,60.596469
2014-01-02,66.400002,66.440002,65.220001,65.260002,1415300,60.717425
2013-12-31,66.32,66.50,65.879997,66.389999,1902700,61.768766
2013-12-30,66.279999,66.650002,65.980003,66.32,866600,61.703638
2013-12-27,66.120003,66.519997,65.889999,66.360001,740800,61.740855
2013-12-26,66.599998,66.669998,65.919998,66.160004,619300,61.554779
2013-12-24,66.459999,66.839996,66.019997,66.68,374000,62.03858
2013-12-23,66.830002,67.019997,66.360001,66.550003,836600,61.917632
2013-12-20,65.709999,67.419998,65.699997,66.610001,2240300,61.973453
2013-12-19,65.949997,65.980003,64.989998,65.599998,1210500,61.033755
2013-12-18,65.25,66.279999,64.519997,66.150002,1446000,61.545473
2013-12-17,65.949997,65.989998,65.040001,65.279999,1902400,60.736029
2013-12-16,65.50,66.330002,65.419998,66.050003,921600,61.452436
2013-12-13,65.550003,65.720001,65.230003,65.360001,509000,60.810462
2013-12-12,65.349998,66.080002,65.209999,65.360001,1079200,60.810462
2013-12-11,66.650002,66.660004,65.660004,66.00,1637600,60.796504
2013-12-10,67.120003,67.139999,66.599998,66.629997,1398400,61.376832
2013-12-09,67.540001,67.589996,66.879997,67.220001,1021700,61.920319
2013-12-06,66.639999,67.650002,66.629997,67.610001,1014500,62.279571
2013-12-05,66.709999,66.830002,66.290001,66.379997,951600,61.146542
2013-12-04,66.50,66.940002,66.160004,66.830002,816600,61.561068
2013-12-03,66.529999,66.949997,66.379997,66.849998,846700,61.579488
2013-12-02,66.860001,66.970001,66.050003,66.779999,876500,61.515007
2013-11-29,66.800003,67.099998,66.660004,66.739998,451100,61.47816
2013-11-27,67.260002,67.279999,66.790001,66.919998,881400,61.643969
2013-11-26,68.089996,68.279999,67.089996,67.190002,1012300,61.892685
2013-11-25,68.860001,69.010002,68.089996,68.169998,796600,62.795417
2013-11-22,68.800003,69.18,68.589996,68.860001,1042800,63.43102
2013-11-21,68.900002,69.269997,68.610001,68.919998,962400,63.486287
2013-11-20,69.00,69.220001,68.559998,68.769997,1473400,63.348112
2013-11-19,69.260002,69.309998,68.709999,68.790001,932400,63.366539
2013-11-18,69.739998,69.790001,69.169998,69.370003,699700,63.900813
2013-11-15,69.00,69.50,68.769997,69.489998,824700,64.011347
2013-11-14,68.470001,69.410004,68.419998,69.150002,705800,63.698157
2013-11-13,67.800003,68.18,67.410004,68.160004,1509100,62.786211
2013-11-12,68.860001,69.18,67.949997,68.290001,1108700,62.905959
2013-11-11,69.440002,69.660004,68.860001,69.18,684900,63.72579
2013-11-08,68.980003,69.370003,68.010002,69.339996,1495400,63.873172
2013-11-07,70.32,70.639999,69.330002,69.360001,1440900,63.891599
2013-11-06,69.849998,70.449997,69.849998,70.190002,1107100,64.656163
2013-11-05,69.949997,70.620003,69.650002,69.760002,1498600,64.260064
2013-11-04,69.68,70.169998,69.190002,70.099998,1513300,64.573255
2013-11-01,69.260002,69.68,68.980003,69.440002,842700,63.965294
2013-10-31,69.25,69.480003,68.190002,69.139999,1178600,63.688943
2013-10-30,69.940002,70.309998,69.230003,69.339996,1080900,63.873172
2013-10-29,70.209999,70.220001,69.290001,69.790001,1251100,64.287698
2013-10-28,69.559998,70.190002,69.290001,69.639999,1557100,64.149523
2013-10-25,67.129997,69.470001,66.580002,69.440002,1816300,63.965294
2013-10-24,68.269997,68.32,67.300003,67.599998,1174900,62.270357
2013-10-23,67.400002,68.889999,67.239998,68.260002,1815900,62.878325
2013-10-22,66.910004,67.650002,66.760002,67.419998,889000,62.104548
2013-10-21,67.160004,67.379997,66.610001,66.839996,732200,61.570274
2013-10-18,67.400002,67.720001,67.059998,67.209999,967000,61.911106
2013-10-17,66.080002,67.339996,65.709999,67.220001,1286900,61.920319
2013-10-16,65.940002,66.389999,65.709999,66.260002,985800,61.036007
2013-10-15,66.379997,66.620003,65.690002,65.709999,1414900,60.529367
2013-10-14,66.470001,66.690002,65.559998,66.489998,923000,61.24787
2013-10-11,66.559998,66.959999,66.349998,66.830002,567400,61.561068
2013-10-10,66.00,66.550003,65.150002,66.519997,875500,61.275503
2013-10-09,65.269997,66.260002,64.970001,65.620003,1238400,60.446466
2013-10-08,64.75,65.550003,64.57,65.07,1910800,59.939825
2013-10-07,64.75,65.160004,64.449997,64.529999,953500,59.442399
2013-10-04,65.18,65.519997,64.980003,65.07,570600,59.939825
2013-10-03,66.07,66.07,64.980003,65.190002,767200,60.050367
2013-10-02,65.959999,66.349998,65.50,66.32,941800,61.091274
2013-10-01,66.160004,66.400002,65.889999,66.129997,568000,60.916252
2013-09-30,65.660004,66.07,65.529999,65.980003,955100,60.778084
2013-09-27,66.199997,66.629997,65.800003,66.059998,794700,60.851771
2013-09-26,66.690002,67.059998,66.309998,66.559998,760600,61.312351
2013-09-25,67.279999,67.480003,66.349998,66.550003,1229900,61.303144
2013-09-24,67.690002,67.879997,67.110001,67.18,1479800,61.883472
2013-09-23,67.129997,68.150002,66.669998,67.599998,1393100,62.270357
2013-09-20,67.910004,68.099998,66.970001,67.18,1464700,61.883472
2013-09-19,68.099998,68.650002,67.599998,67.910004,843100,62.555921
2013-09-18,66.360001,68.43,66.029999,68.199997,1046700,62.823051
2013-09-17,66.099998,66.459999,65.940002,66.220001,736700,60.99916
2013-09-16,66.589996,67.040001,65.75,65.910004,1104600,60.713603
2013-09-13,65.879997,66.339996,65.709999,65.82,516600,60.630695
2013-09-12,66.400002,67.019997,65.599998,65.690002,771900,60.510947
2013-09-11,66.709999,66.900002,65.75,66.860001,1521600,60.985343
2013-09-10,66.239998,66.709999,65.980003,66.709999,2901800,60.848521
2013-09-09,65.559998,66.239998,65.269997,66.099998,2468700,60.292118
2013-09-06,65.290001,65.989998,65.230003,65.559998,2880600,59.799565
2013-09-05,65.739998,66.00,64.919998,65.00,1117100,59.288771
2013-09-04,65.849998,65.889999,65.029999,65.739998,1082500,59.963749
2013-09-03,67.279999,67.629997,65.669998,65.860001,854000,60.073208
2013-08-30,67.010002,67.349998,66.580002,66.870003,669300,60.994466
2013-08-29,67.279999,67.449997,66.730003,67.019997,706300,61.131281
2013-08-28,67.290001,67.610001,66.949997,67.300003,913600,61.386685
2013-08-27,66.470001,67.50,66.470001,67.199997,859000,61.295466
2013-08-26,67.339996,67.660004,66.839996,67.040001,709300,61.149528
2013-08-23,66.970001,67.510002,66.720001,67.379997,582700,61.45965
2013-08-22,66.879997,67.220001,66.610001,66.93,422500,61.049192
2013-08-21,67.360001,67.449997,66.470001,66.779999,995700,60.912371
2013-08-20,67.139999,68.019997,66.809998,67.589996,734900,61.651198
2013-08-19,67.349998,67.93,66.739998,67.160004,797400,61.258986
2013-08-16,68.300003,68.379997,67.190002,67.589996,840200,61.651198
2013-08-15,69.019997,69.089996,68.300003,68.459999,847800,62.444758
2013-08-14,69.860001,70.010002,69.169998,69.370003,744600,63.274804
2013-08-13,70.449997,70.599998,69.690002,69.919998,780000,63.776474
2013-08-12,70.349998,70.50,70.050003,70.449997,597200,64.259904
2013-08-09,71.07,71.080002,70.339996,70.800003,1001500,64.579157
2013-08-08,70.760002,71.279999,70.43,71.07,533300,64.82543
2013-08-07,70.389999,71.00,70.239998,70.629997,659700,64.424089
2013-08-06,71.050003,71.190002,70.699997,70.730003,1382200,64.515308
2013-08-05,71.389999,71.389999,70.800003,71.050003,649700,64.807191
2013-08-02,71.580002,71.769997,71.089996,71.639999,546200,65.345347
2013-08-01,71.07,71.629997,70.93,71.589996,771000,65.299737
2013-07-31,70.980003,71.199997,70.260002,70.699997,1124000,64.487938
2013-07-30,70.970001,71.589996,70.849998,71.230003,1161100,64.971375
2013-07-29,69.839996,71.010002,69.75,70.599998,889600,64.396726
2013-07-26,69.68,70.220001,68.989998,70.150002,818600,63.986268
2013-07-25,69.540001,70.279999,69.330002,70.019997,752800,63.867686
2013-07-24,70.82,70.940002,69.160004,69.650002,672300,63.5302
2013-07-23,70.50,70.93,70.389999,70.839996,788000,64.615636
2013-07-22,70.269997,70.75,70.139999,70.480003,504700,64.287274
2013-07-19,70.68,70.769997,70.139999,70.269997,572300,64.09572
2013-07-18,69.779999,70.610001,69.599998,70.529999,569700,64.332877
2013-07-17,69.900002,70.080002,69.169998,69.599998,853700,63.484591
2013-07-16,69.970001,70.07,69.330002,69.559998,597900,63.448105
2013-07-15,68.870003,69.830002,68.790001,69.809998,1194900,63.676138
2013-07-12,68.720001,69.019997,68.150002,68.989998,856300,62.928188
2013-07-11,68.150002,68.779999,68.059998,68.739998,735400,62.700154
2013-07-10,66.470001,67.599998,66.43,67.57,1123600,61.632958
2013-07-09,66.790001,66.940002,66.089996,66.830002,1848900,60.95798
2013-07-08,65.980003,66.849998,65.809998,66.410004,793900,60.574885
2013-07-05,65.919998,66.050003,64.709999,65.769997,733300,59.991112
2013-07-03,65.589996,66.110001,65.440002,65.900002,431100,60.109694
2013-07-02,65.82,66.459999,65.720001,66.010002,698000,60.21003
2013-07-01,67.599998,67.660004,65.550003,65.82,789500,60.036722
2013-06-28,66.370003,67.150002,65.919998,67.010002,1072900,61.122165
2013-06-27,66.610001,67.269997,66.57,66.660004,756000,60.802919
2013-06-26,65.739998,66.639999,65.720001,66.389999,1336400,60.556638
2013-06-25,64.599998,65.459999,64.080002,65.300003,846400,59.562415
2013-06-24,64.18,64.879997,63.68,64.309998,1116100,58.659396
2013-06-21,64.400002,65.029999,63.380001,64.669998,1660300,58.987765
2013-06-20,65.650002,65.720001,63.849998,64.00,1435300,58.376637
2013-06-19,67.419998,67.720001,66.040001,66.080002,1192200,60.273879
2013-06-18,67.059998,67.589996,66.730003,67.589996,544100,61.651198
2013-06-17,67.290001,67.760002,66.730003,67.050003,728600,61.158651
2013-06-14,66.959999,67.339996,66.650002,66.870003,706000,60.994466
2013-06-13,65.989998,67.120003,65.400002,67.040001,901600,61.149528
2013-06-12,67.309998,67.589996,66.220001,66.349998,614400,59.922705
2013-06-11,66.720001,67.389999,66.580002,67.00,2903700,60.509742
2013-06-10,67.540001,67.610001,66.989998,67.120003,3208700,60.61812
2013-06-07,66.980003,67.559998,66.57,67.510002,3141800,60.97034
2013-06-06,66.07,66.800003,65.900002,66.779999,664100,60.311052
2013-06-05,66.32,66.480003,65.629997,65.980003,593100,59.588552
2013-06-04,66.699997,67.050003,66.040001,66.489998,826000,60.049143
2013-06-03,66.589996,67.279999,65.779999,66.809998,766200,60.338145
2013-05-31,67.25,68.080002,66.589996,66.610001,839100,60.157521
2013-05-30,66.50,68.139999,66.50,67.449997,1816500,60.916148
2013-05-29,67.290001,67.290001,65.449997,66.260002,1752000,59.841427
2013-05-28,68.519997,68.970001,67.300003,67.690002,1266000,61.132904
2013-05-24,68.949997,69.110001,68.019997,68.269997,764300,61.656714
2013-05-23,69.889999,69.889999,68.370003,69.279999,1116600,62.568878
2013-05-22,71.360001,72.18,69.860001,70.300003,1247200,63.490075
2013-05-21,71.709999,71.870003,70.980003,71.510002,790100,64.582862
2013-05-20,71.660004,71.870003,71.300003,71.540001,734500,64.609955
2013-05-17,71.040001,71.769997,70.949997,71.769997,1113100,64.817671
2013-05-16,71.239998,71.260002,70.790001,71.029999,881200,64.149356
2013-05-15,70.669998,71.690002,70.32,71.389999,883600,64.474484
2013-05-14,69.900002,70.849998,69.709999,70.68,945800,63.833262
2013-05-13,69.989998,70.169998,69.57,69.879997,895400,63.110755
2013-05-10,70.209999,70.32,69.419998,70.300003,1307700,63.490075
2013-05-09,71.629997,71.830002,70.029999,70.209999,895800,63.40879
2013-05-08,71.849998,72.209999,71.440002,71.629997,1151800,64.691233
2013-05-07,71.900002,72.25,71.650002,71.980003,1309700,65.007334
2013-05-06,72.519997,72.699997,71.459999,71.459999,614000,64.537703
2013-05-03,72.629997,73.00,72.300003,72.599998,983500,65.567271
2013-05-02,72.389999,72.720001,72.120003,72.379997,772300,65.368581
2013-05-01,72.860001,73.209999,72.309998,72.440002,1237400,65.422774
2013-04-30,72.269997,73.07,72.07,72.879997,1529900,65.820146
2013-04-29,72.699997,73.239998,72.019997,72.190002,1860200,65.196991
2013-04-26,72.32,72.959999,71.120003,72.260002,1706300,65.26021
2013-04-25,72.959999,73.089996,72.089996,72.25,1863900,65.251177
2013-04-24,72.919998,73.160004,72.57,72.68,1123800,65.639523
2013-04-23,73.099998,73.32,72.349998,72.769997,1143300,65.720801
2013-04-22,72.260002,73.050003,71.959999,72.900002,891800,65.838213
2013-04-19,72.089996,72.550003,71.879997,72.260002,1431400,65.26021
2013-04-18,71.93,72.480003,71.650002,72.050003,1409700,65.070553
2013-04-17,71.059998,72.029999,70.870003,71.949997,1737700,64.980235
2013-04-16,70.50,71.400002,69.949997,71.360001,1450400,64.447391
2013-04-15,70.169998,70.860001,70.050003,70.389999,1630600,63.571353
2013-04-12,69.43,70.419998,69.43,70.349998,766700,63.535227
2013-04-11,69.309998,69.610001,69.029999,69.550003,644100,62.812727
2013-04-10,68.669998,69.269997,68.669998,69.239998,787100,62.532752
2013-04-09,69.43,69.50,68.540001,68.580002,961100,61.936689
2013-04-08,68.739998,69.470001,68.559998,69.449997,509600,62.722409
2013-04-05,68.43,68.879997,68.330002,68.830002,561400,62.162472
2013-04-04,68.50,68.910004,68.459999,68.839996,463300,62.171498
2013-04-03,68.580002,68.910004,68.220001,68.43,645000,61.801218
2013-04-02,68.480003,68.919998,68.239998,68.529999,791200,61.89153
2013-04-01,68.339996,68.639999,68.129997,68.389999,592300,61.765092
2013-03-28,66.970001,68.379997,66.870003,68.339996,1241300,61.719933
2013-03-27,66.470001,67.019997,66.279999,66.989998,795900,60.500708
2013-03-26,66.370003,66.82,66.349998,66.82,579200,60.347178
2013-03-25,66.620003,66.949997,65.82,66.059998,719500,59.660797
2013-03-22,66.269997,66.629997,66.139999,66.279999,458800,59.859487
2013-03-21,66.279999,66.50,66.07,66.199997,553300,59.787234
2013-03-20,66.349998,66.68,66.300003,66.470001,627500,60.031084
2013-03-19,66.260002,66.519997,65.739998,66.019997,778800,59.624671
2013-03-18,66.00,66.360001,65.870003,66.099998,616200,59.696923
2013-03-15,66.150002,66.620003,66.019997,66.360001,1161100,59.931739
2013-03-14,66.360001,66.660004,66.18,66.410004,678800,59.976898
2013-03-13,66.739998,67.00,66.519997,66.889999,466500,59.850453
2013-03-12,66.639999,66.699997,66.32,66.660004,3571400,59.644662
2013-03-11,66.580002,66.839996,66.519997,66.75,2648000,59.725187
2013-03-08,66.610001,66.760002,66.080002,66.650002,2052300,59.635713
2013-03-07,66.82,67.25,66.480003,66.489998,688600,59.492548
2013-03-06,67.699997,67.699997,66.610001,66.809998,977900,59.77887
2013-03-05,67.269997,67.779999,67.209999,67.519997,1066300,60.414149
2013-03-04,66.370003,67.449997,66.370003,67.080002,976500,60.020459
2013-03-01,66.660004,66.739998,66.080002,66.43,1316900,59.438864
2013-02-28,66.300003,67.010002,66.18,66.800003,1183200,59.769928
2013-02-27,65.800003,66.290001,65.699997,66.260002,769900,59.286757
2013-02-26,65.459999,65.809998,65.07,65.790001,1190700,58.866219
2013-02-25,65.769997,66.18,65.290001,65.339996,1715600,58.463573
2013-02-22,65.029999,65.639999,64.93,65.620003,614900,58.714111
2013-02-21,64.849998,64.910004,64.449997,64.830002,767300,58.007251
2013-02-20,64.540001,65.370003,64.239998,64.860001,745900,58.034092
2013-02-19,64.559998,65.139999,64.470001,64.75,977200,57.935668
2013-02-15,64.370003,64.589996,64.25,64.419998,588300,57.640396
2013-02-14,64.239998,64.559998,63.889999,64.360001,699000,57.586713
2013-02-13,64.480003,64.68,64.25,64.400002,407400,57.622504
2013-02-12,64.230003,64.559998,63.919998,64.510002,552600,57.720928
2013-02-11,64.209999,64.519997,64.199997,64.400002,261000,57.622504
2013-02-08,64.25,64.279999,63.779999,64.279999,480600,57.51513
2013-02-07,63.880001,64.43,63.639999,64.160004,537500,57.407764
2013-02-06,63.700001,64.089996,63.349998,64.040001,558700,57.30039
2013-02-05,63.84,64.279999,63.759998,63.869999,680800,57.148279
2013-02-04,63.84,63.84,63.540001,63.639999,406200,56.942485
2013-02-01,63.490002,63.990002,63.360001,63.970001,561300,57.237757
2013-01-31,63.310001,63.48,63.060001,63.310001,631800,56.647216
2013-01-30,62.849998,63.43,62.700001,63.369999,636300,56.700899
2013-01-29,62.470001,62.860001,62.349998,62.849998,623700,56.235624
2013-01-28,62.939999,62.939999,62.119999,62.459999,386000,55.886669
2013-01-25,62.630001,62.790001,62.110001,62.75,385800,56.14615
2013-01-24,62.470001,62.98,62.380001,62.50,405200,55.92246
2013-01-23,62.50,62.50,62.049999,62.34,623600,55.779298
2013-01-22,61.869999,62.650002,61.810001,62.650002,497500,56.056675
2013-01-18,61.41,61.91,61.200001,61.900002,708300,55.385606
2013-01-17,61.169998,61.560001,61.060001,61.279999,417100,54.830852
2013-01-16,61.18,61.50,60.91,61.009998,391600,54.589267
2013-01-15,61.240002,61.349998,60.860001,61.330002,547400,54.875593
2013-01-14,61.369999,61.59,61.209999,61.310001,344200,54.857697
2013-01-11,61.369999,61.560001,61.220001,61.459999,349300,54.991909
2013-01-10,61.150002,61.48,60.810001,61.41,624900,54.947172
2013-01-09,60.740002,60.790001,60.330002,60.790001,677300,54.392422
2013-01-08,60.91,61.189999,60.66,60.709999,728900,54.32084
2013-01-07,61.380001,61.549999,60.860001,60.950001,409800,54.535583
2013-01-04,61.43,61.77,61.240002,61.639999,581800,55.152966
2013-01-03,61.450001,61.759998,61.189999,61.43,548100,54.965068
2013-01-02,60.830002,61.48,60.490002,61.48,662400,55.009805
2012-12-31,59.209999,60.080002,58.860001,60.049999,916400,53.730299
2012-12-28,59.889999,60.27,59.380001,59.41,965500,53.157653
2012-12-27,60.189999,60.50,59.400002,60.080002,587200,53.757144
2012-12-26,61.009998,61.150002,60.200001,60.279999,436100,53.936093
2012-12-24,61.040001,61.110001,60.580002,60.950001,191600,54.535583
2012-12-21,60.66,61.279999,60.23,61.130001,1885600,54.69664
2012-12-20,60.970001,61.27,60.759998,61.18,535500,54.741378
2012-12-19,61.41,61.41,60.830002,60.900002,394400,54.490846
2012-12-18,61.209999,61.549999,60.93,61.310001,833300,54.857697
2012-12-17,60.189999,61.220001,60.049999,61.209999,893300,54.768219
2012-12-14,60.869999,61.18,60.529999,60.549999,909600,53.62293
2012-12-13,61.389999,61.48,60.75,60.939999,658600,53.968312
2012-12-12,61.290001,62.00,61.139999,61.549999,946400,54.508527
2012-12-11,61.23,61.450001,61.049999,61.290001,711200,54.278273
2012-12-10,60.959999,61.279999,60.779999,61.150002,873700,54.15429
2012-12-07,61.16,61.459999,60.900002,61.049999,976300,54.065728
2012-12-06,61.68,61.810001,61.049999,61.200001,735200,54.198569
2012-12-05,60.529999,61.900002,60.50,61.57,908300,54.526239
2012-12-04,60.610001,60.98,60.450001,60.490002,834600,53.569796
2012-12-03,60.509998,60.75,59.84,60.580002,690800,53.6495
2012-11-30,60.450001,60.689999,59.91,60.580002,905200,53.6495
2012-11-29,59.689999,59.900002,59.349998,59.889999,524200,53.038435
2012-11-28,59.259998,59.700001,59.009998,59.580002,514700,52.763902
2012-11-27,59.27,59.73,59.130001,59.259998,512900,52.480508
2012-11-26,58.77,59.740002,58.73,59.27,591400,52.489366
2012-11-23,59.040001,59.16,58.540001,58.880001,335000,52.143983
2012-11-21,59.389999,59.400002,58.450001,59.02,761800,52.267966
2012-11-20,59.209999,59.380001,58.66,59.290001,675300,52.507078
2012-11-19,59.619999,59.73,58.849998,59.18,779600,52.409662
2012-11-16,58.689999,59.34,58.34,59.299999,851400,52.515933
2012-11-15,58.73,59.209999,58.200001,58.639999,832000,51.931438
2012-11-14,59.080002,59.200001,58.59,58.759998,946200,52.037709
2012-11-13,58.330002,59.259998,58.299999,58.950001,887200,52.205975
2012-11-12,59.150002,59.27,58.330002,58.560001,463100,51.860592
2012-11-09,59.09,59.720001,59.080002,59.189999,547600,52.418516
2012-11-08,59.450001,60.099998,59.18,59.310001,623500,52.524791
2012-11-07,60.439999,60.560001,58.900002,59.459999,891700,52.657628
2012-11-06,60.52,61.189999,60.48,60.759998,686900,53.808904
2012-11-05,61.130001,61.139999,60.380001,60.389999,754600,53.481234
2012-11-02,61.830002,62.09,61.220001,61.279999,459800,54.269415
2012-11-01,62.200001,62.32,61.529999,61.619999,656800,54.570519
2012-10-31,61.799999,62.490002,61.799999,62.099998,561500,54.995605
2012-10-26,61.610001,61.830002,61.18,61.66,670600,54.605943
2012-10-25,61.220001,61.619999,60.790001,61.599998,619300,54.552806
2012-10-24,61.130001,61.66,60.91,61.02,749100,54.039162
2012-10-23,61.16,61.34,60.43,60.740002,788000,53.791195
2012-10-22,61.419998,61.639999,61.110001,61.549999,580900,54.508527
2012-10-19,61.610001,61.970001,61.169998,61.41,564700,54.384544
2012-10-18,61.560001,61.919998,61.509998,61.689999,575200,54.63251
2012-10-17,61.060001,61.689999,61.060001,61.59,542000,54.543952
2012-10-16,60.91,61.259998,60.669998,60.939999,450800,53.968312
2012-10-15,60.50,60.810001,60.130001,60.779999,531000,53.826617
2012-10-12,60.939999,60.939999,60.25,60.380001,447700,53.47238
2012-10-11,60.91,61.029999,60.529999,60.759998,754000,53.808904
2012-10-10,60.82,61.009998,60.400002,60.59,632900,53.658354
2012-10-09,60.560001,60.880001,60.470001,60.720001,232600,53.773483
2012-10-08,60.639999,60.889999,60.400002,60.68,233900,53.738058
2012-10-05,60.75,61.080002,60.57,60.669998,473100,53.7292
2012-10-04,60.43,60.959999,60.32,60.580002,355300,53.6495
2012-10-03,59.919998,60.25,59.810001,60.23,700800,53.339539
2012-10-02,59.639999,59.98,59.509998,59.799999,487800,52.958731
2012-10-01,59.93,60.16,59.470001,59.509998,527000,52.701907
2012-09-28,59.689999,60.09,59.330002,59.939999,1038800,53.082715
2012-09-27,60.110001,60.110001,59.419998,59.759998,966500,52.923307
2012-09-26,59.849998,60.900002,59.799999,60.00,769800,53.135852
2012-09-25,59.610001,60.09,59.34,59.709999,796000,52.879028
2012-09-24,58.790001,59.599998,58.709999,59.549999,515600,52.737332
2012-09-21,58.919998,58.919998,58.529999,58.810001,1078300,52.081992
2012-09-20,58.439999,58.91,58.349998,58.779999,588600,52.055422
2012-09-19,58.459999,58.720001,58.369999,58.560001,644900,51.860592
2012-09-18,58.52,58.59,58.060001,58.459999,938000,51.772031
2012-09-17,58.779999,59.02,58.310001,58.52,721900,51.825168
2012-09-14,59.169998,59.52,58.610001,58.810001,767300,52.081992
2012-09-13,58.68,59.290001,58.57,59.27,759300,52.489366
2012-09-12,59.669998,59.669998,59.119999,59.240002,1004900,51.913728
2012-09-11,59.610001,59.849998,59.450001,59.610001,742900,52.237969
2012-09-10,59.68,59.68,59.439999,59.48,355700,52.124045
2012-09-07,59.689999,59.799999,59.360001,59.490002,440900,52.13281
2012-09-06,59.41,59.75,59.290001,59.689999,431200,52.308074
2012-09-05,59.369999,59.57,59.02,59.099998,676900,51.791039
2012-09-04,58.599998,59.450001,58.419998,59.419998,2314000,52.071464
2012-08-31,58.740002,58.77,58.220001,58.400002,1930400,51.177612
2012-08-30,58.720001,58.790001,58.419998,58.580002,396600,51.335351
2012-08-29,58.900002,59.060001,58.68,58.860001,417900,51.580722
2012-08-28,59.029999,59.080002,58.68,58.970001,424800,51.677119
2012-08-27,58.740002,59.09,58.669998,58.98,473400,51.685881
2012-08-24,58.450001,58.830002,58.349998,58.740002,1015900,51.475564
2012-08-23,59.419998,59.450001,58.459999,58.529999,763400,51.291532
2012-08-22,59.759998,60.009998,59.459999,59.490002,443900,52.13281
2012-08-21,60.599998,60.610001,59.849998,59.860001,646100,52.457051
2012-08-20,60.470001,60.540001,60.150002,60.450001,555100,52.974085
2012-08-17,60.389999,60.560001,60.220001,60.529999,837900,53.04419
2012-08-16,60.34,60.43,60.00,60.389999,767500,52.921504
2012-08-15,60.00,60.310001,59.75,60.240002,694000,52.790057
2012-08-14,60.330002,60.599998,59.880001,60.009998,708300,52.588499
2012-08-13,60.369999,60.439999,60.09,60.209999,592500,52.763765
2012-08-10,60.200001,60.59,60.029999,60.509998,598600,53.026663
2012-08-09,60.68,60.689999,60.060001,60.220001,512900,52.77253
2012-08-08,60.790001,60.880001,60.369999,60.700001,525700,53.193168
2012-08-07,61.720001,61.75,60.779999,60.799999,726700,53.280799
2012-08-06,61.849998,62.189999,61.349998,61.450001,594100,53.850414
2012-08-03,61.709999,61.790001,61.119999,61.650002,796000,54.025681
2012-08-02,60.790001,61.389999,60.419998,60.939999,791300,53.403485
2012-08-01,61.43,62.560001,61.150002,61.200001,894600,53.631332
2012-07-31,61.689999,61.959999,61.32,61.369999,1077500,53.780306
2012-07-30,61.150002,62.220001,61.150002,61.66,842900,54.034443
2012-07-27,61.349998,62.080002,60.880001,61.150002,1170600,53.587516
2012-07-26,60.060001,60.549999,59.82,60.119999,996500,52.684895
2012-07-25,59.540001,59.860001,59.07,59.330002,592300,51.992598
2012-07-24,60.00,60.150002,59.099998,59.369999,1097300,52.027649
2012-07-23,60.049999,60.73,60.040001,60.169998,701600,52.728711
2012-07-20,60.509998,61.25,60.439999,61.029999,703500,53.482354
2012-07-19,60.869999,60.98,60.130001,60.68,778700,53.175641
2012-07-18,60.57,60.869999,60.52,60.860001,445000,53.33338
2012-07-17,60.389999,60.779999,60.16,60.599998,763400,53.105533
2012-07-16,59.990002,60.549999,59.84,60.240002,856400,52.790057
2012-07-13,59.389999,60.189999,59.259998,59.990002,719700,52.570975
2012-07-12,59.029999,59.419998,58.830002,59.23,480500,51.904963
2012-07-11,59.029999,59.27,58.759998,59.09,713600,51.782278
2012-07-10,59.00,59.27,58.869999,58.990002,490300,51.694646
2012-07-09,59.18,59.310001,58.599998,58.970001,667600,51.677119
2012-07-06,58.889999,59.349998,58.779999,59.240002,542000,51.913728
2012-07-05,59.34,59.75,59.189999,59.189999,716300,51.869909
2012-07-03,59.360001,59.580002,59.259998,59.549999,373600,52.185388
2012-07-02,58.779999,59.970001,58.779999,59.380001,1340100,52.036414
2012-06-29,59.790001,59.849998,58.950001,59.330002,881200,51.992598
2012-06-28,58.299999,59.049999,58.200001,59.02,652100,51.720935
2012-06-27,58.400002,58.849998,58.310001,58.650002,628500,51.396694
2012-06-26,58.290001,58.459999,57.919998,58.169998,625200,50.976053
2012-06-25,58.07,58.279999,57.830002,58.150002,543300,50.958529
2012-06-22,58.580002,58.759998,58.369999,58.419998,862800,51.195135
2012-06-21,59.34,59.689999,58.419998,58.48,832000,51.247716
2012-06-20,59.610001,59.610001,58.889999,59.080002,799500,51.773516
2012-06-19,59.889999,60.139999,59.389999,59.459999,771600,52.106518
2012-06-18,59.57,60.02,59.310001,59.939999,876300,52.527156
2012-06-15,59.84,60.25,59.68,60.09,1534500,52.143326
2012-06-14,58.790001,59.549999,58.68,59.470001,1090900,51.60532
2012-06-13,58.490002,58.990002,58.310001,58.77,1026400,50.997891
2012-06-12,58.419998,58.650002,58.029999,58.639999,870000,50.885083
2012-06-11,58.27,58.700001,58.09,58.139999,2441900,50.451206
2012-06-08,57.380001,58.060001,57.380001,57.990002,2481900,50.321045
2012-06-07,58.00,58.029999,57.540001,57.59,2446000,49.973942
2012-06-06,57.369999,57.759998,57.080002,57.759998,670700,50.121458
2012-06-05,56.610001,57.50,56.439999,57.150002,696200,49.592131
2012-06-04,56.349998,56.82,56.18,56.799999,859600,49.288415
2012-06-01,56.290001,56.75,56.200001,56.360001,600900,48.906605
2012-05-31,56.23,57.380001,56.169998,56.830002,1344600,49.31445
2012-05-30,56.610001,56.919998,56.16,56.25,527200,48.811151
2012-05-29,56.849998,56.849998,56.389999,56.84,387500,49.323126
2012-05-25,56.450001,56.799999,56.419998,56.560001,533400,49.080156
2012-05-24,55.939999,56.459999,55.869999,56.450001,737100,48.984703
2012-05-23,55.970001,56.330002,55.560001,55.900002,881000,48.507439
2012-05-22,55.869999,56.34,55.700001,56.150002,773400,48.724377
2012-05-21,55.130001,55.759998,55.00,55.73,786100,48.359919
2012-05-18,55.23,55.540001,54.950001,55.060001,921700,47.778526
2012-05-17,56.00,56.00,55.040001,55.07,961200,47.787202
2012-05-16,55.889999,56.049999,55.630001,55.889999,548600,48.49876
2012-05-15,56.50,56.560001,55.580002,55.84,1170400,48.455373
2012-05-14,55.849998,56.43,55.82,56.279999,831500,48.837183
2012-05-11,56.200001,56.639999,56.049999,56.34,447000,48.889249
2012-05-10,55.880001,56.48,55.790001,56.34,807900,48.889249
2012-05-09,55.23,55.75,55.189999,55.580002,1158000,48.229758
2012-05-08,55.23,55.889999,55.169998,55.689999,925000,48.325208
2012-05-07,55.709999,55.860001,55.380001,55.48,862200,48.142981
2012-05-04,55.91,56.439999,55.689999,55.759998,1007500,48.385951
2012-05-03,56.150002,56.73,56.049999,56.150002,665000,48.724377
2012-05-02,56.66,56.66,56.139999,56.310001,740000,48.863218
2012-05-01,56.490002,57.00,56.09,56.799999,877200,49.288415
2012-04-30,56.400002,56.779999,56.220001,56.380001,1057300,48.92396
2012-04-27,56.50,56.650002,55.84,56.400002,833100,48.941316
2012-04-26,56.200001,56.599998,55.860001,56.529999,899400,49.054121
2012-04-25,56.240002,56.43,55.849998,56.240002,839200,48.802475
2012-04-24,55.389999,56.02,55.349998,55.98,860100,48.576858
2012-04-23,55.130001,55.32,54.900002,55.27,891100,47.960753
2012-04-20,54.900002,55.650002,54.740002,55.459999,1253800,48.125625
2012-04-19,55.139999,55.139999,54.529999,54.720001,1004200,47.483489
2012-04-18,55.09,55.34,54.91,55.130001,864100,47.839268
2012-04-17,55.32,55.43,54.720001,55.360001,704200,48.038851
2012-04-16,54.490002,55.150002,54.380001,55.009998,961500,47.735135
2012-04-13,54.369999,54.84,54.25,54.25,1493300,47.075644
2012-04-12,54.099998,54.580002,53.700001,54.52,755500,47.309938
2012-04-11,54.240002,54.240002,53.880001,54.119999,1055500,46.962835
2012-04-10,54.310001,54.34,53.720001,53.830002,1291600,46.711189
2012-04-09,54.32,54.68,54.259998,54.48,982500,47.275227
2012-04-05,55.00,55.029999,54.610001,54.779999,627600,47.535552
2012-04-04,54.849998,55.32,54.799999,55.189999,894400,47.891331
2012-04-03,55.290001,55.43,54.810001,55.220001,1400500,47.917366
2012-04-02,55.049999,55.599998,54.919998,55.200001,1305200,47.900011
2012-03-30,55.099998,55.349998,54.84,55.029999,1223100,47.752491
2012-03-29,54.619999,54.950001,54.32,54.860001,1443000,47.604974
2012-03-28,55.360001,55.549999,54.57,54.82,908600,47.570263
2012-03-27,55.43,55.619999,55.200001,55.34,1220700,48.021496
2012-03-26,55.259998,55.529999,55.16,55.439999,2093300,48.10827
2012-03-23,54.290001,54.720001,54.25,54.66,1392500,47.431423
2012-03-22,54.060001,54.25,53.869999,54.18,1274200,47.014901
2012-03-21,54.580002,54.73,54.23,54.23,806100,47.058288
2012-03-20,54.50,54.810001,54.41,54.580002,685500,47.362004
2012-03-19,55.049999,55.189999,54.580002,54.669998,994400,47.440099
2012-03-16,54.709999,55.110001,54.43,55.040001,1653300,47.76117
2012-03-15,54.919998,54.919998,54.189999,54.720001,1019600,47.483489
2012-03-14,56.470001,56.52,55.189999,55.259998,1760800,47.441832
2012-03-13,56.00,56.490002,55.880001,56.459999,1274300,48.472057
2012-03-12,55.41,55.990002,55.41,55.880001,2461900,47.974117
2012-03-09,55.029999,55.439999,54.830002,55.380001,2568200,47.544857
2012-03-08,54.50,55.049999,54.369999,55.029999,2953900,47.244373
2012-03-07,53.860001,54.32,53.59,54.290001,936700,46.609069
2012-03-06,54.099998,54.18,53.75,53.869999,885800,46.248489
2012-03-05,54.200001,54.470001,53.73,54.360001,583800,46.669166
2012-03-02,54.360001,54.509998,54.09,54.349998,668800,46.660579
2012-03-01,54.099998,54.580002,53.919998,54.41,914200,46.712091
2012-02-29,54.330002,54.439999,53.669998,53.990002,981700,46.351514
2012-02-28,54.549999,54.68,54.139999,54.389999,821200,46.69492
2012-02-27,54.639999,54.720001,54.220001,54.32,1690400,46.634824
2012-02-24,54.830002,55.060001,54.68,54.849998,670500,47.089839
2012-02-23,54.450001,54.950001,54.240002,54.810001,1008900,47.0555
2012-02-22,54.48,54.610001,54.110001,54.380001,1092300,46.686336
2012-02-21,54.360001,54.59,54.150002,54.34,847900,46.651995
2012-02-17,54.18,54.599998,54.110001,54.299999,1099700,46.617653
2012-02-16,53.490002,54.279999,53.490002,54.00,1374800,46.360098
2012-02-15,53.41,53.549999,52.759998,53.209999,1296500,45.681866
2012-02-14,53.709999,53.82,53.049999,53.389999,1033100,45.8364
2012-02-13,54.150002,54.27,53.599998,53.720001,806000,46.119713
2012-02-10,54.049999,54.240002,53.810001,53.950001,603900,46.317172
2012-02-09,54.50,54.529999,53.990002,54.259998,537600,46.583312
2012-02-08,54.369999,54.560001,54.110001,54.52,649500,46.806529
2012-02-07,53.16,54.470001,53.060001,54.380001,1285500,46.686336
2012-02-06,53.419998,53.560001,53.040001,53.169998,582800,45.647524
2012-02-03,53.919998,54.139999,53.48,53.709999,655300,46.111126
2012-02-02,53.509998,53.720001,53.290001,53.549999,433000,45.973763
2012-02-01,53.41,53.610001,53.25,53.450001,714900,45.887912
2012-01-31,53.43,53.580002,53.040001,53.209999,827000,45.681866
2012-01-30,53.34,53.470001,52.970001,53.16,754500,45.638941
2012-01-27,54.25,54.25,53.34,53.599998,960000,46.016688
2012-01-26,54.099998,54.490002,53.880001,54.34,869600,46.651995
2012-01-25,52.82,54.099998,52.459999,54.060001,922300,46.41161
2012-01-24,53.080002,53.279999,52.77,52.959999,553300,45.467236
2012-01-23,53.610001,53.849998,53.07,53.27,875000,45.733378
2012-01-20,53.07,53.630001,53.00,53.630001,765500,46.042446
2012-01-19,53.490002,53.549999,52.790001,52.990002,756300,45.492994
2012-01-18,53.610001,53.610001,53.130001,53.529999,659100,45.956592
2012-01-17,53.889999,54.080002,53.389999,53.57,744300,45.990934
2012-01-13,53.360001,53.560001,52.98,53.48,696700,45.913667
2012-01-12,53.610001,53.849998,53.459999,53.580002,563900,45.999521
2012-01-11,53.689999,53.849998,53.450001,53.580002,628400,45.999521
2012-01-10,54.009998,54.099998,53.599998,53.759998,866500,46.154051
2012-01-09,53.68,53.73,53.279999,53.52,545500,45.948008
2012-01-06,54.00,54.02,53.400002,53.52,689700,45.948008
2012-01-05,53.57,54.169998,53.259998,53.990002,940800,46.351514
2012-01-04,53.880001,54.119999,53.50,53.599998,813800,46.016688
2012-01-03,54.939999,55.040001,53.720001,53.869999,1080500,46.248489
2011-12-30,55.220001,55.279999,54.450001,54.450001,901500,46.746433
2011-12-29,54.810001,55.099998,54.709999,55.02,629400,47.235789
2011-12-28,55.150002,55.209999,54.549999,54.639999,567700,46.90955
2011-12-27,54.700001,55.150002,54.48,55.049999,438800,47.261543
2011-12-23,54.450001,54.990002,54.389999,54.700001,546600,46.961063
2011-12-22,54.310001,54.369999,53.970001,54.209999,778300,46.540386
2011-12-21,53.66,54.380001,53.66,54.25,956100,46.574728
2011-12-20,52.610001,53.68,52.59,53.59,1218200,46.008105
2011-12-19,52.049999,52.349998,51.869999,52.23,1706800,44.840516
2011-12-16,51.669998,52.02,51.310001,51.439999,1428600,44.162285
2011-12-15,51.66,51.77,51.330002,51.509998,1375000,44.222381
2011-12-14,52.009998,52.27,51.509998,51.720001,1338600,43.897863
2011-12-13,52.150002,52.599998,51.799999,51.990002,1031000,44.127028
2011-12-12,52.00,52.200001,51.419998,51.93,3630200,44.076101
2011-12-09,51.639999,52.32,51.639999,52.18,1037800,44.288291
2011-12-08,52.200001,52.200001,51.349998,51.459999,1124700,43.677183
2011-12-07,52.439999,52.549999,51.93,52.290001,1058200,44.381655
2011-12-06,52.450001,52.970001,52.32,52.599998,1104500,44.644769
2011-12-05,52.220001,52.560001,51.860001,52.310001,1058300,44.398631
2011-12-02,52.860001,52.950001,51.599998,51.689999,1154200,43.872398
2011-12-01,52.639999,53.00,52.330002,52.630001,693500,44.670234
2011-11-30,52.099998,52.68,51.93,52.650002,1123500,44.687209
2011-11-29,50.48,51.16,50.380001,50.939999,572700,43.235828
2011-11-28,50.299999,50.73,50.00,50.259998,773400,42.658671
2011-11-25,49.290001,49.869999,49.279999,49.43,402500,41.954202
2011-11-23,49.740002,49.740002,49.060001,49.330002,977800,41.869327
2011-11-22,50.529999,50.59,49.860001,50.040001,942600,42.471946
2011-11-21,50.700001,50.869999,50.16,50.66,1213500,42.998176
2011-11-18,51.049999,51.380001,50.790001,51.209999,708600,43.464993
2011-11-17,51.279999,51.52,50.439999,50.919998,953000,43.218852
2011-11-16,51.849998,52.040001,51.279999,51.299999,1109000,43.541382
2011-11-15,51.689999,52.369999,51.48,52.23,940700,44.330729
2011-11-14,52.150002,52.150002,51.529999,51.650002,868100,43.83845
2011-11-11,51.650002,52.259998,51.630001,52.259998,824100,44.35619
2011-11-10,51.299999,51.490002,50.75,51.18,1043200,43.439531
2011-11-09,51.540001,51.549999,50.790001,50.889999,1639400,43.19339
2011-11-08,52.240002,52.349998,51.709999,52.290001,1220100,44.381655
2011-11-07,51.93,52.130001,51.470001,51.990002,977900,44.127028
2011-11-04,52.139999,52.650002,51.549999,52.119999,1349400,44.237365
2011-11-03,52.07,52.549999,51.689999,52.189999,2052200,44.296777
2011-11-02,51.509998,52.389999,51.509998,51.889999,1368800,44.04215
2011-11-01,50.970001,51.669998,50.59,50.700001,1221500,43.032127
2011-10-31,51.990002,52.82,51.779999,52.110001,1476900,44.228878
2011-10-28,52.23,52.400002,51.669998,52.299999,1073200,44.390142
2011-10-27,52.610001,52.619999,51.720001,52.169998,1138900,44.279802
2011-10-26,51.32,51.470001,50.689999,51.00,1040200,43.286754
2011-10-25,51.779999,51.790001,51.040001,51.130001,814700,43.397094
2011-10-24,51.950001,52.169998,51.509998,51.970001,959600,44.110052
2011-10-21,51.84,52.00,51.419998,51.889999,1079800,44.04215
2011-10-20,51.049999,51.529999,50.959999,51.32,1463400,43.558357
2011-10-19,50.889999,51.610001,50.740002,50.919998,848200,43.218852
2011-10-18,50.610001,51.150002,49.98,50.830002,1097200,43.142467
2011-10-17,50.529999,50.880001,50.439999,50.490002,1203100,42.853888
2011-10-14,50.82,50.849998,50.349998,50.580002,930500,42.930277
2011-10-13,49.939999,50.369999,49.549999,50.32,1146000,42.709597
2011-10-12,50.75,50.759998,50.02,50.07,1026900,42.497407
2011-10-11,50.650002,50.82,50.18,50.540001,944500,42.896326
2011-10-10,50.560001,51.02,50.32,51.02,794900,43.30373
2011-10-07,50.099998,50.34,49.630001,49.91,1408400,42.361606
2011-10-06,48.799999,49.880001,48.630001,49.84,1040500,42.302193
2011-10-05,48.709999,48.950001,47.990002,48.900002,1369400,41.50436
2011-10-04,47.700001,48.759998,47.029999,48.709999,3000000,41.343093
2011-10-03,49.02,49.610001,48.060001,48.060001,1377400,40.791401
2011-09-30,49.09,49.77,49.009998,49.02,1190100,41.60621
2011-09-29,49.209999,49.639999,48.810001,49.450001,989700,41.971177
2011-09-28,49.34,49.700001,48.470001,48.560001,1199000,41.215781
2011-09-27,49.43,49.959999,49.16,49.369999,1221600,41.903275
2011-09-26,48.959999,49.18,48.389999,49.119999,1992100,41.691085
2011-09-23,48.060001,48.720001,48.060001,48.470001,1476800,41.139393
2011-09-22,48.240002,48.860001,47.82,48.130001,1753300,40.850814
2011-09-21,50.91,50.91,49.50,49.50,1390500,42.013615
2011-09-20,50.599998,52.00,50.52,50.990002,1437100,43.278268
2011-09-19,49.810001,50.52,49.810001,50.34,1103800,42.726573
2011-09-16,50.169998,50.880001,50.169998,50.560001,1455400,42.913301
2011-09-15,49.360001,50.09,48.939999,50.09,2211700,42.514383
2011-09-14,49.689999,50.119999,49.150002,49.619999,1423500,41.616396
2011-09-13,49.349998,49.59,48.84,49.540001,1370900,41.549302
2011-09-12,48.169998,49.200001,48.060001,49.189999,4217200,41.255754
2011-09-09,49.029999,49.110001,48.16,48.470001,1867300,40.651891
2011-09-08,49.400002,50.040001,49.279999,49.400002,1784800,41.431884
2011-09-07,49.290001,49.560001,49.029999,49.509998,971600,41.524139
2011-09-06,48.580002,48.939999,48.049999,48.869999,1183900,40.98737
2011-09-02,49.619999,49.98,49.290001,49.639999,1005000,41.633171
2011-09-01,50.720001,50.810001,49.919998,49.98,1078600,41.91833
2011-08-31,50.290001,50.790001,50.169998,50.560001,1018600,42.404778
2011-08-30,50.130001,50.43,49.889999,50.16,1556000,42.069296
2011-08-29,49.91,50.279999,49.68,50.259998,697500,42.153165
2011-08-26,49.060001,49.650002,48.080002,49.369999,1185200,41.406721
2011-08-25,50.040001,50.049999,48.900002,49.360001,1581300,41.398335
2011-08-24,49.00,50.00,48.790001,49.93,1474500,41.876395
2011-08-23,47.43,48.939999,47.169998,48.939999,2221000,41.046079
2011-08-22,48.099998,48.23,47.139999,47.259998,1512200,39.637059
2011-08-19,47.380001,47.959999,47.18,47.509998,1547800,39.846735
2011-08-18,47.66,48.040001,47.240002,47.759998,1908300,40.05641
2011-08-17,48.43,49.07,48.299999,48.439999,1083800,40.626728
2011-08-16,47.959999,48.360001,47.639999,48.23,1285900,40.450601
2011-08-15,47.23,48.43,47.189999,48.360001,1381600,40.559633
2011-08-12,47.59,47.849998,46.700001,46.950001,1544500,39.377063
2011-08-11,45.310001,47.900002,45.150002,47.389999,2007000,39.746091
2011-08-10,45.07,46.32,44.860001,45.169998,2504500,37.884172
2011-08-09,44.32,45.880001,43.220001,45.84,4094800,38.446104
2011-08-08,46.209999,46.799999,43.849998,44.029999,2256100,36.928052
2011-08-05,47.52,47.740002,46.200001,47.130001,2443200,39.52803
2011-08-04,48.029999,48.380001,47.09,47.09,1753400,39.494481
2011-08-03,48.389999,48.529999,47.77,48.48,1278500,40.660277
2011-08-02,49.119999,49.200001,48.400002,48.400002,1128200,40.593182
2011-08-01,50.299999,50.389999,49.080002,49.330002,1250000,41.373175
2011-07-29,50.52,50.66,49.73,49.84,1176300,41.800912
2011-07-28,51.259998,51.639999,50.41,50.880001,1125300,42.673163
2011-07-27,51.009998,51.080002,50.580002,50.709999,751300,42.530582
2011-07-26,51.349998,51.349998,50.919998,51.080002,544600,42.840904
2011-07-25,50.82,51.439999,50.75,51.279999,581100,43.008642
2011-07-22,51.380001,51.630001,51.139999,51.23,642700,42.966707
2011-07-21,50.759998,51.830002,50.580002,51.68,1170400,43.344124
2011-07-20,50.080002,50.599998,49.939999,50.52,746800,42.37123
2011-07-19,49.860001,50.099998,49.439999,50.049999,803700,41.977039
2011-07-18,50.310001,50.310001,49.470001,49.790001,908100,41.758977
2011-07-15,50.169998,50.369999,49.73,50.330002,1304900,42.211877
2011-07-14,49.889999,50.169998,49.73,49.860001,1172400,41.817686
2011-07-13,50.259998,50.349998,49.700001,49.779999,749400,41.750589
2011-07-12,49.689999,50.360001,49.639999,50.009998,750900,41.94349
2011-07-11,49.880001,49.970001,49.599998,49.709999,600700,41.69188
2011-07-08,50.200001,50.470001,50.09,50.369999,564400,42.245423
2011-07-07,50.880001,50.880001,50.48,50.639999,559700,42.471873
2011-07-06,50.360001,50.700001,50.23,50.50,630900,42.354455
2011-07-05,50.799999,50.98,50.509998,50.610001,752200,42.446713
2011-07-01,50.130001,50.849998,50.07,50.799999,735300,42.606065
2011-06-30,50.029999,50.110001,49.73,50.02,554400,41.951879
2011-06-29,49.91,50.060001,49.720001,49.990002,740000,41.926719
2011-06-28,49.52,50.040001,49.450001,49.73,748400,41.708654
2011-06-27,49.029999,49.560001,49.029999,49.48,687900,41.498979
2011-06-24,48.830002,49.349998,48.77,49.040001,1183700,41.129951
2011-06-23,48.790001,48.869999,48.330002,48.689999,965900,40.836403
2011-06-22,49.439999,49.560001,49.150002,49.220001,781900,41.280918
2011-06-21,49.41,49.98,49.200001,49.689999,1077700,41.675105
2011-06-20,49.060001,49.330002,48.68,49.25,851000,41.306078
2011-06-17,49.279999,49.48,49.080002,49.240002,1228100,41.297692
2011-06-16,48.939999,49.080002,48.650002,49.02,1276800,41.113176
2011-06-15,49.560001,49.950001,49.25,49.419998,1093100,40.955496
2011-06-14,49.950001,50.150002,49.68,49.799999,1075800,41.270411
2011-06-13,49.380001,49.900002,49.200001,49.669998,742000,41.162676
2011-06-10,49.459999,49.639999,49.310001,49.34,904600,40.889199
2011-06-09,49.720001,49.84,49.34,49.57,982900,41.079805
2011-06-08,49.830002,50.09,49.41,49.779999,1088600,41.253837
2011-06-07,50.080002,50.41,49.950001,49.959999,683700,41.403007
2011-06-06,50.240002,50.240002,49.790001,50.00,509900,41.436157
2011-06-03,50.00,50.540001,49.900002,50.259998,536600,41.651623
2011-06-02,50.869999,50.880001,50.200001,50.709999,854200,42.024549
2011-06-01,51.419998,51.580002,50.849998,50.849998,756300,42.14057
2011-05-31,51.580002,51.68,51.16,51.619999,1371700,42.778687
2011-05-27,51.259998,51.389999,50.919998,51.119999,527700,42.364326
2011-05-26,50.98,51.110001,50.610001,51.040001,840600,42.298029
2011-05-25,51.290001,51.349998,50.799999,51.119999,1036400,42.364326
2011-05-24,51.459999,51.82,51.360001,51.509998,837200,42.687527
2011-05-23,51.470001,51.889999,51.41,51.470001,955800,42.654381
2011-05-20,51.799999,52.16,51.560001,51.900002,883400,43.010732
2011-05-19,51.790001,51.959999,51.619999,51.91,791100,43.019018
2011-05-18,52.139999,52.139999,51.439999,51.68,1081400,42.828412
2011-05-17,52.029999,52.43,51.700001,52.119999,955100,43.193049
2011-05-16,52.290001,52.779999,51.970001,52.049999,846500,43.135038
2011-05-13,52.450001,52.720001,52.130001,52.540001,950300,43.541114
2011-05-12,51.849998,52.529999,51.799999,52.450001,729000,43.466529
2011-05-11,51.900002,52.200001,51.669998,51.939999,1685000,43.043878
2011-05-10,51.360001,52.16,51.290001,51.990002,1121400,43.085317
2011-05-09,51.060001,51.290001,50.720001,51.189999,1038200,42.422336
2011-05-06,51.669998,51.68,50.91,51.16,753600,42.397475
2011-05-05,51.290001,51.299999,50.619999,50.84,969000,42.132284
2011-05-04,51.169998,51.52,50.959999,51.470001,1389800,42.654381
2011-05-03,51.00,51.66,50.810001,51.459999,2431600,42.646092
2011-05-02,50.619999,51.169998,50.619999,51.09,1431000,42.339465
2011-04-29,49.91,50.580002,49.799999,50.529999,1235800,41.875379
2011-04-28,49.509998,50.00,49.490002,49.959999,1156600,41.403007
2011-04-27,49.00,49.75,48.860001,49.619999,1083900,41.121241
2011-04-26,49.450001,49.610001,48.23,48.869999,2392100,40.499699
2011-04-25,49.529999,49.529999,49.049999,49.41,807300,40.94721
2011-04-21,49.459999,49.549999,49.189999,49.470001,525600,40.996934
2011-04-20,49.139999,49.560001,49.07,49.400002,702900,40.938924
2011-04-19,48.889999,49.00,48.669998,48.700001,585100,40.358817
2011-04-18,48.939999,49.330002,48.630001,48.799999,843800,40.441688
2011-04-15,48.580002,49.48,48.529999,49.34,1095600,40.889199
2011-04-14,48.23,48.48,48.060001,48.369999,924200,40.085337
2011-04-13,48.459999,48.790001,48.389999,48.48,1015900,40.176497
2011-04-12,48.619999,48.790001,48.169998,48.349998,736700,40.068762
2011-04-11,49.299999,49.419998,48.549999,48.73,857300,40.383678
2011-04-08,49.639999,49.720001,48.799999,49.209999,753700,40.781465
2011-04-07,49.619999,49.740002,49.360001,49.50,906300,41.021795
2011-04-06,49.59,49.950001,49.549999,49.639999,841200,41.137816
2011-04-05,49.240002,49.68,49.240002,49.490002,1078100,41.013509
2011-04-04,49.419998,49.470001,49.220001,49.369999,662500,40.91406
2011-04-01,49.110001,49.419998,49.110001,49.360001,903000,40.905774
2011-03-31,48.990002,49.279999,48.619999,48.959999,1227000,40.574284
2011-03-30,48.240002,49.110001,48.240002,48.990002,1482200,40.599148
2011-03-29,47.57,48.150002,47.490002,48.099998,1031100,39.861581
2011-03-28,47.900002,48.290001,47.509998,47.509998,809000,39.372635
2011-03-25,47.700001,48.029999,47.52,47.779999,629500,39.59639
2011-03-24,47.75,47.889999,47.310001,47.689999,716300,39.521805
2011-03-23,47.490002,47.700001,47.18,47.470001,963900,39.339488
2011-03-22,47.689999,47.830002,47.400002,47.52,973800,39.380924
2011-03-21,47.439999,47.720001,47.259998,47.700001,1062400,39.530094
2011-03-18,47.639999,47.709999,46.849998,47.029999,1651200,38.974848
2011-03-17,47.57,47.75,47.009998,47.25,1537800,39.157168
2011-03-16,48.189999,48.279999,47.540001,47.669998,2833300,39.041146
2011-03-15,47.650002,48.299999,47.610001,48.18,3502700,39.458832
2011-03-14,48.599998,48.700001,48.02,48.470001,1595900,39.696339
2011-03-11,48.720001,49.060001,48.490002,48.990002,1150500,40.122213
2011-03-10,48.880001,49.360001,48.509998,48.52,1726600,39.737288
2011-03-09,48.529999,49.25,48.50,49.169998,1795600,40.269628
2011-03-08,48.25,48.779999,48.139999,48.700001,2058200,39.884706
2011-03-07,47.779999,48.299999,47.779999,48.09,3632200,39.385123
2011-03-04,47.50,47.720001,47.16,47.720001,3456100,39.082098
2011-03-03,47.189999,47.720001,46.970001,47.580002,2959200,38.96744
2011-03-02,46.68,46.98,46.43,46.950001,963200,38.451477
2011-03-01,47.240002,47.509998,46.57,46.650002,951900,38.205782
2011-02-28,47.040001,47.549999,46.860001,47.080002,953700,38.557947
2011-02-25,46.73,47.009998,46.52,46.98,787300,38.476046
2011-02-24,46.639999,46.860001,46.490002,46.619999,1157800,38.18121
2011-02-23,46.470001,46.799999,46.459999,46.560001,1035300,38.132072
2011-02-22,46.68,47.110001,46.400002,46.450001,1291800,38.041983
2011-02-18,46.900002,47.34,46.849998,47.130001,906300,38.598895
2011-02-17,46.599998,47.00,46.599998,46.849998,610500,38.369577
2011-02-16,46.790001,46.990002,46.549999,46.700001,659500,38.24673
2011-02-15,46.450001,46.91,46.439999,46.740002,553200,38.279491
2011-02-14,46.849998,46.93,46.400002,46.639999,614200,38.19759
2011-02-11,46.77,47.02,46.580002,46.939999,801500,38.443286
2011-02-10,46.810001,47.220001,46.68,46.889999,769300,38.402337
2011-02-09,46.380001,47.349998,46.290001,46.98,1291800,38.476046
2011-02-08,46.400002,46.669998,46.32,46.450001,1187700,38.041983
2011-02-07,46.349998,46.610001,46.209999,46.330002,723100,37.943706
2011-02-04,46.32,46.450001,46.060001,46.299999,720200,37.919134
2011-02-03,46.119999,46.450001,46.02,46.360001,568200,37.968274
2011-02-02,46.419998,46.470001,46.139999,46.23,847600,37.861805
2011-02-01,46.57,46.650002,46.34,46.630001,600000,38.189401
2011-01-31,46.25,46.57,46.23,46.259998,864600,37.886374
2011-01-28,47.009998,47.119999,46.150002,46.220001,753800,37.853617
2011-01-27,46.59,47.139999,46.490002,47.009998,739600,38.500614
2011-01-26,46.93,47.16,46.490002,46.529999,719700,38.107501
2011-01-25,46.849998,46.970001,46.580002,46.889999,693200,38.402337
2011-01-24,46.599998,46.91,46.509998,46.900002,687800,38.410528
2011-01-21,46.970001,47.00,46.509998,46.52,2000900,38.099312
2011-01-20,46.57,47.00,46.529999,46.75,820400,38.287679
2011-01-19,46.93,46.939999,46.459999,46.560001,683000,38.132072
2011-01-18,47.040001,47.040001,46.610001,46.91,1019500,38.418717
2011-01-14,46.700001,46.950001,46.580002,46.849998,958100,38.369577
2011-01-13,46.599998,46.880001,46.52,46.720001,1069300,38.26311
2011-01-12,46.740002,46.830002,46.490002,46.66,636100,38.21397
2011-01-11,46.220001,46.689999,46.16,46.439999,1441900,38.033792
2011-01-10,46.130001,46.259998,45.82,46.139999,1470500,37.788096
2011-01-07,45.75,46.349998,45.610001,46.34,1485000,37.951894
2011-01-06,45.740002,45.740002,45.169998,45.669998,1246700,37.403171
2011-01-05,45.689999,45.990002,45.59,45.84,1086600,37.5424
2011-01-04,45.700001,45.919998,45.34,45.830002,876900,37.534212
2011-01-03,45.560001,45.720001,45.32,45.57,780900,37.321273
2010-12-31,45.380001,45.52,45.18,45.32,827200,37.116526
2010-12-30,45.139999,45.540001,45.139999,45.380001,760400,37.165667
2010-12-29,45.099998,45.32,45.040001,45.220001,496000,37.034629
2010-12-28,45.23,45.23,44.950001,45.169998,532700,36.993677
2010-12-27,45.439999,45.450001,45.060001,45.09,700000,36.928159
2010-12-23,45.400002,45.610001,45.32,45.48,510200,37.247564
2010-12-22,45.130001,45.400002,44.939999,45.389999,555800,37.173855
2010-12-21,45.75,45.869999,45.439999,45.529999,796700,36.829881
2010-12-20,45.57,45.75,45.290001,45.610001,851500,36.894595
2010-12-17,45.450001,45.50,44.939999,45.369999,1776800,36.700455
2010-12-16,45.41,45.709999,45.240002,45.610001,947000,36.894595
2010-12-15,46.16,46.259998,45.360001,45.41,1356700,36.732812
2010-12-14,46.360001,46.59,46.110001,46.169998,745300,37.347586
2010-12-13,46.32,46.369999,45.759998,46.209999,1025500,37.379943
2010-12-10,45.799999,46.18,45.75,46.110001,794300,37.299053
2010-12-09,45.419998,45.799999,45.279999,45.669998,785500,36.943128
2010-12-08,45.43,45.66,45.209999,45.27,966600,36.619564
2010-12-07,45.599998,46.130001,45.360001,45.459999,1137700,36.773257
2010-12-06,45.50,45.650002,45.299999,45.299999,1728300,36.643831
2010-12-03,45.369999,45.59,45.09,45.580002,637800,36.870329
2010-12-02,45.27,45.619999,45.009998,45.529999,3036900,36.829881
2010-12-01,44.970001,45.48,44.939999,45.400002,3109800,36.724724
2010-11-30,44.459999,44.889999,44.349998,44.549999,3475100,36.037145
2010-11-29,44.779999,44.810001,44.27,44.810001,1143000,36.247464
2010-11-26,45.16,45.419998,44.82,45.099998,705800,36.482047
2010-11-24,45.439999,45.48,45.139999,45.380001,657100,36.708545
2010-11-23,45.59,45.619999,45.040001,45.139999,1194300,36.514405
2010-11-22,45.509998,45.91,45.389999,45.880001,902400,37.113003
2010-11-19,45.369999,46.00,45.259998,45.709999,1707700,36.975486
2010-11-18,45.34,45.380001,45.00,45.310001,600900,36.651922
2010-11-17,45.16,45.369999,44.900002,44.970001,631700,36.376891
2010-11-16,45.599998,45.709999,44.790001,45.110001,905400,36.490138
2010-11-15,45.77,46.099998,45.720001,45.720001,713500,36.983577
2010-11-12,45.849998,45.919998,45.509998,45.709999,668700,36.975486
2010-11-11,45.759998,46.119999,45.759998,46.07,757200,37.266695
2010-11-10,46.259998,46.279999,45.84,45.970001,883300,37.185805
2010-11-09,46.509998,46.880001,46.119999,46.290001,1007600,37.444658
2010-11-08,46.630001,46.810001,46.009998,46.48,644000,37.59835
2010-11-05,47.110001,47.220001,46.759998,46.830002,543700,37.881472
2010-11-04,46.669998,47.139999,46.59,47.099998,824600,38.099877
2010-11-03,46.259998,46.509998,45.970001,46.34,782400,37.485103
2010-11-02,46.009998,46.369999,45.889999,46.310001,1039100,37.460836
2010-11-01,46.860001,47.240002,45.380001,45.669998,1343100,36.943128
2010-10-29,46.900002,46.970001,46.509998,46.759998,1057400,37.824845
2010-10-28,47.220001,47.419998,46.830002,47.25,818200,38.221215
2010-10-27,46.900002,47.080002,46.48,47.060001,662700,38.067522
2010-10-26,46.650002,47.099998,46.580002,47.049999,843700,38.059431
2010-10-25,47.169998,47.32,46.779999,46.82,841300,37.873381
2010-10-22,47.150002,47.240002,46.599998,46.93,881400,37.962363
2010-10-21,47.439999,47.59,46.709999,46.990002,558800,38.010898
2010-10-20,46.919998,47.599998,46.799999,47.279999,717400,38.245481
2010-10-19,46.849998,47.439999,46.700001,46.900002,978400,37.938096
2010-10-18,47.029999,47.470001,47.029999,47.27,609700,38.237394
2010-10-15,47.259998,47.290001,46.790001,47.110001,2084300,38.107967
2010-10-14,47.09,47.349998,46.720001,46.880001,592200,37.921917
2010-10-13,47.27,47.34,47.02,47.09,1290500,38.091789
2010-10-12,47.380001,47.380001,46.84,46.98,860900,38.002808
2010-10-11,47.189999,47.66,47.189999,47.439999,722800,38.374908
2010-10-08,46.93,47.310001,46.84,47.220001,1057900,38.196948
2010-10-07,47.029999,47.169998,46.720001,46.830002,914300,37.881472
2010-10-06,47.02,47.259998,46.689999,46.860001,965200,37.905739
2010-10-05,46.709999,47.040001,46.470001,47.009998,1426500,38.027074
2010-10-04,46.419998,46.720001,46.16,46.34,1104600,37.485103
2010-10-01,46.220001,46.68,45.919998,46.48,1810700,37.59835
2010-09-30,46.400002,46.580002,45.77,45.93,1312000,37.153448
2010-09-29,45.830002,46.240002,45.740002,46.16,1232100,37.339498
2010-09-28,46.049999,46.09,45.50,45.98,1364200,37.193893
2010-09-27,45.93,46.139999,45.580002,46.009998,1164800,37.218159
2010-09-24,45.759998,46.200001,45.68,45.84,1095500,37.080645
2010-09-23,45.919998,46.040001,45.41,45.470001,1165200,36.781348
2010-09-22,45.810001,46.459999,45.799999,46.119999,1409000,37.307141
2010-09-21,46.610001,46.689999,45.759998,45.990002,2638900,37.201984
2010-09-20,46.310001,46.709999,46.27,46.549999,1474300,37.654974
2010-09-17,46.93,47.060001,46.23,46.310001,2211100,37.460836
2010-09-16,47.549999,47.549999,46.509998,46.689999,1608400,37.768222
2010-09-15,47.889999,48.419998,47.889999,48.189999,1781500,38.528601
2010-09-14,47.740002,48.389999,47.610001,48.25,1509900,38.576573
2010-09-13,47.75,47.959999,47.380001,47.84,1265600,38.248772
2010-09-10,47.02,47.560001,46.669998,47.470001,1607800,37.952953
2010-09-09,47.299999,47.349998,46.98,47.099998,892500,37.65713
2010-09-08,47.23,47.349998,46.779999,46.950001,3158900,37.537205
2010-09-07,47.200001,47.400002,46.900002,47.18,3323500,37.721093
2010-09-03,47.720001,47.790001,47.200001,47.540001,962100,38.008919
2010-09-02,48.00,48.00,47.169998,47.43,1031500,37.920972
2010-09-01,47.189999,47.959999,47.09,47.830002,1746300,38.240779
2010-08-31,46.529999,47.049999,46.150002,46.849998,1462100,37.457252
2010-08-30,46.959999,47.279999,46.57,46.619999,745800,37.273364
2010-08-27,46.369999,47.25,45.959999,47.130001,1143100,37.681118
2010-08-26,46.240002,46.639999,46.009998,46.139999,1058600,36.889597
2010-08-25,45.869999,46.32,45.509998,46.16,2229800,36.905588
2010-08-24,45.740002,46.50,45.639999,46.150002,1061300,36.897594
2010-08-23,46.009998,46.580002,45.939999,46.16,729900,36.905588
2010-08-20,45.439999,46.00,45.290001,45.91,956100,36.705709
2010-08-19,46.330002,46.369999,45.50,45.860001,1219800,36.665734
2010-08-18,46.669998,46.68,46.080002,46.439999,2150200,37.129451
2010-08-17,46.740002,46.849998,46.459999,46.610001,2066800,37.26537
2010-08-16,45.98,46.48,45.599998,46.41,1192400,37.105467
2010-08-13,45.939999,46.66,45.889999,46.209999,798800,36.945563
2010-08-12,45.169998,46.580002,45.169998,46.18,1280700,36.921579
2010-08-11,46.799999,46.799999,46.169998,46.23,1201800,36.961554
2010-08-10,47.02,47.509998,46.630001,47.27,1651400,37.793049
2010-08-09,46.950001,47.860001,46.900002,47.330002,1197800,37.841021
2010-08-06,46.59,46.959999,46.209999,46.830002,1552100,37.441264
2010-08-05,46.290001,46.84,46.169998,46.790001,1100600,37.409283
2010-08-04,46.369999,46.57,45.990002,46.450001,1550100,37.137448
2010-08-03,46.299999,46.509998,46.130001,46.279999,1485100,37.001529
2010-08-02,46.59,46.939999,46.00,46.52,2019300,37.193414
2010-07-30,45.599998,47.240002,45.599998,46.16,3387800,36.905588
2010-07-29,48.950001,49.060001,47.84,48.16,1064200,38.504617
2010-07-28,48.799999,48.970001,48.450001,48.669998,1145000,38.912368
2010-07-27,48.509998,49.00,48.27,48.970001,2743800,39.152225
2010-07-26,48.200001,48.389999,47.91,48.389999,1127300,38.688505
2010-07-23,47.720001,48.09,47.34,48.060001,802700,38.424667
2010-07-22,47.09,47.830002,47.02,47.700001,1020400,38.136841
2010-07-21,47.869999,47.869999,46.529999,46.830002,1376500,37.441264
2010-07-20,46.880001,47.779999,46.610001,47.759998,1600900,38.18481
2010-07-19,47.139999,47.82,46.869999,47.68,718300,38.12085
2010-07-16,48.099998,48.130001,47.040001,47.130001,1364800,37.681118
2010-07-15,47.990002,48.349998,47.610001,48.240002,1074600,38.568579
2010-07-14,47.950001,48.02,47.48,47.919998,1245600,38.312732
2010-07-13,48.00,48.349998,47.77,48.110001,924000,38.464642
2010-07-12,47.540001,47.919998,47.310001,47.669998,564500,38.112853
2010-07-09,47.349998,47.77,47.09,47.73,957900,38.160825
2010-07-08,47.619999,47.75,47.220001,47.400002,1108200,37.896987
2010-07-07,46.09,47.360001,45.860001,47.349998,1420700,37.857009
2010-07-06,45.700001,46.259998,45.490002,45.919998,1076800,36.713703
2010-07-02,45.189999,45.740002,45.060001,45.470001,1251200,36.353924
2010-07-01,45.459999,45.810001,44.93,45.080002,1357300,36.042114
2010-06-30,45.639999,46.25,45.360001,45.610001,1993500,36.465856
2010-06-29,46.330002,46.380001,45.450001,45.619999,1118000,36.473849
2010-06-28,46.540001,46.959999,46.189999,46.790001,652300,37.409283
2010-06-25,46.50,46.849998,45.939999,46.529999,1054400,37.201407
2010-06-24,46.400002,47.09,46.310001,46.52,1111200,37.193414
2010-06-23,46.959999,47.18,46.299999,46.509998,1093400,37.185417
2010-06-22,48.110001,48.189999,46.849998,47.009998,879900,37.585174
2010-06-21,48.720001,48.810001,47.77,48.029999,677500,38.400679
2010-06-18,48.470001,48.470001,48.09,48.349998,1603000,38.656524
2010-06-17,47.73,48.41,47.439999,48.349998,1862700,38.656524
2010-06-16,47.549999,48.630001,47.540001,48.240002,1370800,38.144837
2010-06-15,47.00,47.810001,46.779999,47.759998,1434900,37.765283
2010-06-14,46.50,46.900002,46.41,46.50,884400,36.768964
2010-06-11,45.77,46.18,45.369999,46.09,1464700,36.444765
2010-06-10,45.650002,46.23,45.57,46.139999,1388200,36.484301
2010-06-09,45.279999,45.84,44.919998,45.119999,2056100,35.677756
2010-06-08,44.57,45.169998,44.16,45.07,1861100,35.63822
2010-06-07,44.439999,45.009998,43.990002,44.450001,1628600,35.147968
2010-06-04,45.09,45.32,44.25,44.419998,1538100,35.124244
2010-06-03,45.84,46.02,45.369999,45.900002,1342200,36.294527
2010-06-02,45.200001,45.68,44.709999,45.619999,2239300,36.073121
2010-06-01,45.220001,45.790001,44.91,44.91,1140800,35.511703
2010-05-28,45.529999,46.00,45.400002,45.509998,961800,35.98614
2010-05-27,45.279999,45.540001,44.869999,45.490002,829300,35.970328
2010-05-26,44.959999,45.380001,44.419998,44.540001,1614200,35.219133
2010-05-25,43.939999,44.77,43.290001,44.740002,2041200,35.37728
2010-05-24,44.93,45.529999,44.759998,44.860001,877200,35.472167
2010-05-21,44.48,45.389999,44.189999,45.389999,1979800,35.891253
2010-05-20,45.509998,46.150002,45.00,45.099998,1863600,35.661941
2010-05-19,46.849998,47.150002,46.150002,46.490002,871000,36.761058
2010-05-18,48.060001,48.259998,47.099998,47.169998,1553000,37.298752
2010-05-17,47.299999,47.77,46.759998,47.599998,1095500,37.638767
2010-05-14,47.540001,47.869999,47.060001,47.299999,1631200,37.401548
2010-05-13,47.810001,48.439999,47.599998,47.790001,1346200,37.789007
2010-05-12,47.759998,48.169998,47.470001,47.950001,954800,37.915524
2010-05-11,46.98,48.310001,46.830002,47.720001,1073900,37.733656
2010-05-10,47.259998,47.59,46.650002,47.400002,1399700,37.480623
2010-05-07,46.52,46.880001,45.490002,45.689999,2631500,36.128472
2010-05-06,47.470001,47.669998,43.00,46.549999,2440700,36.8085
2010-05-05,47.939999,48.240002,47.41,47.639999,1375100,37.670397
2010-05-04,48.349998,48.630001,47.93,48.139999,1735300,38.065762
2010-05-03,48.310001,49.049999,48.139999,48.91,1292400,38.674625
2010-04-30,48.200001,48.779999,48.00,48.169998,1530400,38.089483
2010-04-29,48.450001,48.790001,48.009998,48.07,1534400,38.010411
2010-04-28,47.209999,48.490002,47.009998,48.290001,1908200,38.184373
2010-04-27,47.32,47.68,46.720001,46.869999,1159700,37.061534
2010-04-26,47.82,47.970001,47.509998,47.549999,874400,37.599231
2010-04-23,47.299999,47.98,47.009998,47.93,1147700,37.899709
2010-04-22,46.639999,47.330002,46.439999,47.259998,1227800,37.369918
2010-04-21,46.209999,46.91,46.189999,46.82,1357600,37.021998
2010-04-20,46.169998,46.299999,45.959999,46.209999,880600,36.539652
2010-04-19,45.490002,46.080002,45.490002,45.900002,1250800,36.294527
2010-04-16,46.049999,46.209999,45.200001,45.639999,1515000,36.088936
2010-04-15,45.990002,46.349998,45.619999,46.119999,1135400,36.468486
2010-04-14,46.040001,46.040001,45.580002,45.990002,1010700,36.365693
2010-04-13,46.240002,46.25,45.700001,46.029999,539300,36.39732
2010-04-12,46.299999,46.470001,46.139999,46.25,638400,36.571282
2010-04-09,45.990002,46.130001,45.509998,46.119999,688900,36.468486
2010-04-08,46.07,46.080002,45.700001,45.880001,782900,36.278712
2010-04-07,46.48,46.560001,45.869999,46.119999,622500,36.468486
2010-04-06,45.52,46.490002,45.009998,46.48,936100,36.753149
2010-04-05,45.459999,45.75,45.279999,45.75,677600,36.175917
2010-04-01,44.700001,45.52,44.700001,45.380001,786800,35.883347
2010-03-31,45.07,45.099998,44.419998,44.599998,1536800,35.266575
2010-03-30,45.34,45.540001,45.119999,45.200001,1110900,35.741015
2010-03-29,44.880001,45.380001,44.799999,45.380001,732100,35.883347
2010-03-26,44.700001,45.040001,44.41,44.700001,1124300,35.34565
2010-03-25,45.23,45.310001,44.630001,44.689999,1176600,35.337741
2010-03-24,45.189999,45.32,44.970001,45.040001,1798000,35.614499
2010-03-23,44.939999,45.32,44.77,45.279999,1044300,35.804272
2010-03-22,44.919998,45.080002,44.740002,44.959999,789200,35.551239
2010-03-19,45.099998,45.360001,44.759998,45.099998,1348600,35.661941
2010-03-18,45.209999,45.299999,45.029999,45.139999,1164300,35.693571
2010-03-17,45.740002,45.93,45.43,45.82,1270000,35.81218
2010-03-16,45.07,45.630001,44.970001,45.610001,926900,35.648048
2010-03-15,44.759998,45.09,44.720001,45.060001,994700,35.218177
2010-03-12,45.09,45.139999,44.52,44.869999,742700,35.069674
2010-03-11,44.720001,44.91,44.57,44.91,654600,35.100938
2010-03-10,44.91,44.950001,44.380001,44.810001,1342700,35.022781
2010-03-09,44.610001,44.990002,44.509998,44.939999,1566800,35.124385
2010-03-08,44.98,45.099998,44.779999,44.84,1158100,35.046228
2010-03-05,44.889999,45.139999,44.68,45.040001,1073100,35.202545
2010-03-04,44.759998,44.82,44.32,44.700001,999500,34.936806
2010-03-03,44.82,45.23,44.549999,44.59,1410900,34.850832
2010-03-02,44.529999,44.779999,44.459999,44.650002,964800,34.897728
2010-03-01,43.709999,44.369999,43.66,44.310001,1320900,34.631989
2010-02-26,43.950001,44.099998,43.349998,43.419998,1240000,33.936377
2010-02-25,43.860001,43.990002,43.189999,43.950001,1286900,34.350618
2010-02-24,44.130001,44.330002,43.57,44.259998,1238400,34.592908
2010-02-23,44.450001,44.619999,43.880001,43.990002,1860500,34.381883
2010-02-22,44.68,44.990002,44.470001,44.619999,1267000,34.874278
2010-02-19,43.43,44.900002,43.43,44.599998,2801300,34.858646
2010-02-18,42.720001,43.610001,42.720001,43.59,1161100,34.069248
2010-02-17,43.290001,43.299999,42.75,42.880001,934500,33.514324
2010-02-16,42.310001,43.07,42.23,43.07,824200,33.662824
2010-02-12,41.98,42.119999,41.599998,41.950001,1109400,32.78745
2010-02-11,41.810001,42.34,41.310001,42.330002,886300,33.084453
2010-02-10,42.029999,42.279999,41.630001,41.950001,1080700,32.78745
2010-02-09,41.970001,42.580002,41.59,42.00,1315700,32.826529
2010-02-08,41.84,42.009998,41.43,41.50,1257300,32.435737
2010-02-05,41.68,41.860001,41.25,41.779999,2091000,32.65458
2010-02-04,42.389999,42.57,41.75,41.75,1295800,32.631133
2010-02-03,42.939999,43.040001,42.509998,42.68,533100,33.358006
2010-02-02,42.560001,43.049999,42.080002,43.029999,812000,33.63156
2010-02-01,42.23,42.610001,41.82,42.610001,1048400,33.303296
2010-01-29,42.599998,42.77,42.029999,42.040001,1304900,32.857793
2010-01-28,42.810001,42.830002,42.25,42.400002,1075200,33.139164
2010-01-27,42.93,42.93,42.25,42.75,1079600,33.412717
2010-01-26,42.41,43.349998,42.41,43.040001,1629600,33.639377
2010-01-25,42.470001,42.93,41.91,42.66,1676700,33.342374
2010-01-22,42.810001,42.869999,42.009998,42.060001,2046900,32.873425
2010-01-21,43.779999,44.169998,42.68,42.849998,2047300,33.490874
2010-01-20,43.84,44.049999,43.34,43.880001,1508000,34.295908
2010-01-19,44.040001,44.419998,43.939999,44.330002,1124200,34.647621
2010-01-15,44.18,44.18,43.43,43.93,1350600,34.334986
2010-01-14,44.139999,44.349998,43.830002,44.290001,1011000,34.616357
2010-01-13,43.970001,44.18,43.790001,44.119999,1119600,34.483486
2010-01-12,43.59,44.040001,43.310001,43.73,2342800,34.178669
2010-01-11,43.43,43.779999,43.040001,43.77,1229800,34.209933
2010-01-08,42.689999,43.23,42.450001,43.16,948800,33.733166
2010-01-07,43.220001,43.310001,42.610001,42.830002,1210200,33.475245
2010-01-06,43.049999,43.599998,43.02,43.23,1531800,33.787877
2010-01-05,43.41,43.790001,42.740002,43.049999,2127200,33.647192
2010-01-04,43.900002,44.220001,43.439999,43.540001,1421600,34.030169
2009-12-31,44.400002,44.650002,43.59,43.59,767200,34.069248
2009-12-30,44.490002,44.630001,44.18,44.349998,738100,34.66325
2009-12-29,44.75,44.959999,44.549999,44.599998,711600,34.858646
2009-12-28,44.59,44.869999,44.41,44.639999,501900,34.88991
2009-12-24,43.950001,44.599998,43.950001,44.57,387400,34.8352
2009-12-23,43.299999,43.959999,43.299999,43.93,976100,34.334986
2009-12-22,43.299999,43.529999,43.16,43.369999,1129300,33.897298
2009-12-21,43.240002,43.369999,43.139999,43.299999,1196200,33.842588
2009-12-18,42.560001,43.02,42.310001,42.98,1626800,33.592481
2009-12-17,43.189999,43.189999,42.43,42.48,1887200,33.201689
2009-12-16,44.169998,44.169998,43.599998,43.810001,1602000,33.826957
2009-12-15,44.09,44.09,43.540001,43.939999,1135900,33.927331
2009-12-14,44.27,44.34,43.950001,44.169998,902000,34.104921
2009-12-11,43.240002,44.060001,43.07,43.950001,1172500,33.935054
2009-12-10,42.900002,43.43,42.73,43.209999,897100,33.363678
2009-12-09,42.529999,42.849998,42.380001,42.75,1076700,33.008499
2009-12-08,42.490002,42.66,42.009998,42.610001,1059500,32.900402
2009-12-07,42.279999,42.889999,42.09,42.639999,1432900,32.923565
2009-12-04,42.59,42.610001,41.650002,42.169998,1592100,32.560663
2009-12-03,41.950001,42.540001,41.810001,42.119999,1367700,32.522058
2009-12-02,41.02,41.93,40.759998,41.880001,2219300,32.336748
2009-12-01,40.459999,41.040001,40.459999,41.00,1330500,31.657274
2009-11-30,39.790001,40.23,39.779999,40.110001,1023400,30.97008
2009-11-27,39.98,40.369999,39.52,39.830002,457200,30.753885
2009-11-25,40.330002,40.73,40.209999,40.59,1306100,31.340702
2009-11-24,40.279999,40.400002,39.950001,40.27,1128100,31.093621
2009-11-23,39.889999,40.439999,39.889999,40.139999,795900,30.993243
2009-11-20,39.700001,39.919998,39.549999,39.68,1640800,30.638065
2009-11-19,40.00,40.16,39.580002,39.849998,1259000,30.769325
2009-11-18,40.169998,40.700001,40.09,40.27,1698100,31.093621
2009-11-17,40.299999,40.52,40.130001,40.209999,1174100,31.047292
2009-11-16,39.880001,40.240002,39.77,40.200001,1351700,31.039572
2009-11-13,39.59,39.799999,39.330002,39.68,1504100,30.638065
2009-11-12,39.310001,40.040001,39.290001,39.450001,1772000,30.460476
2009-11-11,39.490002,39.740002,39.32,39.509998,1010100,30.506801
2009-11-10,39.09,39.439999,38.970001,39.290001,1072600,30.336935
2009-11-09,38.50,39.240002,38.48,39.189999,1715200,30.25972
2009-11-06,38.369999,38.700001,38.130001,38.34,1117300,29.603412
2009-11-05,37.869999,38.580002,37.869999,38.540001,1132600,29.757839
2009-11-04,37.700001,38.380001,37.529999,37.73,1521300,29.132413
2009-11-03,36.93,37.630001,36.810001,37.59,1594200,29.024316
2009-11-02,37.119999,37.279999,36.650002,37.049999,1335600,28.607366
2009-10-30,38.41,38.41,36.889999,36.98,2508700,28.553317
2009-10-29,37.709999,38.509998,37.299999,38.48,1820900,29.71151
2009-10-28,37.970001,37.990002,37.419998,37.610001,1285700,29.039759
2009-10-27,37.650002,38.330002,37.650002,37.93,1209100,29.28684
2009-10-26,37.880001,38.330002,37.360001,37.549999,1340200,28.99343
2009-10-23,38.740002,38.84,37.759998,37.849998,953100,29.225068
2009-10-22,38.599998,38.759998,38.139999,38.610001,1156800,29.811887
2009-10-21,38.610001,39.07,38.099998,38.599998,2109600,29.804164
2009-10-20,38.240002,38.669998,37.849998,38.66,3700700,29.850493
2009-10-19,36.560001,38.50,36.279999,37.900002,4057800,29.263677
2009-10-16,35.93,36.740002,35.93,36.529999,1345300,28.205858
2009-10-15,35.950001,36.389999,35.75,36.330002,1082200,28.051435
2009-10-14,35.869999,36.00,35.540001,35.959999,1213100,27.765745
2009-10-13,35.549999,35.73,35.290001,35.68,1377500,27.54955
2009-10-12,35.189999,35.720001,35.150002,35.509998,808800,27.418287
2009-10-09,34.939999,35.119999,34.700001,35.119999,632300,27.117157
2009-10-08,34.93,35.040001,34.689999,34.880001,635000,26.931848
2009-10-07,34.459999,34.790001,34.330002,34.779999,688500,26.854633
2009-10-06,34.259998,34.57,34.00,34.57,1097700,26.692487
2009-10-05,34.310001,34.330002,33.75,34.220001,980500,26.422243
2009-10-02,34.599998,34.75,34.00,34.040001,902700,26.28326
2009-10-01,35.299999,35.299999,34.720001,34.759998,1054400,26.83919
2009-09-30,35.57,35.599998,35.029999,35.139999,934600,27.1326
2009-09-29,35.43,35.66,35.240002,35.580002,577100,27.472338
2009-09-28,35.080002,35.580002,35.080002,35.419998,354600,27.348795
2009-09-25,35.099998,35.330002,35.00,35.029999,463700,27.047665
2009-09-24,35.169998,35.369999,34.950001,35.119999,862200,27.117157
2009-09-23,34.810001,35.66,34.790001,34.98,1253600,27.00906
2009-09-22,35.240002,35.439999,34.68,34.700001,955800,26.792864
2009-09-21,35.16,35.23,34.950001,35.169998,673600,27.155763
2009-09-18,35.450001,35.66,35.09,35.25,1364200,27.217535
2009-09-17,35.700001,36.150002,35.130001,35.34,1257300,27.287026
2009-09-16,36.099998,36.459999,35.790001,36.400002,1129200,27.696256
2009-09-15,35.740002,35.93,35.580002,35.889999,1918400,27.308203
2009-09-14,35.16,35.779999,35.099998,35.73,1161500,27.186461
2009-09-11,35.349998,35.389999,35.00,35.119999,683500,26.72232
2009-09-10,35.200001,35.360001,34.790001,35.32,914200,26.874498
2009-09-09,34.990002,35.360001,34.919998,35.029999,1014900,26.65384
2009-09-08,35.060001,35.119999,34.849998,34.950001,675100,26.592971
2009-09-04,34.73,34.880001,34.419998,34.880001,553900,26.539709
2009-09-03,34.439999,34.639999,34.130001,34.630001,852000,26.349488
2009-09-02,34.299999,34.540001,33.970001,34.18,887000,26.007088
2009-09-01,34.740002,35.169998,34.389999,34.43,880200,26.19731
2009-08-31,34.919998,35.060001,34.720001,34.779999,777400,26.463619
2009-08-28,35.32,35.470001,34.810001,35.049999,637400,26.669058
2009-08-27,35.27,35.459999,35.09,35.220001,585800,26.798411
2009-08-26,35.400002,35.580002,35.169998,35.400002,659600,26.93537
2009-08-25,35.380001,35.700001,35.189999,35.419998,703200,26.950585
2009-08-24,35.619999,35.619999,35.099998,35.349998,687200,26.897324
2009-08-21,35.00,35.360001,34.77,35.34,853600,26.889716
2009-08-20,34.790001,34.849998,34.32,34.779999,697600,26.463619
2009-08-19,33.799999,34.849998,33.759998,34.709999,990400,26.410357
2009-08-18,33.959999,34.09,33.75,34.00,534400,25.870129
2009-08-17,33.91,34.419998,33.529999,33.970001,796900,25.847303
2009-08-14,33.84,34.279999,33.700001,34.110001,705000,25.953826
2009-08-13,33.889999,34.150002,33.73,33.939999,645200,25.824474
2009-08-12,34.029999,34.349998,33.830002,34.060001,852600,25.915783
2009-08-11,34.209999,34.220001,33.939999,34.119999,601400,25.961434
2009-08-10,34.380001,34.380001,33.869999,34.240002,586000,26.052742
2009-08-07,34.099998,34.57,33.830002,34.419998,663200,26.189699
2009-08-06,34.099998,34.099998,33.650002,33.830002,638600,25.740779
2009-08-05,34.299999,34.389999,33.709999,33.91,724200,25.801649
2009-08-04,34.130001,34.439999,34.02,34.220001,576800,26.037524
2009-08-03,34.439999,34.830002,34.029999,34.240002,828900,26.052742
2009-07-31,35.25,35.549999,34.23,34.459999,1425800,26.220135
2009-07-30,34.599998,35.23,34.369999,35.080002,769300,26.691887
2009-07-29,34.369999,34.75,33.970001,34.32,976900,26.113612
2009-07-28,34.810001,34.860001,34.310001,34.630001,884700,26.349488
2009-07-27,34.700001,34.990002,34.580002,34.950001,593500,26.592971
2009-07-24,34.00,34.709999,34.00,34.700001,631200,26.402749
2009-07-23,33.009998,34.099998,32.880001,34.029999,980700,25.892954
2009-07-22,33.029999,33.32,32.869999,33.049999,577900,25.147286
2009-07-21,33.169998,33.169998,32.73,33.080002,551800,25.170115
2009-07-20,32.849998,32.849998,32.360001,32.779999,512300,24.941847
2009-07-17,32.720001,32.75,32.27,32.610001,776200,24.812497
2009-07-16,32.509998,32.869999,32.130001,32.73,898300,24.903803
2009-07-15,32.110001,32.610001,31.969999,32.580002,1273300,24.789672
2009-07-14,31.59,31.85,31.200001,31.85,772600,24.234224
2009-07-13,30.93,31.51,30.75,31.49,919600,23.960304
2009-07-10,31.129999,31.190001,30.59,30.860001,1221500,23.480947
2009-07-09,31.309999,31.440001,30.83,31.24,700300,23.770083
2009-07-08,31.68,31.73,30.99,31.23,937400,23.762474
2009-07-07,32.330002,32.330002,31.309999,31.360001,1004500,23.86139
2009-07-06,31.01,32.299999,30.879999,32.220001,1435500,24.515752
2009-07-02,32.220001,32.220001,30.74,30.74,812000,23.38964
2009-07-01,32.119999,32.560001,31.99,32.52,684200,24.744017
2009-06-30,32.349998,32.349998,31.620001,32.00,1214200,24.348356
2009-06-29,32.009998,32.43,31.860001,32.41,851100,24.660319
2009-06-26,31.860001,32.080002,31.559999,31.959999,815200,24.31792
2009-06-25,31.049999,31.940001,30.85,31.889999,857100,24.264658
2009-06-24,30.940001,31.379999,30.84,31.139999,947300,23.693994
2009-06-23,31.50,31.50,30.700001,30.83,969200,23.458119
2009-06-22,31.059999,31.66,31.059999,31.43,1455600,23.914651
2009-06-19,32.119999,32.18,31.27,31.299999,1406000,23.815735
2009-06-18,31.34,32.00,30.799999,31.92,1042900,24.287485
2009-06-17,31.120001,31.73,31.01,31.35,1369000,23.853781
2009-06-16,31.24,31.40,30.879999,31.17,1062100,23.716821
2009-06-15,31.700001,31.809999,31.02,31.24,931200,23.770083
2009-06-12,31.299999,32.099998,31.15,31.959999,908500,24.31792
2009-06-11,30.98,31.780001,30.799999,31.530001,1320900,23.99074
2009-06-10,31.01,31.33,30.870001,31.33,1225300,23.435293
2009-06-09,31.27,31.370001,30.610001,30.90,1001200,23.113646
2009-06-08,31.57,31.67,30.889999,31.219999,1050800,23.353011
2009-06-05,31.42,31.780001,31.059999,31.51,1396900,23.569935
2009-06-04,31.120001,31.41,30.98,31.25,1009900,23.375452
2009-06-03,31.32,31.360001,30.73,30.940001,1185600,23.143567
2009-06-02,31.549999,31.629999,31.17,31.280001,1592400,23.397893
2009-06-01,30.540001,31.639999,30.52,31.559999,1061100,23.607336
2009-05-29,30.469999,30.469999,29.84,30.25,1301900,22.627437
2009-05-28,29.620001,30.41,29.43,30.24,1227800,22.619957
2009-05-27,30.08,30.139999,29.24,29.34,857600,21.946744
2009-05-26,29.01,30.120001,28.90,30.120001,1040700,22.530196
2009-05-22,29.030001,29.48,28.91,29.129999,532800,21.78966
2009-05-21,29.16,29.32,28.85,29.02,737800,21.70738
2009-05-20,30.27,30.389999,29.49,29.530001,1118300,22.088867
2009-05-19,29.67,30.290001,29.59,30.059999,733900,22.485314
2009-05-18,29.780001,30.049999,29.18,29.67,899000,22.193589
2009-05-15,29.959999,29.969999,29.17,29.440001,1264900,22.021546
2009-05-14,30.200001,30.379999,29.66,29.92,1119500,22.380592
2009-05-13,30.690001,31.030001,30.040001,30.10,1116900,22.515235
2009-05-12,31.209999,31.290001,30.73,31.08,1242700,23.248289
2009-05-11,31.32,31.549999,31.00,31.09,1249000,23.255769
2009-05-08,31.700001,32.279999,31.49,31.65,1580300,23.674657
2009-05-07,31.25,31.389999,30.969999,31.290001,1156600,23.405373
2009-05-06,30.969999,31.26,30.68,30.940001,1768700,23.143567
2009-05-05,30.139999,30.92,30.139999,30.799999,1243200,23.038844
2009-05-04,30.540001,30.780001,30.120001,30.41,882300,22.747119
2009-05-01,29.620001,30.469999,29.50,30.469999,956200,22.792
2009-04-30,29.50,30.559999,29.00,29.57,2304700,22.118787
2009-04-29,28.059999,28.719999,27.99,28.60,783300,21.393214
2009-04-28,28.15,28.50,27.93,28.110001,851300,21.026687
2009-04-27,27.67,28.57,27.65,28.309999,1088800,21.176289
2009-04-24,28.09,28.16,27.610001,27.950001,932000,20.907004
2009-04-23,28.059999,28.110001,27.67,27.93,1309500,20.892044
2009-04-22,28.35,28.51,27.91,28.059999,1339400,20.989285
2009-04-21,28.77,29.200001,28.370001,28.42,1262500,21.258571
2009-04-20,28.700001,29.200001,28.49,28.83,794400,21.565257
2009-04-17,28.99,29.25,28.84,29.040001,835800,21.72234
2009-04-16,29.030001,29.450001,28.709999,28.98,859100,21.677458
2009-04-15,28.32,28.809999,28.18,28.799999,1017600,21.542816
2009-04-14,28.35,28.389999,27.90,28.309999,1385100,21.176289
2009-04-13,28.77,28.83,28.379999,28.629999,823100,21.415653
2009-04-09,29.290001,29.299999,28.52,28.870001,1017000,21.595178
2009-04-08,28.18,28.68,28.049999,28.59,1043800,21.385733
2009-04-07,28.299999,28.58,28.120001,28.18,980300,21.079047
2009-04-06,28.23,28.84,28.23,28.68,1126000,21.453055
2009-04-03,28.389999,28.60,28.120001,28.540001,864300,21.348333
2009-04-02,28.280001,28.60,27.709999,28.34,1197400,21.19873
2009-04-01,27.40,27.860001,27.32,27.790001,1414800,20.787322
2009-03-31,27.85,28.16,27.49,27.700001,1514300,20.720001
2009-03-30,27.83,27.93,27.200001,27.629999,1092000,20.667639
2009-03-27,28.33,28.459999,28.110001,28.27,914500,21.146369
2009-03-26,28.49,28.629999,27.889999,28.629999,1130100,21.415653
2009-03-25,28.120001,28.790001,27.780001,28.309999,1447800,21.176289
2009-03-24,28.34,28.620001,27.709999,27.969999,1153800,20.921964
2009-03-23,27.559999,28.610001,27.43,28.610001,1189700,21.400694
2009-03-20,27.459999,27.870001,27.129999,27.200001,1434800,20.345994
2009-03-19,27.15,27.40,26.67,27.299999,1449900,20.420794
2009-03-18,25.809999,27.09,25.620001,26.92,1673900,20.136549
2009-03-17,26.059999,26.139999,25.540001,26.02,1454800,19.463336
2009-03-16,25.700001,26.60,25.700001,25.99,1690900,19.440895
2009-03-13,25.190001,25.68,25.190001,25.540001,1692300,19.10429
2009-03-12,25.120001,25.35,24.559999,25.26,1719300,18.894845
2009-03-11,24.450001,25.49,24.450001,25.370001,2342600,18.58068
2009-03-10,23.99,24.57,23.77,24.459999,1934400,17.914206
2009-03-09,23.75,24.059999,23.43,23.610001,1359200,17.291677
2009-03-06,23.809999,24.370001,23.370001,24.049999,1600200,17.613927
2009-03-05,24.34,24.60,23.32,23.629999,2094200,17.306324
2009-03-04,24.379999,25.15,23.84,24.809999,2277200,18.170542
2009-03-03,25.42,25.690001,24.030001,24.07,2169300,17.628575
2009-03-02,26.309999,26.58,25.299999,25.360001,2187600,18.573356
2009-02-27,27.309999,27.51,26.74,26.77,2695400,19.606023
2009-02-26,28.690001,28.860001,27.60,27.700001,1485200,20.287144
2009-02-25,29.030001,29.190001,28.17,28.50,2190300,20.873053
2009-02-24,28.15,29.43,27.969999,29.219999,2353300,21.400372
2009-02-23,29.66,29.950001,28.43,28.700001,1685000,21.019532
2009-02-20,30.129999,30.139999,28.950001,29.370001,1758500,21.510231
2009-02-19,30.75,30.83,30.049999,30.17,1044500,22.096141
2009-02-18,30.940001,30.940001,30.27,30.540001,1619800,22.367125
2009-02-17,32.240002,32.240002,30.73,30.73,1433300,22.506278
2009-02-13,32.779999,33.07,32.470001,32.630001,803800,23.897816
2009-02-12,32.990002,33.060001,32.07,32.779999,1653700,24.007673
2009-02-11,33.450001,33.740002,32.919998,33.200001,1357400,24.315277
2009-02-10,34.650002,34.880001,33.34,33.48,1293900,24.520345
2009-02-09,34.91,34.93,34.34,34.880001,973900,25.545689
2009-02-06,34.580002,35.259998,34.290001,34.959999,1217700,25.604278
2009-02-05,34.369999,34.849998,33.91,34.700001,1265700,25.413859
2009-02-04,34.59,34.709999,34.16,34.52,1219500,25.282029
2009-02-03,34.619999,34.689999,34.220001,34.380001,1069700,25.179495
2009-02-02,34.209999,34.790001,33.959999,34.549999,876500,25.303999
2009-01-30,34.830002,35.490002,34.299999,34.50,1423800,25.267381
2009-01-29,35.130001,35.939999,34.77,34.93,873400,25.582308
2009-01-28,35.689999,35.740002,35.09,35.50,914600,25.999768
2009-01-27,34.549999,35.48,34.360001,35.310001,1091600,25.860616
2009-01-26,33.849998,34.82,33.799999,34.470001,922300,25.24541
2009-01-23,33.849998,33.959999,33.119999,33.720001,1262200,24.696119
2009-01-22,33.849998,34.59,33.799999,34.299999,1181400,25.120902
2009-01-21,34.560001,34.560001,33.50,34.27,1349200,25.098932
2009-01-20,34.540001,34.959999,33.970001,34.110001,1380500,24.98175
2009-01-16,34.52,35.139999,34.310001,34.75,1230300,25.450477
2009-01-15,34.00,34.299999,33.68,34.299999,1132400,25.120902
2009-01-14,34.459999,34.459999,33.639999,34.16,932700,25.018369
2009-01-13,35.68,35.740002,34.50,34.73,1102000,25.435829
2009-01-12,35.650002,36.00,35.509998,35.75,1166100,26.182865
2009-01-09,35.970001,36.049999,35.360001,35.599998,830600,26.073006
2009-01-08,35.68,35.799999,35.360001,35.799999,1085500,26.219484
2009-01-07,36.00,36.290001,35.439999,35.700001,1165900,26.146246
2009-01-06,36.759998,37.110001,36.060001,36.25,1694700,26.549059
2009-01-05,36.049999,36.740002,35.700001,36.580002,1484500,26.790749
2009-01-02,36.130001,36.380001,35.549999,36.209999,694900,26.519763
2008-12-31,35.740002,35.880001,35.389999,35.669998,899700,26.124273
2008-12-30,35.450001,35.790001,35.119999,35.790001,885300,26.212161
2008-12-29,35.200001,35.459999,34.93,35.450001,667300,25.96315
2008-12-26,35.110001,35.400002,34.950001,35.18,280700,25.765404
2008-12-24,34.849998,35.450001,34.740002,34.990002,289100,25.626252
2008-12-23,35.540001,35.540001,34.330002,34.830002,1242500,25.50907
2008-12-22,34.529999,35.310001,34.41,35.00,1275200,25.633574
2008-12-19,35.68,35.880001,34.709999,34.790001,1946700,25.479774
2008-12-18,34.700001,35.43,34.380001,34.669998,939000,25.391885
2008-12-17,34.509998,35.169998,34.380001,34.529999,866000,25.289351
2008-12-16,34.139999,35.290001,34.119999,35.290001,1102300,25.845968
2008-12-15,34.43,34.68,33.560001,34.029999,1000000,24.923157
2008-12-12,34.07,34.490002,33.389999,34.439999,1277400,25.223436
2008-12-11,34.220001,35.09,34.080002,34.41,1342100,25.201465
2008-12-10,35.189999,35.779999,34.73,35.169998,950900,25.369912
2008-12-09,34.360001,35.450001,34.360001,34.610001,1171400,24.965957
2008-12-08,34.860001,35.18,34.130001,34.610001,1252300,24.965957
2008-12-05,33.259998,34.34,32.400002,34.139999,1231600,24.626922
2008-12-04,35.68,36.009998,33.02,33.610001,1286400,24.244606
2008-12-03,35.02,36.099998,34.779999,36.07,839800,26.019129
2008-12-02,35.200001,35.849998,34.68,35.650002,831300,25.716163
2008-12-01,36.860001,36.860001,34.919998,34.939999,928800,25.204002
2008-11-28,36.00,37.220001,36.00,37.189999,458600,26.827042
2008-11-26,35.389999,36.369999,35.310001,36.360001,1046700,26.228322
2008-11-25,36.560001,37.369999,35.32,36.150002,1494200,26.076839
2008-11-24,37.310001,37.380001,35.549999,35.849998,1477000,25.860431
2008-11-21,34.349998,36.75,33.50,36.73,1701100,26.495221
2008-11-20,34.869999,35.639999,33.049999,33.599998,1670700,24.237391
2008-11-19,36.209999,37.23,35.200001,35.200001,1031700,25.391555
2008-11-18,36.080002,36.84,35.080002,36.310001,1188600,26.192255
2008-11-17,36.330002,37.150002,35.580002,36.23,1099100,26.134545
2008-11-14,37.330002,38.490002,36.240002,36.77,933300,26.524075
2008-11-13,35.299999,37.880001,34.68,37.880001,1684400,27.324775
2008-11-12,35.34,35.689999,34.799999,35.049999,974300,25.283351
2008-11-11,35.950001,36.950001,35.25,36.07,1256500,26.019129
2008-11-10,38.470001,38.50,35.959999,36.459999,1191800,26.300456
2008-11-07,35.560001,38.09,35.560001,37.91,1400800,27.346415
2008-11-06,36.599998,37.009998,35.110001,35.52,1285100,25.622387
2008-11-05,36.25,37.459999,36.25,36.919998,1548600,26.632276
2008-11-04,38.779999,38.790001,37.709999,38.110001,1779300,27.490686
2008-11-03,35.509998,38.27,35.00,38.02,2261600,27.425764
2008-10-31,36.50,36.91,34.970001,35.299999,1946300,25.463689
2008-10-30,36.080002,36.700001,35.02,36.57,1090600,26.379805
2008-10-29,36.299999,36.57,34.240002,34.880001,1283600,25.160723
2008-10-28,33.18,36.84,32.34,36.57,1601600,26.379805
2008-10-27,32.540001,33.75,32.00,32.369999,1469100,23.35013
2008-10-24,31.99,33.84,31.50,33.009998,1403400,23.811794
2008-10-23,33.75,35.529999,32.52,33.91,2095200,24.461011
2008-10-22,34.099998,34.810001,32.619999,33.48,1334900,24.15083
2008-10-21,36.009998,36.639999,34.450001,34.799999,1018900,25.103013
2008-10-20,33.990002,36.490002,33.389999,36.290001,1800500,26.177827
2008-10-17,33.07,35.360001,32.389999,33.68,1484600,24.295101
2008-10-16,32.799999,33.91,31.26,33.709999,2219400,24.31674
2008-10-15,34.41,34.740002,31.809999,32.439999,2305600,23.400624
2008-10-14,35.560001,35.98,33.27,34.509998,3298300,24.893821
2008-10-13,31.959999,33.889999,30.50,33.849998,1587700,24.417729
2008-10-10,31.00,31.889999,27.82,30.42,3371800,21.943496
2008-10-09,35.040001,35.299999,32.00,32.00,2016200,23.083231
2008-10-08,36.00,36.349998,34.669998,35.110001,1954500,25.326633
2008-10-07,37.849998,38.369999,36.139999,36.150002,1547500,26.076839
2008-10-06,38.919998,39.439999,36.369999,37.529999,1298100,27.072301
2008-10-03,40.470001,40.709999,39.040001,39.419998,1841100,28.435654
2008-10-02,38.93,40.91,38.93,40.00,1213900,28.854039
2008-10-01,39.810001,40.919998,39.549999,40.709999,1009800,29.366197
2008-09-30,40.110001,40.119999,38.779999,40.119999,1332000,28.9406
2008-09-29,40.360001,40.50,39.029999,39.41,2538100,28.428442
2008-09-26,40.73,41.099998,40.119999,40.77,1341200,29.409479
2008-09-25,41.099998,41.57,40.830002,41.099998,1302300,29.647524
2008-09-24,40.580002,41.049999,40.18,40.830002,822300,29.452761
2008-09-23,41.34,41.779999,40.580002,40.610001,983800,29.294063
2008-09-22,42.299999,42.299999,41.09,41.330002,912500,29.813437
2008-09-19,42.32,44.189999,40.77,42.330002,2444100,30.534788
2008-09-18,41.34,42.310001,40.939999,42.049999,2303200,30.332808
2008-09-17,42.060001,42.450001,41.080002,41.099998,1644800,29.647524
2008-09-16,42.790001,42.970001,41.650002,42.650002,2467200,30.76562
2008-09-15,42.810001,43.950001,42.650002,43.00,1163600,31.018092
2008-09-12,43.23,43.900002,43.060001,43.639999,758300,31.479756
2008-09-11,42.93,43.669998,42.389999,43.419998,1291400,31.321058
2008-09-10,43.27,43.860001,43.099998,43.52,1411000,31.010879
2008-09-09,43.189999,43.93,42.75,43.169998,1783200,30.761479
2008-09-08,41.799999,43.110001,41.779999,43.110001,1000500,30.718727
2008-09-05,41.41,41.540001,40.869999,41.439999,994000,29.52874
2008-09-04,41.549999,41.830002,41.299999,41.630001,961900,29.664129
2008-09-03,41.779999,41.799999,41.349998,41.689999,877100,29.706881
2008-09-02,42.130001,42.849998,41.639999,41.799999,850500,29.785264
2008-08-29,42.580002,42.849998,42.110001,42.16,595100,30.041788
2008-08-28,42.650002,42.720001,42.380001,42.689999,1763600,30.419447
2008-08-27,41.939999,42.630001,41.77,42.48,656700,30.269809
2008-08-26,41.799999,42.040001,41.560001,41.919998,636500,29.870771
2008-08-25,42.360001,42.48,41.73,41.849998,701600,29.820892
2008-08-22,42.25,42.59,42.150002,42.490002,422200,30.276936
2008-08-21,41.59,42.279999,41.59,42.080002,575300,29.984784
2008-08-20,42.220001,42.27,41.75,42.049999,797800,29.963406
2008-08-19,42.189999,42.50,41.639999,42.189999,703300,30.063164
2008-08-18,41.860001,42.400002,41.82,42.299999,889700,30.141547
2008-08-15,41.360001,42.990002,41.189999,41.700001,703700,29.714008
2008-08-14,41.299999,41.540001,40.689999,41.27,552100,29.407605
2008-08-13,41.240002,41.66,40.970001,41.450001,608500,29.535867
2008-08-12,41.02,41.529999,40.959999,41.220001,778000,29.371977
2008-08-11,40.98,41.740002,40.529999,41.349998,1461400,29.464609
2008-08-08,40.389999,41.02,40.09,40.98,915500,29.20096
2008-08-07,40.560001,40.880001,40.00,40.189999,2189800,28.638032
2008-08-06,40.799999,41.189999,40.509998,40.66,1388600,28.972939
2008-08-05,39.900002,40.93,39.509998,40.93,1374700,29.165332
2008-08-04,39.599998,40.00,39.509998,39.689999,1383900,28.281749
2008-08-01,41.040001,41.189999,39.799999,39.810001,1366700,28.367259
2008-07-31,41.139999,41.389999,40.330002,40.98,2258600,29.20096
2008-07-30,40.959999,41.720001,40.959999,41.549999,1230300,29.607122
2008-07-29,40.84,41.139999,40.650002,41.07,849300,29.265091
2008-07-28,41.02,41.279999,40.66,40.990002,1150200,29.208087
2008-07-25,41.490002,41.689999,41.00,41.029999,775000,29.236588
2008-07-24,41.27,41.610001,40.959999,41.32,1245100,29.443233
2008-07-23,42.00,42.209999,40.959999,41.279999,1113400,29.414729
2008-07-22,41.91,42.669998,41.869999,42.009998,822700,29.934902
2008-07-21,41.919998,42.419998,41.759998,42.209999,718500,30.077416
2008-07-18,41.720001,42.560001,41.50,41.919998,1230100,29.870771
2008-07-17,42.470001,42.529999,41.41,41.759998,1478100,29.756761
2008-07-16,43.110001,43.330002,42.02,42.290001,1476400,30.134423
2008-07-15,42.849998,43.369999,42.459999,43.02,1780300,30.654596
2008-07-14,44.139999,44.16,42.959999,43.130001,1013900,30.732978
2008-07-11,44.049999,44.259998,43.560001,43.709999,1303600,31.146265
2008-07-10,44.52,44.93,44.209999,44.380001,1504300,31.623686
2008-07-09,43.689999,44.970001,43.669998,44.43,1866800,31.659314
2008-07-08,42.790001,43.759998,42.599998,43.75,1490300,31.174769
2008-07-07,42.810001,43.630001,42.599998,42.880001,1611300,30.554837
2008-07-03,43.470001,43.889999,42.59,42.709999,815500,30.433699
2008-07-02,41.669998,43.93,41.470001,43.200001,2055900,30.782858
2008-07-01,42.060001,43.080002,41.860001,42.82,1985600,30.512082
2008-06-30,41.52,42.700001,41.509998,42.439999,1328100,30.241306
2008-06-27,42.27,42.650002,41.450001,41.450001,1101600,29.535867
2008-06-26,43.380001,43.599998,42.279999,42.290001,1060700,30.134423
2008-06-25,42.880001,43.970001,42.880001,43.689999,741500,31.132014
2008-06-24,43.009998,43.279999,42.75,43.029999,750200,30.66172
2008-06-23,43.220001,43.84,43.060001,43.220001,669300,30.797109
2008-06-20,43.619999,44.009998,42.990002,42.990002,877000,30.633219
2008-06-19,43.459999,44.080002,43.450001,43.849998,802100,31.246024
2008-06-18,44.040001,44.279999,43.66,43.779999,572200,31.196145
2008-06-17,43.799999,44.23,43.779999,44.040001,1126200,31.381413
2008-06-16,44.009998,44.009998,43.259998,43.709999,684900,31.146265
2008-06-13,43.43,44.290001,43.150002,44.110001,768100,31.431293
2008-06-12,43.720001,43.73,42.900002,43.529999,1351800,31.018003
2008-06-11,44.25,44.380001,43.619999,43.880001,1193300,30.889745
2008-06-10,43.970001,44.509998,43.860001,44.419998,673600,31.269881
2008-06-09,43.419998,44.450001,43.419998,44.360001,764700,31.227645
2008-06-06,44.360001,44.580002,43.509998,43.540001,996900,30.650398
2008-06-05,44.299999,44.810001,44.09,44.549999,1124300,31.361396
2008-06-04,43.700001,44.66,43.700001,44.509998,1103700,31.333237
2008-06-03,43.860001,44.049999,43.549999,43.869999,1709600,30.882704
2008-06-02,44.049999,44.23,43.32,43.549999,1212800,30.657437
2008-05-30,44.630001,44.82,44.02,44.240002,1901600,31.143171
2008-05-29,44.02,44.75,43.950001,44.52,894000,31.340278
2008-05-28,43.77,44.25,43.650002,44.240002,983300,31.143171
2008-05-27,43.599998,43.82,43.450001,43.740002,1294100,30.791191
2008-05-23,43.939999,43.939999,43.360001,43.50,991400,30.622239
2008-05-22,43.41,44.169998,43.41,44.139999,677000,31.072773
2008-05-21,43.869999,44.41,43.52,43.66,1197500,30.734873
2008-05-20,43.990002,44.27,43.740002,43.82,872900,30.847506
2008-05-19,43.77,44.509998,43.77,44.299999,1198700,31.185406
2008-05-16,43.73,43.900002,43.50,43.830002,713600,30.854547
2008-05-15,43.439999,43.880001,43.27,43.77,776700,30.812309
2008-05-14,43.16,43.709999,42.91,43.66,915300,30.734873
2008-05-13,42.919998,43.040001,42.549999,42.91,639700,30.206903
2008-05-12,42.689999,42.990002,42.529999,42.849998,785200,30.164665
2008-05-09,42.240002,42.75,41.990002,42.490002,811300,29.911241
2008-05-08,42.290001,42.759998,42.049999,42.400002,973500,29.847885
2008-05-07,42.259998,42.509998,41.869999,42.139999,1282800,29.664854
2008-05-06,41.740002,42.27,41.25,42.07,1031200,29.615577
2008-05-05,41.130001,41.75,41.060001,41.720001,974600,29.369192
2008-05-02,41.73,41.880001,41.349998,41.349998,1167700,29.108725
2008-05-01,41.990002,41.990002,40.830002,41.439999,1435400,29.172082
2008-04-30,40.610001,40.990002,40.259998,40.310001,1106100,28.376609
2008-04-29,40.98,41.16,40.50,40.560001,780200,28.552599
2008-04-28,41.00,41.450001,40.849998,40.919998,714200,28.806022
2008-04-25,41.32,41.509998,40.900002,41.040001,741700,28.8905
2008-04-24,41.790001,41.790001,41.029999,41.080002,1602400,28.918659
2008-04-23,41.950001,41.950001,41.32,41.490002,694600,29.207282
2008-04-22,41.700001,41.779999,41.25,41.450001,908000,29.179123
2008-04-21,42.48,42.549999,41.82,41.900002,832400,29.495905
2008-04-18,42.830002,42.93,42.189999,42.57,665100,29.967557
2008-04-17,42.150002,42.57,42.029999,42.299999,841200,29.777487
2008-04-16,41.82,42.360001,41.450001,42.360001,790900,29.819726
2008-04-15,41.09,41.720001,41.09,41.549999,1328800,29.249518
2008-04-14,40.73,41.110001,40.610001,41.080002,766800,28.918659
2008-04-11,40.040001,40.98,40.040001,40.66,1127300,28.622994
2008-04-10,40.50,40.580002,40.18,40.439999,1269200,28.468122
2008-04-09,40.09,40.41,39.950001,40.200001,545100,28.299173
2008-04-08,40.200001,40.509998,39.889999,39.990002,1060900,28.151343
2008-04-07,40.880001,40.880001,40.34,40.470001,822200,28.489243
2008-04-04,40.279999,41.310001,40.150002,40.59,932300,28.573717
2008-04-03,40.029999,40.41,39.689999,40.220001,784800,28.313253
2008-04-02,39.799999,40.470001,39.75,40.189999,828200,28.292132
2008-04-01,38.970001,39.889999,38.950001,39.77,1151600,27.996471
2008-03-31,38.709999,38.98,38.27,38.889999,1812800,27.376985
2008-03-28,39.459999,39.459999,38.560001,38.709999,1166300,27.250273
2008-03-27,39.34,39.50,38.959999,39.130001,1153500,27.545937
2008-03-26,38.73,39.169998,38.689999,38.869999,620300,27.362906
2008-03-25,38.950001,39.060001,38.59,38.849998,1005900,27.348826
2008-03-24,39.299999,39.380001,38.650002,39.009998,626600,27.46146
2008-03-20,38.869999,39.419998,38.419998,39.209999,871600,27.602252
2008-03-19,39.93,40.130001,38.82,38.82,872200,27.327709
2008-03-18,39.009998,39.540001,38.75,39.50,1012200,27.806401
2008-03-17,38.48,39.189999,37.869999,38.790001,1295000,27.306591
2008-03-14,40.299999,40.299999,38.810001,39.27,1156600,27.271392
2008-03-13,39.950001,39.98,39.240002,39.799999,1095300,27.639454
2008-03-12,41.060001,41.060001,40.060001,40.060001,1204000,27.820015
2008-03-11,40.27,40.759998,39.709999,40.759998,1597200,28.306134
2008-03-10,39.50,39.75,38.98,39.450001,1602300,27.396395
2008-03-07,39.48,39.700001,38.98,39.52,1212800,27.445007
2008-03-06,40.529999,40.59,39.52,39.549999,1159300,27.46584
2008-03-05,40.900002,40.900002,40.169998,40.66,1111800,28.236689
2008-03-04,40.009998,40.849998,40.009998,40.709999,1355700,28.271412
2008-03-03,39.84,40.279999,39.52,40.189999,1001700,27.910293
2008-02-29,41.52,41.52,39.619999,39.810001,1468000,27.6464
2008-02-28,40.990002,41.490002,40.93,41.400002,1775500,28.75059
2008-02-27,41.880001,42.279999,41.130001,41.200001,1402000,28.611697
2008-02-26,41.720001,42.139999,41.560001,42.049999,1120800,29.201986
2008-02-25,41.900002,42.02,41.50,41.790001,1457000,29.021428
2008-02-22,42.700001,42.709999,41.23,41.689999,1409200,28.951981
2008-02-21,42.310001,42.59,41.18,42.59,1604700,29.576995
2008-02-20,41.950001,42.490002,41.810001,42.400002,879700,29.445048
2008-02-19,42.25,42.700001,42.00,42.400002,1338800,29.445048
2008-02-15,41.400002,41.900002,41.029999,41.77,1196900,29.007539
2008-02-14,41.810001,42.290001,41.18,41.400002,722600,28.75059
2008-02-13,42.279999,42.669998,41.650002,41.73,878400,28.97976
2008-02-12,42.00,42.310001,41.799999,42.18,701200,29.292267
2008-02-11,41.93,42.099998,41.599998,41.889999,774700,29.090873
2008-02-08,41.459999,41.950001,41.299999,41.860001,906900,29.07004
2008-02-07,42.360001,42.50,41.330002,41.77,1634400,29.007539
2008-02-06,42.82,43.27,42.57,42.619999,849800,29.597827
2008-02-05,43.290001,43.459999,42.369999,42.450001,1105100,29.479771
2008-02-04,43.560001,44.240002,43.400002,43.900002,1085800,30.486736
2008-02-01,42.75,43.700001,42.599998,43.59,1355800,30.271453
2008-01-31,41.549999,42.970001,41.310001,42.630001,2558300,29.604774
2008-01-30,42.560001,43.07,41.799999,41.919998,1780400,29.111706
2008-01-29,42.349998,42.68,41.779999,41.889999,1411900,29.090873
2008-01-28,41.650002,42.360001,41.470001,41.970001,1583800,29.146431
2008-01-25,42.279999,42.439999,41.290001,41.470001,1180900,28.799202
2008-01-24,43.470001,43.650002,41.75,41.900002,2440000,29.097819
2008-01-23,41.59,43.779999,41.279999,43.709999,4142800,30.354788
2008-01-22,40.799999,42.150002,40.799999,41.580002,2565000,28.875592
2008-01-18,43.48,43.709999,42.470001,42.700001,2273000,29.653385
2008-01-17,44.419998,44.59,42.990002,43.099998,1792000,29.931167
2008-01-16,44.400002,44.93,44.18,44.369999,1906600,30.81313
2008-01-15,44.759998,45.220001,44.220001,44.259998,1967300,30.736739
2008-01-14,44.57,45.34,44.32,45.23,2626600,31.410365
2008-01-11,44.189999,44.650002,44.049999,44.299999,1819000,30.764518
2008-01-10,43.970001,44.970001,43.939999,44.509998,2205600,30.910354
2008-01-09,43.110001,44.209999,43.110001,44.209999,2449300,30.702017
2008-01-08,43.75,43.990002,43.380001,43.450001,1583800,30.174229
2008-01-07,43.34,43.68,43.110001,43.560001,1804900,30.25062
2008-01-04,43.099998,43.59,43.00,43.00,1126600,29.861723
2008-01-03,44.27,44.279999,43.34,43.380001,1545600,30.125618
2008-01-02,43.970001,44.450001,43.880001,44.049999,2183000,30.590904
2007-12-31,44.419998,44.900002,43.959999,43.959999,1481400,30.528402
2007-12-28,44.419998,44.939999,44.18,44.669998,1101300,31.021467
2007-12-27,45.09,45.439999,44.349998,44.349998,974200,30.799241
2007-12-26,45.200001,45.439999,44.950001,45.09,883200,31.313141
2007-12-24,45.310001,45.599998,45.220001,45.400002,546800,31.528424
2007-12-21,45.75,45.849998,44.900002,45.18,2342800,31.375643
2007-12-20,46.09,46.09,45.00,45.52,1357900,31.611759
2007-12-19,46.00,46.200001,45.619999,45.849998,1478000,31.840929
2007-12-18,46.00,46.369999,45.68,45.880001,1943600,31.861764
2007-12-17,46.68,46.93,45.740002,45.950001,2199100,31.910376
2007-12-14,47.470001,47.610001,46.75,46.790001,2354800,32.493721
2007-12-13,48.189999,48.639999,47.75,48.560001,2197200,33.722914
2007-12-12,50.52,50.52,48.32,48.720001,2650800,33.465964
2007-12-11,50.799999,50.900002,49.400002,49.52,1469700,34.015487
2007-12-10,50.540001,50.790001,50.279999,50.619999,1156000,34.77108
2007-12-07,50.990002,51.150002,50.110001,50.50,1419500,34.688653
2007-12-06,50.779999,51.00,50.189999,51.00,1049500,35.032105
2007-12-05,50.029999,50.799999,49.860001,50.799999,1311100,34.894723
2007-12-04,49.290001,49.919998,49.00,49.919998,1677200,34.290247
2007-12-03,48.830002,49.709999,48.830002,49.580002,1248700,34.056702
2007-11-30,48.959999,49.119999,48.599998,49.049999,1674500,33.692641
2007-11-29,48.639999,48.990002,48.150002,48.48,1229300,33.301106
2007-11-28,48.759998,49.240002,48.470001,48.700001,2046900,33.452226
2007-11-27,48.689999,49.220001,48.200001,48.599998,1298700,33.383534
2007-11-26,48.66,49.549999,48.400002,48.540001,1245800,33.342321
2007-11-23,48.970001,48.970001,48.209999,48.759998,372600,33.493439
2007-11-21,48.650002,49.459999,48.650002,48.75,1450600,33.486571
2007-11-20,48.43,49.25,48.200001,49.150002,1566800,33.761333
2007-11-19,48.099998,48.77,47.830002,48.450001,1381600,33.2805
2007-11-16,48.27,48.68,47.75,48.50,1179400,33.314845
2007-11-15,48.029999,48.34,47.34,47.93,1780100,32.92331
2007-11-14,48.310001,48.450001,47.830002,47.91,1367000,32.909571
2007-11-13,47.57,48.200001,47.27,48.200001,2084500,33.108774
2007-11-12,47.389999,48.09,47.389999,47.57,2154600,32.676024
2007-11-09,47.900002,48.68,47.610001,47.84,1620400,32.861488
2007-11-08,46.959999,48.580002,46.950001,48.560001,1639300,33.35606
2007-11-07,48.110001,48.400002,47.119999,47.119999,1404700,32.366916
2007-11-06,49.32,49.32,48.07,48.700001,791800,33.452226
2007-11-05,50.00,50.00,48.080002,48.970001,1117400,33.63769
2007-11-02,48.869999,50.00,48.189999,48.990002,1780400,33.651429
2007-11-01,49.349998,49.68,48.59,48.720001,987000,33.465964
2007-10-31,49.34,49.939999,49.099998,49.599998,961700,34.070438
2007-10-30,48.990002,49.84,48.990002,49.139999,885200,33.754463
2007-10-29,49.080002,49.66,48.98,49.110001,720900,33.733857
2007-10-26,48.700001,48.990002,48.349998,48.970001,874000,33.63769
2007-10-25,48.00,48.669998,47.84,48.549999,818500,33.349189
2007-10-24,47.459999,48.189999,47.25,47.959999,1014800,32.943916
2007-10-23,48.599998,48.599998,47.189999,47.540001,1064200,32.655417
2007-10-22,47.25,48.18,47.049999,48.080002,725300,33.026346
2007-10-19,48.779999,48.860001,47.529999,47.529999,1677000,32.648547
2007-10-18,48.459999,48.93,48.439999,48.77,737900,33.500309
2007-10-17,49.650002,49.75,48.400002,48.759998,1031900,33.493439
2007-10-16,49.889999,49.91,49.110001,49.27,748200,33.843761
2007-10-15,50.450001,50.82,49.25,49.68,773400,34.125392
2007-10-12,50.630001,51.189999,50.380001,50.529999,1311800,34.709259
2007-10-11,50.59,50.98,50.200001,50.389999,1163300,34.613093
2007-10-10,49.990002,50.209999,49.73,49.970001,1306700,34.324594
2007-10-09,49.029999,50.130001,48.869999,50.040001,1537200,34.372677
2007-10-08,48.799999,49.380001,48.77,48.98,349200,33.644558
2007-10-05,49.00,49.400002,48.700001,48.939999,609300,33.617081
2007-10-04,48.68,49.00,48.400002,48.98,561800,33.644558
2007-10-03,48.630001,48.779999,47.93,48.439999,721600,33.273629
2007-10-02,49.169998,49.330002,48.689999,48.880001,559000,33.575869
2007-10-01,48.740002,49.25,48.580002,49.080002,874900,33.71325
2007-09-28,49.599998,49.599998,48.279999,48.439999,1001700,33.273629
2007-09-27,49.98,49.98,49.009998,49.580002,934800,34.056702
2007-09-26,49.549999,49.790001,49.00,49.610001,805800,34.077309
2007-09-25,49.040001,49.810001,48.900002,49.18,998000,33.78194
2007-09-24,48.98,49.650002,48.91,49.200001,1453500,33.795678
2007-09-21,49.459999,49.66,48.880001,49.220001,1386400,33.809416
2007-09-20,49.540001,49.540001,48.720001,48.91,736900,33.596475
2007-09-19,49.189999,49.66,48.91,49.540001,1028800,34.029225
2007-09-18,48.549999,49.009998,47.939999,49.009998,1382600,33.665165
2007-09-17,48.00,48.389999,47.639999,48.209999,1083100,33.115642
2007-09-14,48.25,48.880001,48.220001,48.759998,779500,33.129378
2007-09-13,48.66,48.830002,48.200001,48.380001,778000,32.871194
2007-09-12,48.049999,48.50,48.049999,48.279999,1470200,32.803248
2007-09-11,47.900002,48.110001,47.619999,48.080002,969100,32.667363
2007-09-10,47.98,48.240002,47.279999,47.720001,805000,32.422765
2007-09-07,47.099998,48.220001,47.099998,47.73,1145200,32.429558
2007-09-06,48.439999,48.630001,47.880001,48.48,888900,32.939136
2007-09-05,48.50,48.68,48.00,48.369999,1317800,32.864398
2007-09-04,47.98,48.849998,47.889999,48.540001,752300,32.979904
2007-08-31,48.049999,48.189999,47.32,47.810001,777600,32.483914
2007-08-30,47.75,48.25,47.330002,47.619999,643000,32.35482
2007-08-29,47.040001,48.150002,46.900002,48.119999,964200,32.694538
2007-08-28,46.75,47.580002,46.540001,46.599998,1288900,31.661793
2007-08-27,48.75,48.810001,47.450001,47.549999,1161000,32.307259
2007-08-24,48.299999,49.060001,47.880001,49.060001,692100,33.333211
2007-08-23,48.549999,48.66,47.900002,48.220001,675700,32.762484
2007-08-22,48.380001,48.470001,47.790001,48.27,717000,32.796455
2007-08-21,47.049999,48.509998,47.029999,48.060001,1447000,32.653774
2007-08-20,47.580002,47.689999,46.560001,47.470001,1441900,32.252905
2007-08-17,48.27,48.509998,46.18,47.689999,2000300,32.40238
2007-08-16,46.200001,47.169998,45.259998,46.779999,1932200,31.784092
2007-08-15,47.310001,48.279999,46.509998,46.549999,1182700,31.627821
2007-08-14,48.610001,49.209999,47.52,47.52,1899700,32.286877
2007-08-13,48.32,50.009998,48.130001,49.189999,1487300,33.421536
2007-08-10,47.50,48.84,46.799999,48.040001,1669800,32.640185
2007-08-09,48.990002,49.849998,48.200001,48.259998,1858600,32.789659
2007-08-08,49.34,50.529999,48.830002,49.889999,2193500,33.897143
2007-08-07,48.00,49.549999,47.720001,49.150002,1615600,33.394361
2007-08-06,46.59,48.43,45.990002,48.43,1326500,32.905165
2007-08-03,48.169998,48.549999,46.18,46.220001,2048100,31.403608
2007-08-02,48.25,48.810001,47.66,48.119999,1483200,32.694538
2007-08-01,46.25,48.27,46.240002,48.220001,1858000,32.762484
2007-07-31,47.50,48.150002,46.380001,46.380001,2104200,31.512318
2007-07-30,46.220001,47.52,46.009998,47.330002,2156700,32.157785
2007-07-27,48.619999,48.84,46.349998,46.349998,3494600,31.491933
2007-07-26,49.639999,49.790001,48.00,48.619999,2213200,33.034257
2007-07-25,49.799999,50.189999,48.59,49.73,1959500,33.788433
2007-07-24,51.00,51.419998,49.400002,49.50,1571100,33.632163
2007-07-23,50.959999,51.740002,50.84,51.209999,788500,34.794001
2007-07-20,51.400002,51.700001,50.810001,50.889999,1368000,34.576581
2007-07-19,50.369999,51.389999,50.27,51.34,1129000,34.882328
2007-07-18,49.25,50.52,49.25,50.43,1305500,34.26404
2007-07-17,50.619999,50.630001,50.040001,50.09,907700,34.033031
2007-07-16,50.900002,51.259998,50.240002,50.330002,1022800,34.196098
2007-07-13,50.549999,51.18,50.34,50.900002,1286800,34.583377
2007-07-12,49.119999,50.669998,48.830002,50.669998,1919800,34.427104
2007-07-11,48.299999,49.110001,48.290001,49.110001,1491300,33.367183
2007-07-10,48.560001,49.00,48.259998,48.259998,1246700,32.789659
2007-07-09,48.860001,49.16,48.650002,48.93,894600,33.244884
2007-07-06,48.700001,48.900002,48.209999,48.619999,1121700,33.034257
2007-07-05,49.009998,49.349998,48.459999,48.990002,1261900,33.285651
2007-07-03,48.799999,49.650002,48.66,49.09,1049300,33.353594
2007-07-02,48.360001,48.740002,47.650002,48.700001,1800700,33.088613
2007-06-29,48.310001,48.77,47.720001,48.220001,1947900,32.762484
2007-06-28,48.57,48.889999,48.189999,48.220001,1303600,32.762484
2007-06-27,47.50,48.619999,47.220001,48.549999,1919300,32.986697
2007-06-26,48.560001,49.09,47.950001,47.959999,2548000,32.585828
2007-06-25,48.279999,49.360001,48.23,48.560001,1335800,32.993493
2007-06-22,49.470001,49.470001,48.240002,48.459999,1852700,32.925547
2007-06-21,49.450001,50.02,49.25,49.48,1435800,33.618574
2007-06-20,50.900002,51.099998,49.529999,49.549999,1582900,33.666134
2007-06-19,50.93,51.099998,50.439999,50.889999,803700,34.576581
2007-06-18,51.450001,51.57,50.759998,50.759998,638400,34.488253
2007-06-15,51.220001,51.779999,51.09,51.380001,1073400,34.909507
2007-06-14,50.799999,51.169998,50.400002,50.98,1390200,34.63773
2007-06-13,50.389999,51.299999,50.349998,51.240002,1297000,34.454284
2007-06-12,50.57,50.759998,49.82,49.98,1046500,33.607046
2007-06-11,50.060001,51.279999,50.060001,50.759998,2070000,34.131525
2007-06-08,49.290001,50.209999,49.099998,50.060001,1787900,33.66084
2007-06-07,51.400002,51.400002,49.330002,49.330002,3407400,33.169981
2007-06-06,52.41,52.470001,51.369999,51.400002,3702600,34.561869
2007-06-05,52.470001,52.700001,52.18,52.400002,3076400,35.234279
2007-06-04,52.52,52.849998,52.080002,52.450001,1359400,35.267899
2007-06-01,53.130001,53.43,52.48,52.709999,1423300,35.442725
2007-05-31,52.779999,53.060001,52.549999,52.880001,1632600,35.557036
2007-05-30,52.080002,52.849998,52.009998,52.779999,1332200,35.489793
2007-05-29,52.299999,52.959999,52.240002,52.279999,869300,35.153588
2007-05-25,52.439999,52.900002,51.57,52.209999,1229700,35.10652
2007-05-24,53.200001,53.389999,52.290001,52.330002,1281800,35.187211
2007-05-23,54.150002,54.52,53.50,53.52,1886900,35.987378
2007-05-22,53.790001,54.740002,53.740002,54.200001,2066400,36.444617
2007-05-21,53.099998,53.98,53.049999,53.73,1343700,36.128583
2007-05-18,52.860001,52.950001,52.66,52.919998,631100,35.58393
2007-05-17,52.50,52.900002,52.50,52.799999,773300,35.503242
2007-05-16,52.720001,52.939999,52.549999,52.790001,747500,35.496519
2007-05-15,52.759998,53.279999,52.57,52.630001,866900,35.388933
2007-05-14,52.07,52.779999,51.959999,52.599998,1129700,35.368759
2007-05-11,51.939999,52.049999,51.73,52.00,1492600,34.965314
2007-05-10,51.799999,51.939999,51.700001,51.77,1704400,34.81066
2007-05-09,51.84,52.040001,51.689999,51.93,1297300,34.918246
2007-05-08,51.75,51.91,51.509998,51.860001,1431700,34.871177
2007-05-07,51.380001,52.169998,51.360001,51.77,876900,34.81066
2007-05-04,51.490002,51.73,51.240002,51.389999,757300,34.555144
2007-05-03,51.349998,51.939999,50.950001,51.50,1156200,34.629109
2007-05-02,51.110001,51.560001,50.82,51.349998,1190800,34.528247
2007-05-01,50.610001,51.529999,50.610001,51.290001,1889900,34.487904
2007-04-30,50.900002,51.09,50.59,50.59,928800,34.017217
2007-04-27,51.299999,51.400002,50.860001,50.98,1107400,34.279456
2007-04-26,51.43,51.82,51.43,51.459999,1536300,34.602212
2007-04-25,50.650002,51.540001,50.580002,51.439999,1870300,34.588764
2007-04-24,49.740002,50.200001,49.549999,50.119999,865700,33.701183
2007-04-23,49.549999,50.009998,49.549999,49.830002,770600,33.506186
2007-04-20,49.099998,49.73,48.77,49.689999,1371200,33.412047
2007-04-19,49.57,49.799999,48.689999,48.73,828700,32.766534
2007-04-18,48.990002,49.32,48.880001,49.09,634400,33.008602
2007-04-17,49.57,49.57,48.759998,49.240002,686500,33.109464
2007-04-16,48.740002,49.009998,48.52,48.990002,938000,32.941362
2007-04-13,49.099998,49.119999,48.619999,48.700001,1143300,32.746362
2007-04-12,48.720001,49.029999,48.630001,49.00,889200,32.948085
2007-04-11,48.82,49.040001,48.610001,48.790001,890500,32.806879
2007-04-10,48.419998,48.93,48.380001,48.919998,509600,32.894291
2007-04-09,48.41,48.650002,48.41,48.57,443800,32.658948
2007-04-05,48.220001,48.619999,48.169998,48.41,654300,32.551363
2007-04-04,48.75,48.849998,48.25,48.349998,1250100,32.511017
2007-04-03,48.75,48.93,48.459999,48.639999,966900,32.706017
2007-04-02,47.799999,48.900002,47.799999,48.73,1410900,32.766534
2007-03-30,48.099998,48.25,47.419998,47.900002,1961000,32.208435
2007-03-29,48.299999,48.529999,47.91,48.18,1037000,32.396709
2007-03-28,47.580002,48.549999,47.560001,48.150002,1622300,32.376537
2007-03-27,47.889999,48.07,47.580002,47.830002,1029500,32.161366
2007-03-26,47.689999,48.009998,47.400002,48.009998,1333400,32.282398
2007-03-23,47.59,47.799999,47.150002,47.75,983600,32.107572
2007-03-22,47.700001,47.84,47.290001,47.459999,1050000,31.912573
2007-03-21,47.349998,48.00,46.900002,47.799999,1389600,32.141192
2007-03-20,46.68,47.48,46.509998,47.470001,861400,31.919298
2007-03-19,46.560001,46.880001,46.27,46.82,910000,31.482231
2007-03-16,46.599998,46.830002,46.23,46.310001,1256600,31.139303
2007-03-15,45.790001,46.84,45.669998,46.48,1609500,31.253611
2007-03-14,46.240002,46.529999,45.650002,46.32,1936400,30.789648
2007-03-13,46.369999,46.860001,46.009998,46.119999,1653200,30.656704
2007-03-12,46.330002,46.619999,46.27,46.50,1044600,30.909297
2007-03-09,46.349998,46.689999,46.130001,46.48,715800,30.896002
2007-03-08,46.50,46.650002,46.150002,46.23,866500,30.729823
2007-03-07,46.349998,46.77,46.080002,46.310001,1376900,30.783002
2007-03-06,45.880001,46.459999,45.720001,46.419998,942700,30.856119
2007-03-05,46.299999,46.490002,45.82,45.82,970900,30.45729
2007-03-02,47.25,47.450001,46.599998,46.639999,1650100,31.002357
2007-03-01,46.310001,46.869999,45.900002,46.759998,1462200,31.082122
2007-02-28,46.639999,46.869999,46.029999,46.299999,2097500,30.776353
2007-02-27,47.98,48.00,46.389999,46.639999,1260000,31.002357
2007-02-26,48.400002,48.689999,47.810001,47.889999,1087400,31.833252
2007-02-23,47.810001,47.950001,47.639999,47.75,566100,31.740192
2007-02-22,47.93,48.040001,47.68,47.759998,1179100,31.746838
2007-02-21,47.990002,48.02,47.470001,47.790001,1290000,31.766781
2007-02-20,48.029999,48.09,47.869999,47.990002,1004200,31.899725
2007-02-16,47.849998,48.189999,47.57,47.990002,1080400,31.899725
2007-02-15,48.299999,48.43,47.959999,48.080002,866900,31.95955
2007-02-14,48.00,48.59,48.00,48.32,1655900,32.11908
2007-02-13,47.299999,48.169998,47.18,48.00,3482400,31.906371
2007-02-12,47.240002,47.360001,46.73,46.740002,1112300,31.06883
2007-02-09,47.490002,47.689999,47.119999,47.32,1195100,31.454364
2007-02-08,47.099998,47.419998,47.099998,47.419998,751600,31.520835
2007-02-07,47.150002,47.349998,47.09,47.240002,453700,31.401188
2007-02-06,47.099998,47.43,47.099998,47.220001,1215800,31.387893
2007-02-05,46.939999,47.130001,46.689999,47.099998,1035600,31.308126
2007-02-02,46.709999,47.139999,46.709999,46.939999,966700,31.201771
2007-02-01,46.419998,46.830002,46.400002,46.700001,1097400,31.042241
2007-01-31,46.349998,46.599998,45.990002,46.369999,961500,30.822883
2007-01-30,46.34,46.439999,46.18,46.310001,912900,30.783002
2007-01-29,46.09,46.490002,46.029999,46.200001,1025700,30.709883
2007-01-26,46.23,46.330002,45.889999,46.040001,1027600,30.603528
2007-01-25,46.529999,46.549999,46.060001,46.099998,738200,30.64341
2007-01-24,45.759998,46.709999,45.759998,46.529999,1248600,30.929238
2007-01-23,45.900002,46.119999,45.799999,45.900002,900500,30.510468
2007-01-22,45.950001,46.00,45.720001,45.900002,634200,30.510468
2007-01-19,46.099998,46.200001,45.75,46.049999,678200,30.610174
2007-01-18,46.369999,46.439999,46.02,46.060001,691400,30.616823
2007-01-17,46.490002,46.490002,45.950001,46.369999,706200,30.822883
2007-01-16,45.799999,46.610001,45.25,46.290001,882100,30.769707
2007-01-12,46.630001,46.919998,45.900002,45.950001,1373100,30.543704
2007-01-11,47.27,47.360001,46.639999,46.779999,1199900,31.095417
2007-01-10,47.27,47.34,46.869999,47.169998,752400,31.354656
2007-01-09,47.470001,47.549999,47.099998,47.25,994800,31.407834
2007-01-08,47.52,47.790001,47.240002,47.470001,633800,31.554072
2007-01-05,48.650002,48.700001,47.360001,47.669998,1100600,31.687014
2007-01-04,49.02,49.299999,48.709999,48.77,581200,32.418203
2007-01-03,48.529999,49.419998,48.470001,49.200001,1184200,32.704031
2006-12-29,48.610001,48.700001,48.189999,48.41,622800,32.178905
2006-12-28,49.18,49.209999,48.580002,48.610001,502500,32.311848
2006-12-27,48.919998,49.240002,48.919998,49.189999,621600,32.697382
2006-12-26,48.369999,48.849998,48.32,48.790001,446400,32.431497
2006-12-22,48.549999,48.549999,48.220001,48.299999,560200,32.105785
2006-12-21,48.32,48.560001,48.240002,48.380001,650400,32.158964
2006-12-20,48.549999,48.75,48.360001,48.369999,652700,32.152315
2006-12-19,48.209999,48.66,48.00,48.509998,731800,32.245375
2006-12-18,48.669998,48.77,48.18,48.23,802000,32.059256
2006-12-15,48.900002,48.919998,48.459999,48.720001,977600,32.384967
2006-12-14,48.450001,48.919998,48.32,48.779999,2139400,32.424849
2006-12-13,48.75,48.93,48.540001,48.75,930900,32.052609
2006-12-12,47.869999,48.619999,47.860001,48.59,1270900,31.947411
2006-12-11,47.400002,47.869999,47.25,47.830002,891700,31.44772
2006-12-08,47.389999,47.68,47.07,47.220001,597100,31.046651
2006-12-07,47.73,47.759998,47.200001,47.290001,547300,31.092675
2006-12-06,47.77,47.790001,47.549999,47.599998,514400,31.296495
2006-12-05,47.77,47.830002,47.599998,47.759998,614300,31.401694
2006-12-04,47.310001,47.900002,47.310001,47.77,644800,31.40827
2006-12-01,47.09,47.369999,46.98,47.310001,928700,31.105825
2006-11-30,46.880001,47.200001,46.75,47.09,1076000,30.961177
2006-11-29,46.57,46.970001,46.549999,46.900002,884600,30.836255
2006-11-28,46.529999,46.77,46.34,46.599998,791100,30.639006
2006-11-27,46.77,46.779999,46.48,46.52,596100,30.586408
2006-11-24,46.849998,46.950001,46.740002,46.740002,255700,30.731057
2006-11-22,46.630001,47.009998,46.599998,47.00,636900,30.902003
2006-11-21,46.82,46.91,46.650002,46.849998,663100,30.803378
2006-11-20,46.830002,47.029999,46.77,46.810001,566700,30.777081
2006-11-17,46.849998,47.25,46.799999,46.950001,1445200,30.869129
2006-11-16,46.509998,46.959999,46.450001,46.810001,769300,30.777081
2006-11-15,45.98,46.50,45.959999,46.41,1110500,30.514084
2006-11-14,46.189999,46.25,45.869999,46.029999,904400,30.264237
2006-11-13,46.18,46.259998,45.91,46.07,433900,30.290537
2006-11-10,45.75,46.189999,45.599998,46.16,689400,30.349711
2006-11-09,46.080002,46.080002,45.68,45.73,859200,30.066991
2006-11-08,45.98,46.23,45.799999,46.080002,1009400,30.297114
2006-11-07,46.040001,46.27,45.619999,45.970001,1360400,30.224789
2006-11-06,45.849998,46.119999,45.689999,46.040001,599100,30.270813
2006-11-03,45.98,46.029999,45.650002,45.709999,812900,30.053841
2006-11-02,46.02,46.150002,45.639999,45.98,1404100,30.231363
2006-11-01,45.740002,46.169998,45.549999,45.959999,961200,30.218213
2006-10-31,45.299999,45.450001,45.049999,45.43,799200,29.869745
2006-10-30,45.299999,45.400002,45.099998,45.25,446000,29.751396
2006-10-27,45.200001,45.310001,45.130001,45.169998,558300,29.698796
2006-10-26,45.50,45.630001,45.139999,45.240002,892700,29.744822
2006-10-25,45.48,45.970001,45.43,45.779999,798200,30.099865
2006-10-24,45.299999,45.50,45.00,45.490002,1046600,29.909195
2006-10-23,45.279999,45.439999,44.82,45.299999,1009300,29.78427
2006-10-20,45.25,45.450001,45.040001,45.279999,1614200,29.77112
2006-10-19,45.209999,45.299999,44.950001,45.25,1202000,29.751396
2006-10-18,44.18,45.290001,44.169998,45.209999,1688900,29.725096
2006-10-17,43.470001,44.189999,43.41,44.18,1924000,29.047883
2006-10-16,43.41,43.490002,43.169998,43.380001,724900,28.521892
2006-10-13,43.369999,43.369999,42.880001,43.189999,827200,28.396967
2006-10-12,42.950001,43.259998,42.639999,43.209999,1240500,28.410117
2006-10-11,42.040001,42.939999,42.040001,42.830002,1159300,28.160273
2006-10-10,42.02,42.09,41.82,42.02,360600,27.627706
2006-10-09,41.900002,42.02,41.669998,41.970001,292200,27.594832
2006-10-06,42.25,42.310001,41.799999,41.919998,542500,27.561955
2006-10-05,42.27,42.470001,42.060001,42.259998,636500,27.785502
2006-10-04,41.720001,42.380001,41.639999,42.369999,1295000,27.857826
2006-10-03,41.830002,42.09,41.52,41.869999,899000,27.529081
2006-10-02,41.509998,42.060001,41.369999,41.900002,999600,27.548808
2006-09-29,41.700001,41.830002,41.439999,41.509998,896500,27.292385
2006-09-28,41.700001,41.75,41.27,41.73,785400,27.437033
2006-09-27,40.889999,41.650002,40.66,41.610001,874600,27.358135
2006-09-26,41.130001,41.130001,40.610001,40.869999,305600,26.871592
2006-09-25,40.599998,41.119999,40.34,40.889999,743000,26.884742
2006-09-22,40.349998,40.48,40.259998,40.360001,544700,26.536273
2006-09-21,40.540001,40.709999,40.310001,40.540001,748600,26.654622
2006-09-20,40.50,40.82,40.43,40.639999,607400,26.72037
2006-09-19,40.48,40.759998,40.48,40.490002,699300,26.621748
2006-09-18,41.099998,41.150002,40.470001,40.549999,885600,26.661195
2006-09-15,41.150002,41.299999,41.02,41.150002,810200,27.055691
2006-09-14,41.240002,41.50,40.849998,40.919998,948300,26.904466
2006-09-13,41.200001,41.75,41.00,41.66,1675400,27.052402
2006-09-12,41.299999,41.299999,40.98,41.169998,1322000,26.734214
2006-09-11,41.200001,41.349998,40.98,41.00,677200,26.623824
2006-09-08,41.220001,41.389999,41.139999,41.169998,1179600,26.734214
2006-09-07,40.849998,41.23,40.639999,41.23,1688400,26.773176
2006-09-06,41.02,41.02,40.599998,40.75,603700,26.461483
2006-09-05,41.369999,41.400002,40.810001,41.02,631600,26.636811
2006-09-01,41.849998,41.950001,41.369999,41.400002,699400,26.883569
2006-08-31,41.400002,41.799999,41.380001,41.740002,626900,27.104352
2006-08-30,41.900002,41.900002,41.349998,41.360001,1062100,26.857594
2006-08-29,41.540001,41.869999,41.330002,41.799999,876200,27.143312
2006-08-28,40.919998,41.560001,40.810001,41.52,568800,26.961492
2006-08-25,40.939999,40.98,40.700001,40.84,323200,26.519926
2006-08-24,40.68,40.939999,40.52,40.919998,381500,26.571873
2006-08-23,41.099998,41.169998,40.509998,40.549999,310000,26.33161
2006-08-22,41.07,41.16,40.950001,41.049999,401400,26.656291
2006-08-21,41.080002,41.330002,41.00,41.040001,374200,26.649799
2006-08-18,40.959999,41.220001,40.799999,41.049999,437800,26.656291
2006-08-17,40.810001,40.900002,40.439999,40.720001,529500,26.442003
2006-08-16,41.380001,41.380001,40.790001,40.860001,604900,26.532913
2006-08-15,41.400002,41.400002,41.00,41.169998,862200,26.734214
2006-08-14,41.599998,41.599998,41.169998,41.240002,799400,26.779671
2006-08-11,41.43,41.450001,41.25,41.27,264700,26.799151
2006-08-10,41.610001,41.669998,41.240002,41.549999,531900,26.980972
2006-08-09,41.779999,41.91,41.540001,41.57,555400,26.993959
2006-08-08,41.330002,41.77,41.299999,41.549999,649800,26.980972
2006-08-07,41.959999,42.119999,41.16,41.259998,456600,26.792656
2006-08-04,42.029999,42.220001,41.66,42.09,671600,27.331628
2006-08-03,42.310001,42.459999,41.669998,41.73,524600,27.097857
2006-08-02,42.48,42.75,42.169998,42.310001,889400,27.474488
2006-08-01,42.330002,42.490002,42.009998,42.48,1189800,27.584878
2006-07-31,42.200001,42.630001,42.150002,42.32,1336200,27.480981
2006-07-28,42.00,42.599998,41.830002,42.150002,1828700,27.37059
2006-07-27,43.389999,43.630001,42.540001,42.599998,1200300,27.662801
2006-07-26,43.00,43.23,42.82,43.209999,895500,28.058912
2006-07-25,42.689999,43.09,42.560001,43.02,642600,27.935534
2006-07-24,42.630001,42.950001,42.610001,42.650002,834700,27.695271
2006-07-21,42.349998,42.740002,42.07,42.639999,754000,27.688776
2006-07-20,41.700001,42.279999,41.669998,42.110001,630600,27.344615
2006-07-19,41.689999,42.09,41.540001,41.77,806300,27.123832
2006-07-18,41.700001,41.700001,41.259998,41.490002,738500,26.942012
2006-07-17,41.369999,41.860001,41.330002,41.50,598000,26.948504
2006-07-14,41.549999,41.740002,41.200001,41.330002,464800,26.838114
2006-07-13,41.41,41.849998,41.400002,41.630001,991200,27.032922
2006-07-12,41.75,41.75,41.259998,41.400002,642700,26.883569
2006-07-11,41.509998,41.720001,41.400002,41.669998,380600,27.058895
2006-07-10,41.380001,41.57,41.099998,41.48,465300,26.935517
2006-07-07,40.810001,41.400002,40.650002,41.18,650900,26.740709
2006-07-06,40.849998,40.869999,40.59,40.810001,361400,26.500446
2006-07-05,40.68,40.939999,40.639999,40.77,553200,26.474471
2006-07-03,40.740002,40.98,40.59,40.959999,321100,26.597849
2006-06-30,40.630001,40.77,40.349998,40.740002,903400,26.454991
2006-06-29,40.189999,40.700001,40.00,40.599998,831500,26.364078
2006-06-28,39.880001,39.990002,39.650002,39.939999,535800,25.935499
2006-06-27,39.869999,40.009998,39.630001,39.759998,581000,25.818614
2006-06-26,39.669998,39.950001,39.619999,39.82,618300,25.857577
2006-06-23,39.77,39.93,39.50,39.669998,812100,25.760172
2006-06-22,39.889999,39.889999,39.59,39.77,1002200,25.825109
2006-06-21,40.049999,40.32,39.869999,39.93,935000,25.929007
2006-06-20,40.25,40.310001,39.950001,40.200001,841300,26.104335
2006-06-19,40.830002,40.84,40.049999,40.23,734800,26.123815
2006-06-16,40.599998,41.02,40.549999,40.75,609400,26.461483
2006-06-15,40.630001,40.959999,40.349998,40.68,950800,26.416028
2006-06-14,41.34,41.419998,40.939999,41.150002,879400,26.386809
2006-06-13,41.75,41.830002,41.299999,41.34,988500,26.508642
2006-06-12,41.50,41.91,41.330002,41.689999,718200,26.733074
2006-06-09,41.049999,41.48,41.00,41.400002,992600,26.547117
2006-06-08,40.82,41.34,40.650002,41.150002,892900,26.386809
2006-06-07,40.439999,41.07,40.380001,40.700001,789200,26.098253
2006-06-06,40.799999,40.799999,39.93,40.34,712000,25.867408
2006-06-05,40.98,41.060001,40.599998,40.650002,551500,26.066191
2006-06-02,40.799999,41.09,40.549999,40.98,642300,26.277798
2006-06-01,40.389999,40.700001,40.25,40.689999,728800,26.091839
2006-05-31,39.889999,40.720001,39.889999,40.419998,768000,25.918705
2006-05-30,40.200001,40.32,39.810001,39.849998,737200,25.553202
2006-05-26,40.400002,40.419998,40.130001,40.41,535500,25.912294
2006-05-25,40.029999,40.25,39.720001,40.240002,630700,25.803285
2006-05-24,39.43,39.82,39.00,39.740002,818800,25.482668
2006-05-23,40.18,40.34,39.380001,39.43,703100,25.283884
2006-05-22,39.580002,40.34,39.419998,40.18,1124900,25.76481
2006-05-19,39.349998,39.740002,38.889999,39.580002,1012000,25.38007
2006-05-18,39.00,39.52,38.889999,39.150002,631500,25.104339
2006-05-17,39.400002,39.740002,38.77,39.00,747100,25.008153
2006-05-16,40.029999,40.150002,39.52,39.580002,438900,25.38007
2006-05-15,39.75,40.299999,39.669998,39.98,734500,25.636563
2006-05-12,40.349998,40.450001,39.689999,39.700001,548300,25.457018
2006-05-11,40.57,40.650002,39.990002,40.349998,704500,25.873819
2006-05-10,40.50,40.84,40.450001,40.610001,696000,26.040541
2006-05-09,41.110001,41.110001,40.360001,40.419998,852200,25.918705
2006-05-08,40.869999,41.110001,40.779999,41.009998,553500,26.297034
2006-05-05,40.799999,41.02,40.360001,40.869999,597300,26.207261
2006-05-04,40.349998,40.669998,40.330002,40.560001,379100,26.00848
2006-05-03,40.529999,40.630001,40.119999,40.360001,496200,25.880233
2006-05-02,40.389999,40.560001,40.279999,40.529999,535700,25.989241
2006-05-01,40.889999,40.990002,40.040001,40.139999,900100,25.73916
2006-04-28,41.00,41.00,40.580002,40.779999,628900,26.14955
2006-04-27,40.16,41.200001,39.75,41.040001,1101300,26.316273
2006-04-26,40.279999,40.580002,39.849998,40.16,687800,25.751985
2006-04-25,40.849998,40.889999,40.09,40.279999,830100,25.828933
2006-04-24,40.549999,41.02,40.349998,40.950001,809400,26.258561
2006-04-21,40.43,40.689999,40.27,40.52,974400,25.98283
2006-04-20,39.709999,40.209999,39.57,40.209999,1032900,25.784047
2006-04-19,39.889999,40.080002,39.27,39.720001,1075300,25.469843
2006-04-18,39.720001,39.950001,39.16,39.889999,1559500,25.578852
2006-04-17,39.75,39.939999,39.580002,39.73,886900,25.476254
2006-04-13,39.919998,39.970001,39.509998,39.669998,513100,25.437779
2006-04-12,39.709999,39.939999,39.419998,39.919998,835200,25.598088
2006-04-11,40.200001,40.299999,39.400002,39.610001,983800,25.399307
2006-04-10,40.709999,40.709999,40.00,40.049999,686300,25.681449
2006-04-07,41.34,41.34,40.27,40.509998,923100,25.976416
2006-04-06,41.549999,41.549999,40.939999,41.34,862600,26.508642
2006-04-05,41.07,41.619999,40.919998,41.599998,769600,26.675362
2006-04-04,40.900002,41.23,40.41,41.16,744300,26.39322
2006-04-03,40.50,41.139999,40.369999,40.82,1081900,26.1752
2006-03-31,40.709999,40.91,40.00,40.09,1099300,25.707099
2006-03-30,41.02,41.16,40.389999,40.709999,715300,26.104664
2006-03-29,40.98,41.189999,40.700001,41.110001,852700,26.361159
2006-03-28,40.990002,41.119999,40.619999,40.84,907300,26.188025
2006-03-27,41.299999,41.400002,40.959999,41.00,749400,26.290623
2006-03-24,41.799999,41.849998,41.32,41.380001,1087200,26.534292
2006-03-23,41.950001,42.080002,41.75,41.900002,583600,26.867735
2006-03-22,41.98,42.150002,41.799999,42.07,454400,26.976743
2006-03-21,42.279999,42.279999,41.889999,41.959999,521100,26.906207
2006-03-20,42.880001,42.889999,42.09,42.25,581000,27.092166
2006-03-17,42.900002,42.93,42.66,42.889999,774400,27.502556
2006-03-16,42.720001,43.02,42.560001,42.720001,1012100,27.393547
2006-03-15,42.700001,43.23,42.669998,43.189999,730700,27.364689
2006-03-14,42.52,42.790001,42.349998,42.77,613500,27.098583
2006-03-13,42.209999,42.689999,42.09,42.57,665900,26.971864
2006-03-10,42.299999,42.43,42.029999,42.220001,842900,26.750109
2006-03-09,42.200001,42.369999,41.970001,42.040001,1077100,26.636063
2006-03-08,42.23,42.66,41.849998,42.25,687000,26.769116
2006-03-07,42.509998,43.139999,42.130001,42.34,524700,26.826139
2006-03-06,42.98,42.98,42.23,42.509998,1829800,26.933848
2006-03-03,42.849998,43.049999,42.580002,42.98,671900,27.231636
2006-03-02,42.650002,43.060001,42.48,43.029999,679900,27.263315
2006-03-01,43.25,43.349998,42.860001,43.080002,548300,27.294996
2006-02-28,43.700001,43.77,43.07,43.299999,888600,27.434384
2006-02-27,43.549999,43.799999,43.310001,43.779999,762700,27.738506
2006-02-24,43.299999,43.439999,43.200001,43.43,671000,27.516751
2006-02-23,43.130001,43.450001,42.919998,43.389999,771300,27.491407
2006-02-22,42.950001,43.27,42.91,43.23,617000,27.390033
2006-02-21,42.98,43.349998,42.75,42.849998,843000,27.149269
2006-02-17,42.650002,43.02,42.48,42.869999,977100,27.161941
2006-02-16,42.00,42.669998,41.950001,42.650002,532600,27.022553
2006-02-15,42.150002,42.34,41.849998,41.98,767200,26.598047
2006-02-14,42.23,42.259998,41.799999,42.189999,659100,26.7311
2006-02-13,42.00,42.27,41.91,42.23,450700,26.756444
2006-02-10,41.98,42.220001,41.950001,42.049999,917800,26.642398
2006-02-09,42.02,42.349998,41.950001,41.990002,692400,26.604384
2006-02-08,42.09,42.150002,41.799999,42.040001,1141600,26.636063
2006-02-07,41.950001,42.16,41.84,42.099998,746300,26.674077
2006-02-06,41.099998,42.040001,41.060001,42.029999,999400,26.629726
2006-02-03,41.50,41.700001,41.169998,41.169998,672900,26.08484
2006-02-02,42.200001,42.290001,41.529999,41.740002,828700,26.445987
2006-02-01,42.200001,42.509998,42.189999,42.330002,774400,26.819805
2006-01-31,42.169998,42.439999,42.080002,42.200001,564700,26.737437
2006-01-30,42.400002,42.490002,42.209999,42.259998,529600,26.775451
2006-01-27,42.580002,43.099998,42.450001,42.48,573200,26.914841
2006-01-26,42.900002,43.099998,42.400002,42.57,686700,26.971864
2006-01-25,43.950001,44.049999,42.439999,42.759998,1231900,27.092245
2006-01-24,43.25,44.00,43.200001,43.950001,1009100,27.846217
2006-01-23,43.25,43.560001,43.049999,43.25,396200,27.402705
2006-01-20,43.720001,43.93,43.25,43.369999,572700,27.478735
2006-01-19,43.990002,44.099998,43.720001,43.860001,544200,27.789194
2006-01-18,44.00,44.169998,43.75,43.98,752200,27.865224
2006-01-17,43.790001,44.23,43.709999,44.080002,790900,27.928585
2006-01-13,43.639999,43.900002,43.50,43.860001,542700,27.789194
2006-01-12,43.450001,44.00,43.32,43.639999,1039600,27.649804
2006-01-11,43.599998,43.669998,43.27,43.580002,587600,27.61179
2006-01-10,43.400002,43.580002,43.220001,43.57,449400,27.605453
2006-01-09,43.619999,43.700001,43.220001,43.66,548200,27.662476
2006-01-06,43.490002,43.709999,43.259998,43.700001,407300,27.68782
2006-01-05,43.419998,43.700001,43.16,43.240002,383500,27.39637
2006-01-04,43.650002,43.709999,42.860001,43.610001,798100,27.630797
2006-01-03,43.220001,43.75,42.830002,43.720001,621400,27.700492
2005-12-30,43.119999,43.279999,42.970001,43.189999,519500,27.364689
2005-12-29,43.490002,43.759998,43.310001,43.369999,458900,27.478735
2005-12-28,43.75,43.880001,43.25,43.490002,367200,27.554767
2005-12-27,43.610001,43.91,43.52,43.66,341400,27.662476
2005-12-23,43.57,43.919998,43.57,43.619999,252300,27.637132
2005-12-22,43.68,43.900002,43.43,43.650002,346100,27.656141
2005-12-21,43.950001,44.099998,43.41,43.50,390000,27.561102
2005-12-20,43.75,43.900002,43.669998,43.82,434000,27.76385
2005-12-19,44.119999,44.18,43.619999,43.669998,483700,27.668811
2005-12-16,44.27,44.400002,44.099998,44.200001,948700,28.004615
2005-12-15,43.779999,44.259998,43.549999,44.049999,696300,27.909575
2005-12-14,43.790001,44.310001,43.759998,44.299999,695200,27.741674
2005-12-13,43.369999,43.810001,43.369999,43.709999,679400,27.372203
2005-12-12,43.84,43.950001,43.259998,43.450001,396800,27.209386
2005-12-09,43.349998,43.900002,43.349998,43.799999,412600,27.428563
2005-12-08,43.209999,43.669998,43.060001,43.419998,533000,27.190598
2005-12-07,43.389999,43.630001,43.060001,43.209999,530100,27.059091
2005-12-06,43.849998,43.939999,43.34,43.389999,636800,27.171812
2005-12-05,43.73,43.880001,43.299999,43.73,569400,27.384728
2005-12-02,43.849998,43.860001,43.59,43.73,450100,27.384728
2005-12-01,43.740002,44.349998,43.73,44.009998,756000,27.560069
2005-11-30,44.02,44.200001,43.599998,43.639999,647800,27.328367
2005-11-29,44.299999,44.639999,44.029999,44.119999,710100,27.628954
2005-11-28,44.330002,44.41,44.00,44.130001,318300,27.635218
2005-11-25,44.099998,44.439999,44.07,44.330002,111900,27.760463
2005-11-23,43.75,44.369999,43.68,44.18,440800,27.666528
2005-11-22,43.50,43.860001,43.290001,43.810001,429500,27.434826
2005-11-21,43.439999,43.779999,43.439999,43.700001,282800,27.365942
2005-11-18,43.799999,43.810001,43.00,43.540001,906400,27.265746
2005-11-17,43.169998,43.580002,43.150002,43.439999,792400,27.203122
2005-11-16,43.02,43.419998,43.00,43.169998,597500,27.034042
2005-11-15,42.84,43.16,42.700001,43.02,491100,26.94011
2005-11-14,43.209999,43.419998,42.799999,42.900002,510000,26.864964
2005-11-11,43.560001,43.560001,43.049999,43.400002,672400,27.178075
2005-11-10,43.439999,43.599998,42.68,43.560001,702200,27.278271
2005-11-09,42.66,43.740002,42.459999,43.48,931400,27.228172
2005-11-08,42.349998,42.860001,42.110001,42.700001,629700,26.739719
2005-11-07,42.740002,42.849998,42.200001,42.459999,763500,26.589424
2005-11-04,43.259998,43.470001,42.509998,42.720001,731300,26.752243
2005-11-03,43.259998,43.490002,42.549999,42.790001,984900,26.796079
2005-11-02,42.880001,43.150002,42.470001,43.150002,743000,27.021519
2005-11-01,43.150002,43.25,42.68,42.759998,817000,26.777291
2005-10-31,42.939999,43.419998,42.84,43.200001,736600,27.05283
2005-10-28,42.02,42.75,41.869999,42.740002,447200,26.764768
2005-10-27,42.48,42.66,41.91,41.970001,516600,26.282576
2005-10-26,42.59,42.939999,42.18,42.360001,639400,26.526803
2005-10-25,42.369999,42.900002,42.240002,42.779999,569800,26.789815
2005-10-24,41.82,42.59,41.799999,42.490002,614500,26.608212
2005-10-21,41.849998,42.16,41.66,41.810001,860300,26.182381
2005-10-20,42.369999,42.48,41.630001,41.849998,846900,26.207428
2005-10-19,42.369999,42.490002,41.389999,42.490002,1234400,26.608212
2005-10-18,42.880001,42.880001,42.23,42.419998,897400,26.564375
2005-10-17,42.84,43.48,42.73,42.880001,841900,26.852439
2005-10-14,42.849998,42.990002,42.200001,42.799999,680800,26.80234
2005-10-13,42.799999,43.00,42.220001,42.549999,772400,26.645784
2005-10-12,43.48,43.880001,42.810001,43.060001,520200,26.965159
2005-10-11,43.950001,44.189999,43.470001,43.48,485500,27.228172
2005-10-10,44.509998,44.52,43.759998,43.889999,433300,27.484923
2005-10-07,44.509998,44.98,44.34,44.580002,517600,27.917018
2005-10-06,44.849998,45.130001,43.790001,44.419998,818000,27.81682
2005-10-05,45.900002,46.189999,44.84,44.849998,882000,28.086096
2005-10-04,46.490002,46.630001,45.91,45.93,564200,28.762418
2005-10-03,45.889999,46.650002,45.880001,46.490002,737800,29.113104
2005-09-30,46.029999,46.209999,45.59,45.860001,903400,28.718583
2005-09-29,45.509998,46.099998,45.299999,45.919998,948900,28.756155
2005-09-28,45.50,45.810001,45.169998,45.57,844900,28.536978
2005-09-27,45.290001,45.689999,45.150002,45.450001,888900,28.461832
2005-09-26,45.32,45.459999,45.119999,45.18,706800,28.292751
2005-09-23,45.00,45.189999,44.799999,45.16,781200,28.280226
2005-09-22,45.00,45.299999,44.630001,44.98,779600,28.167506
2005-09-21,45.400002,45.66,44.91,45.040001,764300,28.20508
2005-09-20,45.82,46.080002,45.23,45.50,790200,28.493142
2005-09-19,46.099998,46.369999,45.68,45.799999,622400,28.681009
2005-09-16,46.209999,46.349998,45.950001,46.25,1260200,28.96281
2005-09-15,46.049999,46.27,45.950001,46.080002,589100,28.856353
2005-09-14,46.560001,46.68,46.200001,46.43,639500,28.753026
2005-09-13,46.799999,46.93,46.459999,46.48,652600,28.783989
2005-09-12,46.639999,46.900002,46.50,46.720001,493600,28.932617
2005-09-09,46.220001,46.950001,46.220001,46.700001,570800,28.920231
2005-09-08,46.599998,46.599998,46.16,46.25,582600,28.641556
2005-09-07,46.73,46.84,46.470001,46.610001,567800,28.864496
2005-09-06,46.299999,46.869999,46.299999,46.759998,508800,28.957386
2005-09-02,46.529999,46.720001,46.07,46.23,397100,28.62917
2005-09-01,45.66,46.700001,45.610001,46.529999,912900,28.814953
2005-08-31,45.369999,45.779999,45.279999,45.77,832600,28.344303
2005-08-30,45.59,45.799999,45.040001,45.450001,378600,28.146135
2005-08-29,45.209999,45.73,45.040001,45.689999,413200,28.29476
2005-08-26,45.57,45.709999,45.400002,45.459999,503500,28.152326
2005-08-25,45.400002,45.59,45.299999,45.580002,460300,28.226641
2005-08-24,45.599998,45.900002,45.32,45.400002,465500,28.115171
2005-08-23,45.450001,45.740002,45.419998,45.639999,426100,28.263796
2005-08-22,44.98,45.459999,44.93,45.450001,479100,28.146135
2005-08-19,45.080002,45.279999,44.970001,45.00,382900,27.86746
2005-08-18,44.700001,45.110001,44.59,45.00,749000,27.86746
2005-08-17,44.400002,44.869999,44.110001,44.619999,640600,27.632134
2005-08-16,45.580002,45.599998,44.639999,44.669998,452000,27.663097
2005-08-15,45.52,45.75,45.310001,45.48,406800,28.164712
2005-08-12,45.580002,45.82,45.23,45.52,381100,28.189484
2005-08-11,45.360001,45.599998,45.119999,45.59,609700,28.232833
2005-08-10,45.700001,45.98,45.00,45.290001,508200,28.047051
2005-08-09,45.91,45.91,45.02,45.349998,919600,28.084206
2005-08-08,45.799999,46.139999,44.84,44.959999,1070000,27.842688
2005-08-05,46.700001,46.709999,45.77,45.990002,577100,28.480545
2005-08-04,47.07,47.130001,46.50,46.700001,482300,28.920231
2005-08-03,46.549999,47.389999,46.450001,47.060001,997800,29.143171
2005-08-02,46.50,46.799999,46.43,46.549999,666900,28.827338
2005-08-01,46.970001,47.130001,46.360001,46.389999,710000,28.728254
2005-07-29,47.50,47.599998,46.970001,47.00,1062100,29.106013
2005-07-28,47.380001,47.759998,47.150002,47.75,606500,29.570471
2005-07-27,47.349998,47.549999,47.23,47.299999,437600,29.291796
2005-07-26,47.540001,47.599998,47.18,47.310001,459000,29.29799
2005-07-25,47.52,47.860001,47.380001,47.48,382900,29.403266
2005-07-22,47.220001,47.59,47.150002,47.59,399500,29.471387
2005-07-21,47.529999,47.709999,46.939999,47.139999,488600,29.192712
2005-07-20,47.599998,47.82,47.369999,47.650002,529800,29.508544
2005-07-19,47.639999,47.790001,47.509998,47.560001,355600,29.452809
2005-07-18,47.790001,47.849998,47.52,47.529999,337300,29.434229
2005-07-15,47.50,47.84,47.389999,47.68,761000,29.527122
2005-07-14,48.049999,48.139999,47.23,47.380001,629200,29.341339
2005-07-13,47.799999,47.880001,47.630001,47.810001,599300,29.607629
2005-07-12,47.990002,48.119999,47.650002,47.830002,397100,29.620014
2005-07-11,48.110001,48.220001,47.790001,47.98,404400,29.712904
2005-07-08,47.700001,48.119999,47.50,48.110001,428000,29.793411
2005-07-07,47.02,47.740002,46.650002,47.700001,493300,29.539508
2005-07-06,47.450001,47.720001,47.349998,47.509998,919700,29.421844
2005-07-05,47.00,47.619999,46.919998,47.450001,454300,29.384688
2005-07-01,46.860001,47.130001,46.75,47.07,432700,29.149363
2005-06-30,46.73,47.23,46.66,46.77,546500,28.96358
2005-06-29,46.700001,47.080002,46.52,46.810001,393300,28.988352
2005-06-28,46.450001,46.82,46.439999,46.82,893600,28.994543
2005-06-27,46.259998,46.669998,46.150002,46.549999,399000,28.827338
2005-06-24,46.799999,47.139999,46.279999,46.360001,596200,28.709677
2005-06-23,46.860001,47.009998,46.720001,46.900002,578700,29.044087
2005-06-22,47.040001,47.080002,46.82,46.889999,595700,29.037893
2005-06-21,46.959999,47.080002,46.669998,46.82,691800,28.994543
2005-06-20,47.009998,47.119999,46.790001,47.009998,585900,29.112205
2005-06-17,47.00,47.220001,46.849998,47.080002,860800,29.155557
2005-06-16,47.049999,47.07,46.610001,46.970001,517700,29.087436
2005-06-15,47.830002,47.900002,47.400002,47.540001,480700,29.121496
2005-06-14,47.580002,48.00,47.580002,47.830002,472800,29.299141
2005-06-13,47.380001,47.880001,47.220001,47.650002,506100,29.188878
2005-06-10,47.450001,47.610001,47.310001,47.509998,439000,29.103117
2005-06-09,47.419998,47.490002,47.150002,47.450001,534700,29.066364
2005-06-08,47.360001,47.709999,47.279999,47.490002,346900,29.090868
2005-06-07,47.369999,47.84,47.27,47.299999,397800,28.974478
2005-06-06,47.119999,47.330002,47.009998,47.27,412400,28.956102
2005-06-03,47.169998,47.43,46.98,47.27,583700,28.956102
2005-06-02,47.349998,47.529999,47.099998,47.32,818300,28.98673
2005-06-01,47.48,48.220001,47.450001,47.799999,862800,29.280762
2005-05-31,46.84,47.709999,46.73,47.540001,909100,29.121496
2005-05-27,46.599998,47.00,46.509998,46.959999,289600,28.766205
2005-05-26,46.450001,46.689999,46.330002,46.669998,423300,28.58856
2005-05-25,46.150002,46.50,45.950001,46.369999,542800,28.40479
2005-05-24,46.380001,46.41,46.040001,46.32,545200,28.374162
2005-05-23,46.43,46.450001,46.00,46.360001,485800,28.398665
2005-05-20,46.25,46.380001,46.00,46.380001,446700,28.410917
2005-05-19,46.09,46.330002,46.009998,46.200001,467100,28.300654
2005-05-18,46.50,46.50,46.080002,46.080002,708700,28.227147
2005-05-17,46.099998,46.470001,45.990002,46.330002,562000,28.380289
2005-05-16,45.41,46.360001,45.150002,46.299999,787600,28.36191
2005-05-13,46.32,46.369999,44.77,45.41,841200,27.816725
2005-05-12,46.369999,46.580002,46.080002,46.27,661200,28.343534
2005-05-11,46.400002,46.599998,46.110001,46.400002,349400,28.423168
2005-05-10,46.790001,46.790001,46.259998,46.50,501200,28.484424
2005-05-09,46.369999,46.790001,45.84,46.790001,542500,28.662069
2005-05-06,46.099998,46.389999,45.939999,46.27,462800,28.343534
2005-05-05,45.950001,46.259998,45.779999,46.09,592000,28.233271
2005-05-04,46.099998,46.200001,45.75,45.990002,720900,28.172015
2005-05-03,46.07,46.360001,45.860001,46.02,648900,28.190392
2005-05-02,46.049999,46.389999,45.939999,46.240002,587900,28.325157
2005-04-29,45.459999,46.049999,45.330002,45.950001,709900,28.147512
2005-04-28,45.599998,45.889999,45.130001,45.419998,783300,27.822849
2005-04-27,45.299999,46.299999,45.009998,46.00,760200,28.17814
2005-04-26,45.639999,45.810001,45.32,45.330002,490900,27.76772
2005-04-25,45.41,46.09,45.41,45.75,898400,28.024998
2005-04-22,44.75,45.400002,44.599998,45.330002,1114000,27.76772
2005-04-21,44.619999,45.049999,44.41,44.900002,710200,27.504316
2005-04-20,45.130001,45.130001,44.400002,44.41,824400,27.204156
2005-04-19,45.119999,45.23,44.759998,45.23,714400,27.706462
2005-04-18,44.889999,45.209999,44.450001,45.119999,810500,27.639079
2005-04-15,45.77,45.779999,44.889999,44.919998,751000,27.516565
2005-04-14,46.25,46.259998,45.639999,45.720001,635000,28.006622
2005-04-13,46.189999,46.380001,45.98,46.25,756000,28.331282
2005-04-12,46.049999,46.34,45.759998,46.189999,685300,28.294527
2005-04-11,45.91,46.200001,45.82,46.049999,527700,28.208768
2005-04-08,45.950001,46.130001,45.779999,45.91,509000,28.123009
2005-04-07,45.84,46.209999,45.650002,46.009998,422800,28.184265
2005-04-06,46.00,46.200001,45.810001,45.939999,464500,28.141385
2005-04-05,45.849998,46.080002,45.700001,45.84,562600,28.080129
2005-04-04,45.299999,45.779999,45.009998,45.77,554000,28.03725
2005-04-01,45.810001,45.93,45.18,45.459999,560100,27.847353
2005-03-31,45.25,45.630001,45.25,45.48,651100,27.859604
2005-03-30,44.610001,45.25,44.610001,45.25,656000,27.718714
2005-03-29,44.869999,44.98,44.48,44.610001,964400,27.32667
2005-03-28,44.77,45.040001,44.639999,44.82,427300,27.455309
2005-03-24,44.419998,44.990002,44.400002,44.650002,482700,27.351174
2005-03-23,44.200001,44.540001,43.369999,44.470001,986500,27.240911
2005-03-22,45.330002,45.389999,44.299999,44.400002,683200,27.198032
2005-03-21,45.540001,45.630001,45.09,45.330002,403400,27.76772
2005-03-18,45.66,45.700001,45.049999,45.439999,655300,27.835101
2005-03-17,45.950001,46.00,45.34,45.650002,660600,27.963742
2005-03-16,46.389999,46.799999,45.959999,46.23,1049500,28.31903
2005-03-15,46.860001,46.990002,46.279999,46.380001,634300,28.410917
2005-03-14,45.950001,46.75,45.939999,46.66,630100,28.582435
2005-03-11,46.299999,46.799999,45.73,45.889999,654700,28.110757
2005-03-10,45.700001,46.299999,45.549999,46.299999,898300,28.36191
2005-03-09,46.00,46.00,45.32,45.459999,651200,27.847353
2005-03-08,46.169998,46.209999,45.830002,46.00,497000,28.17814
2005-03-07,45.939999,46.439999,45.810001,46.369999,806200,28.40479
2005-03-04,45.450001,45.939999,45.360001,45.790001,575400,28.049501
2005-03-03,45.240002,45.380001,45.060001,45.299999,652300,27.749342
2005-03-02,44.950001,45.200001,44.900002,45.150002,980600,27.657458
2005-03-01,44.299999,44.950001,44.259998,44.950001,1071000,27.534944
2005-02-28,44.080002,44.25,43.689999,44.220001,1015300,27.087769
2005-02-25,43.48,44.23,43.23,43.900002,994300,26.891748
2005-02-24,43.450001,43.50,43.009998,43.439999,806200,26.609964
2005-02-23,43.400002,43.779999,43.32,43.389999,878600,26.579336
2005-02-22,44.279999,44.279999,43.209999,43.209999,819500,26.469074
2005-02-18,44.77,44.77,44.23,44.240002,484500,27.100021
2005-02-17,44.98,45.049999,44.66,44.709999,529500,27.387926
2005-02-16,44.599998,44.98,44.369999,44.98,343900,27.55332
2005-02-15,44.799999,44.880001,44.549999,44.639999,559200,27.345047
2005-02-14,44.84,45.00,44.68,44.709999,588400,27.387926
2005-02-11,44.75,44.82,44.34,44.82,567500,27.455309
2005-02-10,44.950001,44.950001,44.580002,44.75,407400,27.41243
2005-02-09,44.75,44.93,44.610001,44.720001,493800,27.394053
2005-02-08,44.639999,44.77,44.560001,44.77,344000,27.424681
2005-02-07,44.619999,44.689999,44.43,44.639999,417000,27.345047
2005-02-04,44.200001,44.619999,43.98,44.619999,565300,27.332795
2005-02-03,43.970001,44.099998,43.73,44.00,324300,26.953003
2005-02-02,44.060001,44.209999,43.720001,43.970001,467100,26.934627
2005-02-01,43.93,44.049999,43.77,43.950001,528400,26.922375
2005-01-31,43.349998,43.810001,43.25,43.810001,514500,26.836616
2005-01-28,43.50,43.50,42.82,43.099998,687300,26.401691
2005-01-27,43.27,43.57,43.200001,43.389999,387600,26.579336
2005-01-26,43.00,43.25,42.860001,43.18,568600,26.450698
2005-01-25,43.25,43.360001,42.599998,42.77,669900,26.199545
2005-01-24,43.330002,43.330002,42.860001,43.00,733000,26.340435
2005-01-21,43.689999,43.720001,43.080002,43.119999,344400,26.413943
2005-01-20,43.599998,43.650002,43.279999,43.50,457300,26.646719
2005-01-19,43.900002,44.00,43.549999,43.59,404100,26.701851
2005-01-18,43.330002,43.77,43.200001,43.75,867500,26.799861
2005-01-14,42.900002,43.299999,42.650002,43.259998,703700,26.499702
2005-01-13,42.82,43.150002,42.75,42.860001,725500,26.254676
2005-01-12,42.950001,42.950001,42.419998,42.66,379700,26.132162
2005-01-11,43.09,43.09,42.599998,42.740002,474600,26.181168
2005-01-10,42.849998,43.119999,42.68,43.02,538200,26.352687
2005-01-07,42.98,43.189999,42.48,42.709999,511700,26.16279
2005-01-06,42.549999,42.84,42.48,42.68,585300,26.144413
2005-01-05,42.91,42.950001,42.400002,42.50,739900,26.034151
2005-01-04,43.00,43.07,42.720001,42.75,608400,26.187293
2005-01-03,43.330002,43.450001,42.669998,42.759998,793500,26.193418
2004-12-31,43.259998,43.400002,43.049999,43.130001,384500,26.42007
2004-12-30,42.98,43.209999,42.810001,43.119999,377200,26.413943
2004-12-29,42.720001,42.959999,42.59,42.93,455500,26.297556
2004-12-28,42.50,42.630001,42.259998,42.549999,431200,26.064779
2004-12-27,43.240002,43.240002,42.57,42.59,502700,26.089282
2004-12-23,43.400002,43.490002,43.049999,43.16,518700,26.438446
2004-12-22,43.50,43.73,43.169998,43.25,625900,26.493577
2004-12-21,43.650002,43.650002,43.16,43.50,652800,26.646719
2004-12-20,44.00,44.00,43.25,43.299999,646000,26.524205
2004-12-17,43.00,43.689999,42.919998,43.689999,2071200,26.763106
2004-12-16,44.470001,44.490002,44.049999,44.16,1132200,27.051014
2004-12-15,44.080002,44.75,44.00,44.740002,951200,27.090833
2004-12-14,44.240002,44.290001,43.799999,43.970001,726800,26.624585
2004-12-13,43.849998,44.169998,43.810001,44.119999,719800,26.715411
2004-12-10,44.299999,44.299999,43.25,43.529999,582700,26.358156
2004-12-09,43.759998,43.91,43.419998,43.639999,525000,26.424763
2004-12-08,44.099998,44.110001,43.580002,43.68,575200,26.448984
2004-12-07,44.099998,44.130001,43.689999,43.91,888800,26.588253
2004-12-06,43.389999,43.939999,43.189999,43.849998,547900,26.551921
2004-12-03,43.110001,43.560001,43.099998,43.459999,978300,26.31577
2004-12-02,43.139999,43.290001,42.709999,43.00,956300,26.037232
2004-12-01,44.099998,44.18,43.099998,43.130001,1222200,26.11595
2004-11-30,44.48,44.48,43.849998,43.880001,532100,26.570088
2004-11-29,45.310001,45.369999,44.330002,44.330002,580900,26.842571
2004-11-26,45.049999,45.43,44.990002,45.299999,144600,27.429921
2004-11-24,45.349998,45.490002,45.139999,45.23,999100,27.387535
2004-11-23,44.400002,44.700001,44.200001,44.700001,1349600,27.066612
2004-11-22,44.27,44.66,44.27,44.389999,1246200,26.878901
2004-11-19,44.950001,44.959999,44.02,44.369999,540900,26.86679
2004-11-18,44.84,44.950001,44.59,44.779999,419100,27.115052
2004-11-17,44.959999,45.00,43.560001,44.400002,753900,26.884957
2004-11-16,44.580002,44.66,44.299999,44.349998,426700,26.854679
2004-11-15,44.650002,44.75,44.259998,44.580002,494600,26.99395
2004-11-12,43.849998,44.75,43.799999,44.720001,645800,27.078722
2004-11-11,43.75,43.970001,43.400002,43.970001,640900,26.624585
2004-11-10,43.639999,43.93,43.349998,43.709999,480700,26.467149
2004-11-09,43.950001,43.990002,43.259998,43.540001,826900,26.364212
2004-11-08,43.669998,43.990002,43.540001,43.950001,399500,26.612474
2004-11-05,43.599998,44.27,42.470001,43.439999,1309200,26.303659
2004-11-04,43.75,44.43,43.639999,44.389999,632200,26.878901
2004-11-03,43.00,43.549999,43.00,43.549999,707200,26.370266
2004-11-02,43.099998,43.16,42.57,42.610001,647200,25.801081
2004-11-01,42.779999,43.099998,42.73,43.09,649200,26.091729
2004-10-29,42.16,43.439999,42.099998,42.709999,617600,25.861632
2004-10-28,42.099998,42.23,41.709999,42.060001,639700,25.468047
2004-10-27,42.549999,42.549999,42.040001,42.09,631700,25.486212
2004-10-26,42.23,42.599998,42.00,42.599998,693700,25.795025
2004-10-25,42.110001,42.25,41.849998,42.09,560800,25.486212
2004-10-22,42.220001,42.240002,41.84,41.93,397900,25.389329
2004-10-21,41.82,42.200001,41.610001,42.049999,562300,25.461991
2004-10-20,41.709999,41.790001,41.50,41.759998,554600,25.28639
2004-10-19,41.869999,42.040001,41.439999,41.610001,390500,25.195564
2004-10-18,42.330002,42.380001,41.639999,41.68,489100,25.23795
2004-10-15,42.169998,42.380001,41.970001,42.130001,678200,25.510433
2004-10-14,42.00,42.009998,41.700001,41.939999,367400,25.395383
2004-10-13,42.619999,42.75,41.669998,41.84,472800,25.334833
2004-10-12,42.18,42.639999,42.099998,42.490002,501200,25.72842
2004-10-11,42.23,42.349998,42.02,42.099998,243400,25.492266
2004-10-08,42.049999,42.259998,42.00,42.23,301800,25.570984
2004-10-07,42.349998,42.50,41.919998,41.959999,529700,25.407494
2004-10-06,42.299999,42.52,42.119999,42.50,453500,25.734474
2004-10-05,42.34,42.349998,42.200001,42.25,487500,25.583095
2004-10-04,42.299999,42.470001,42.07,42.25,490200,25.583095
2004-10-01,42.220001,42.220001,42.02,42.130001,603200,25.510433
2004-09-30,42.02,42.209999,41.810001,42.189999,668700,25.546763
2004-09-29,41.849998,42.00,41.549999,41.98,482200,25.419605
2004-09-28,41.68,42.00,41.66,41.849998,582600,25.340887
2004-09-27,41.439999,41.650002,41.23,41.549999,471200,25.159232
2004-09-24,41.450001,41.849998,41.150002,41.439999,951000,25.092625
2004-09-23,41.18,41.23,40.830002,40.830002,404200,24.723261
2004-09-22,41.240002,41.259998,40.939999,41.130001,412300,24.904916
2004-09-21,41.23,41.34,41.110001,41.259998,470300,24.983632
2004-09-20,41.02,41.220001,41.009998,41.16,336200,24.923081
2004-09-17,41.299999,41.310001,41.110001,41.139999,941000,24.91097
2004-09-16,40.919998,41.349998,40.860001,41.259998,625000,24.671789
2004-09-15,41.029999,41.139999,40.610001,40.720001,405300,24.348893
2004-09-14,41.330002,41.349998,40.82,40.919998,698800,24.468483
2004-09-13,41.18,41.209999,40.970001,41.209999,536500,24.641892
2004-09-10,40.990002,41.130001,40.720001,41.099998,437300,24.576116
2004-09-09,41.200001,41.349998,40.779999,40.860001,574100,24.432607
2004-09-08,41.700001,41.700001,41.049999,41.099998,659900,24.576116
2004-09-07,41.48,41.639999,41.369999,41.639999,423200,24.899014
2004-09-03,41.490002,41.57,41.189999,41.259998,429500,24.671789
2004-09-02,41.450001,41.509998,41.299999,41.48,268800,24.803341
2004-09-01,41.419998,41.50,41.110001,41.41,540000,24.761484
2004-08-31,40.830002,41.32,40.810001,41.32,588400,24.707667
2004-08-30,40.77,40.919998,40.669998,40.810001,435500,24.402709
2004-08-27,40.889999,40.889999,40.639999,40.82,518500,24.408688
2004-08-26,40.900002,40.970001,40.540001,40.75,475400,24.366831
2004-08-25,40.630001,40.919998,40.57,40.889999,427200,24.450545
2004-08-24,40.25,40.59,40.099998,40.540001,747300,24.24126
2004-08-23,39.950001,40.200001,39.919998,40.080002,419200,23.966199
2004-08-20,40.150002,40.23,39.959999,40.060001,433300,23.95424
2004-08-19,40.450001,40.450001,40.099998,40.150002,425000,24.008056
2004-08-18,39.98,40.450001,39.98,40.450001,477800,24.187444
2004-08-17,40.00,40.049999,39.84,39.959999,419600,23.894443
2004-08-16,39.630001,39.91,39.610001,39.869999,444400,23.840626
2004-08-13,39.66,39.66,39.389999,39.560001,506000,23.655261
2004-08-12,39.900002,39.900002,39.549999,39.560001,618500,23.655261
2004-08-11,40.130001,40.130001,39.73,39.82,900300,23.810729
2004-08-10,40.349998,40.380001,40.009998,40.130001,376000,23.996097
2004-08-09,40.049999,40.400002,39.950001,40.23,575200,24.055892
2004-08-06,40.029999,40.509998,39.970001,40.040001,1426900,23.942281
2004-08-05,40.450001,40.52,39.919998,40.029999,451400,23.9363
2004-08-04,40.310001,40.57,40.049999,40.450001,444500,24.187444
2004-08-03,40.299999,40.459999,40.119999,40.310001,1039300,24.10373
2004-08-02,40.169998,40.380001,39.98,40.290001,549400,24.09177
2004-07-30,39.709999,40.169998,39.709999,40.169998,656200,24.020014
2004-07-29,39.66,40.060001,39.580002,39.700001,596400,23.738974
2004-07-28,39.529999,39.75,39.380001,39.549999,738600,23.64928
2004-07-27,39.849998,39.939999,39.310001,39.52,467500,23.631342
2004-07-26,39.959999,40.119999,39.52,39.700001,677800,23.738974
2004-07-23,40.07,40.150002,39.779999,39.919998,547500,23.870524
2004-07-22,40.57,40.650002,39.950001,40.07,601400,23.960219
2004-07-21,41.450001,41.450001,40.560001,40.560001,554300,24.25322
2004-07-20,41.349998,41.50,41.139999,41.200001,641500,24.635913
2004-07-19,41.07,41.48,41.040001,41.279999,436200,24.683749
2004-07-16,41.00,41.220001,40.91,41.130001,499000,24.594056
2004-07-15,40.52,40.869999,40.400002,40.77,492300,24.37879
2004-07-14,40.369999,40.630001,40.23,40.52,448300,24.229301
2004-07-13,40.439999,40.560001,40.330002,40.369999,463100,24.139606
2004-07-12,40.50,40.580002,40.400002,40.450001,583600,24.187444
2004-07-09,40.459999,40.599998,40.400002,40.50,630600,24.217341
2004-07-08,40.709999,40.709999,40.400002,40.459999,973600,24.193422
2004-07-07,40.50,40.93,40.259998,40.709999,752000,24.342912
2004-07-06,40.799999,41.00,40.720001,40.799999,950900,24.396728
2004-07-02,40.349998,40.82,40.349998,40.82,459600,24.408688
2004-07-01,40.43,40.57,40.00,40.330002,583700,24.115689
2004-06-30,40.200001,40.599998,39.709999,40.540001,602500,24.24126
2004-06-29,40.68,40.709999,40.099998,40.169998,486600,24.020014
2004-06-28,40.560001,40.990002,40.470001,40.610001,447800,24.283117
2004-06-25,40.650002,40.650002,40.25,40.360001,375300,24.133627
2004-06-24,40.57,40.799999,40.540001,40.540001,354800,24.24126
2004-06-23,40.68,40.73,40.459999,40.68,489700,24.324974
2004-06-22,40.599998,40.860001,40.490002,40.630001,548000,24.295076
2004-06-21,40.580002,40.779999,40.459999,40.669998,572100,24.318993
2004-06-18,40.16,40.619999,40.16,40.459999,1086200,24.193422
2004-06-17,40.07,40.349998,39.900002,40.150002,2160600,24.008056
2004-06-16,40.150002,40.470001,40.099998,40.419998,965200,23.861555
2004-06-15,40.200001,40.490002,39.939999,39.990002,633900,23.60771
2004-06-14,40.139999,40.139999,39.860001,39.990002,455600,23.60771
2004-06-10,39.84,40.18,39.84,40.130001,581700,23.690358
2004-06-09,40.110001,40.200001,39.790001,39.889999,429400,23.548675
2004-06-08,40.060001,40.130001,39.849998,40.110001,515900,23.67855
2004-06-07,39.66,40.119999,39.66,40.119999,345100,23.684453
2004-06-04,39.740002,39.889999,39.509998,39.650002,428100,23.406994
2004-06-03,40.060001,40.060001,39.610001,39.689999,477700,23.430606
2004-06-02,40.029999,40.25,39.799999,40.060001,415100,23.649034
2004-06-01,40.209999,40.209999,39.919998,39.970001,457300,23.595903
2004-05-28,40.099998,40.25,40.00,40.209999,636300,23.737584
2004-05-27,39.720001,40.080002,39.689999,40.00,1008800,23.613613
2004-05-26,39.200001,39.860001,39.09,39.48,752100,23.306635
2004-05-25,38.919998,39.450001,38.639999,39.380001,487900,23.247602
2004-05-24,38.75,38.950001,38.610001,38.919998,331600,22.976044
2004-05-21,38.630001,38.689999,38.369999,38.549999,342000,22.757619
2004-05-20,38.50,38.75,38.459999,38.529999,534400,22.745812
2004-05-19,38.700001,38.970001,38.41,38.50,554100,22.728102
2004-05-18,38.700001,38.91,38.450001,38.450001,366900,22.698586
2004-05-17,38.830002,38.93,38.470001,38.549999,477500,22.757619
2004-05-14,38.549999,39.200001,38.549999,39.00,442000,23.023272
2004-05-13,38.299999,38.650002,38.110001,38.59,583900,22.781233
2004-05-12,38.23,38.450001,37.880001,38.330002,624700,22.627745
2004-05-11,38.50,38.549999,38.00,38.25,660100,22.580517
2004-05-10,39.00,39.00,37.98,38.189999,1124000,22.545096
2004-05-07,39.48,39.549999,38.790001,39.049999,1155000,23.052789
2004-05-06,39.540001,39.990002,39.150002,39.709999,808200,23.442413
2004-05-05,39.450001,39.689999,39.34,39.529999,529200,23.336152
2004-05-04,39.310001,39.66,39.060001,39.299999,572800,23.200374
2004-05-03,39.00,39.470001,38.82,39.310001,534200,23.206279
2004-04-30,38.93,39.16,38.849998,39.02,621500,23.035079
2004-04-29,39.279999,39.41,38.639999,38.82,823300,22.917011
2004-04-28,39.25,39.459999,38.959999,39.18,718500,23.129534
2004-04-27,39.529999,39.610001,39.110001,39.25,545000,23.170857
2004-04-26,39.200001,39.490002,39.16,39.43,633500,23.277119
2004-04-23,39.119999,39.25,38.950001,39.18,674500,23.129534
2004-04-22,38.779999,39.34,38.549999,39.16,993000,23.117727
2004-04-21,39.099998,39.130001,38.77,38.77,1384000,22.887494
2004-04-20,39.25,39.509998,39.099998,39.099998,778300,23.082305
2004-04-19,39.380001,39.380001,39.150002,39.25,702500,23.170857
2004-04-16,39.25,39.48,38.950001,39.389999,887700,23.253505
2004-04-15,39.349998,39.509998,38.75,38.869999,883100,22.946527
2004-04-14,39.150002,39.220001,38.610001,39.049999,619000,23.052789
2004-04-13,39.900002,39.91,38.75,39.25,922700,23.170857
2004-04-12,41.02,41.02,39.650002,39.959999,807200,23.589998
2004-04-08,40.959999,41.189999,40.630001,40.700001,400900,24.026851
2004-04-07,41.419998,41.419998,40.900002,40.950001,443600,24.174436
2004-04-06,41.299999,41.52,41.25,41.52,377800,24.51093
2004-04-05,41.43,41.470001,41.139999,41.439999,497200,24.463702
2004-04-02,41.580002,41.580002,41.130001,41.32,460000,24.392862
2004-04-01,41.099998,41.580002,41.09,41.50,398200,24.499123
2004-03-31,41.200001,41.23,41.00,41.150002,471700,24.292505
2004-03-30,40.91,41.200001,40.709999,41.200001,448300,24.322021
2004-03-29,40.610001,40.98,40.48,40.880001,540200,24.133113
2004-03-26,40.419998,40.68,40.400002,40.599998,542700,23.967816
2004-03-25,40.369999,40.470001,40.25,40.369999,615600,23.832038
2004-03-24,40.400002,40.52,40.25,40.349998,475700,23.820231
2004-03-23,40.50,40.830002,40.380001,40.41,685200,23.855652
2004-03-22,40.939999,41.099998,40.310001,40.48,539800,23.896976
2004-03-19,41.150002,41.23,40.869999,40.889999,590500,24.139015
2004-03-18,41.549999,41.720001,41.00,41.150002,1771900,24.292505
2004-03-17,41.799999,42.16,41.799999,41.939999,810600,24.454847
2004-03-16,41.540001,41.919998,41.50,41.73,1266800,24.332398
2004-03-15,41.48,41.580002,41.220001,41.50,758800,24.198287
2004-03-12,41.110001,41.630001,41.060001,41.380001,821000,24.128317
2004-03-11,41.599998,41.779999,41.099998,41.110001,689600,23.970882
2004-03-10,41.799999,42.290001,41.580002,41.599998,1022400,24.256595
2004-03-09,41.740002,41.830002,41.52,41.700001,664700,24.314906
2004-03-08,41.650002,42.029999,41.599998,41.75,1313900,24.34406
2004-03-05,40.650002,41.799999,40.580002,41.75,1126700,24.34406
2004-03-04,40.380001,40.810001,40.380001,40.650002,719600,23.702661
2004-03-03,40.25,40.529999,40.150002,40.27,1152200,23.481085
2004-03-02,40.450001,40.740002,40.25,40.25,888400,23.469423
2004-03-01,40.700001,40.740002,40.25,40.43,716100,23.57438
2004-02-27,39.950001,40.509998,39.93,40.459999,1583800,23.591872
2004-02-26,39.900002,40.099998,39.849998,39.950001,629200,23.294496
2004-02-25,39.650002,40.02,39.599998,39.950001,665700,23.294496
2004-02-24,39.650002,39.779999,39.50,39.650002,502000,23.119569
2004-02-23,39.700001,39.990002,39.689999,39.759998,494700,23.183707
2004-02-20,40.200001,40.299999,39.650002,39.75,1350800,23.177878
2004-02-19,40.00,40.779999,39.759998,39.900002,1241600,23.265342
2004-02-18,39.389999,39.93,39.349998,39.880001,778700,23.25368
2004-02-17,39.330002,39.52,39.25,39.41,469600,22.979626
2004-02-13,39.330002,39.630001,39.150002,39.189999,532100,22.851346
2004-02-12,39.790001,39.830002,39.360001,39.400002,743900,22.973796
2004-02-11,39.669998,40.009998,39.41,39.799999,796800,23.207032
2004-02-10,39.630001,39.98,39.48,39.810001,825800,23.212864
2004-02-09,39.200001,39.619999,39.200001,39.599998,747100,23.090413
2004-02-06,38.049999,39.139999,38.029999,39.099998,1495700,22.798867
2004-02-05,38.220001,38.389999,37.919998,38.07,1101000,22.198284
2004-02-04,38.560001,38.740002,38.23,38.349998,692200,22.361549
2004-02-03,38.75,39.049999,38.52,38.93,1001200,22.699743
2004-02-02,39.099998,39.189999,38.900002,38.91,877100,22.688081
2004-01-30,39.060001,39.369999,38.950001,39.099998,814200,22.798867
2004-01-29,39.209999,39.470001,39.139999,39.240002,1367500,22.880502
2004-01-28,38.650002,39.369999,38.650002,39.240002,1698700,22.880502
2004-01-27,38.73,38.900002,38.700001,38.709999,586100,22.571462
2004-01-26,39.18,39.279999,38.68,38.73,643800,22.583124
2004-01-23,39.73,39.75,39.139999,39.18,671400,22.845516
2004-01-22,39.549999,39.990002,39.549999,39.720001,780700,23.160386
2004-01-21,38.799999,39.689999,38.75,39.450001,956800,23.002951
2004-01-20,38.389999,38.630001,38.279999,38.610001,674300,22.513154
2004-01-16,38.630001,38.68,38.27,38.27,872100,22.314903
2004-01-15,38.860001,38.950001,38.639999,38.68,836200,22.55397
2004-01-14,38.700001,39.040001,38.560001,38.959999,630400,22.717235
2004-01-13,38.439999,38.599998,38.299999,38.540001,593500,22.472338
2004-01-12,38.599998,38.610001,38.32,38.330002,656800,22.349889
2004-01-09,38.93,38.93,38.610001,38.700001,419900,22.565632
2004-01-08,38.720001,39.00,38.689999,38.93,475400,22.699743
2004-01-07,38.91,39.060001,38.650002,38.950001,613600,22.711405
2004-01-06,39.200001,39.279999,38.939999,39.110001,449800,22.804699
2004-01-05,39.700001,39.73,38.970001,39.279999,705100,22.903824
2004-01-02,39.400002,39.75,39.400002,39.490002,668400,23.026275
2003-12-31,39.619999,39.759998,39.330002,39.400002,594800,22.973796
2003-12-30,39.509998,39.75,39.509998,39.700001,876500,23.148723
2003-12-29,38.849998,39.59,38.84,39.509998,1246600,23.037935
2003-12-26,38.75,38.950001,38.700001,38.860001,232400,22.658927
2003-12-24,38.799999,38.880001,38.66,38.75,272600,22.594786
2003-12-23,38.599998,38.919998,38.599998,38.919998,938500,22.693911
2003-12-22,38.349998,38.50,38.200001,38.50,948000,22.449013
2003-12-19,38.580002,38.599998,38.099998,38.41,1224800,22.396535
2003-12-18,38.599998,38.599998,38.16,38.52,1067000,22.460676
2003-12-17,39.00,39.00,38.619999,38.93,929100,22.399452
2003-12-16,39.099998,39.259998,38.889999,38.990002,1094000,22.433975
2003-12-15,39.150002,39.509998,39.00,39.07,1888200,22.480004
2003-12-12,37.93,38.889999,37.75,38.790001,2979000,22.318899
2003-12-11,37.900002,38.029999,37.630001,37.98,633600,21.852843
2003-12-10,37.549999,37.970001,37.549999,37.75,493100,21.720506
2003-12-09,37.950001,37.950001,37.52,37.540001,679600,21.599677
2003-12-08,37.389999,38.00,37.389999,37.950001,593000,21.835582
2003-12-05,37.450001,37.639999,37.34,37.470001,508100,21.559401
2003-12-04,37.450001,37.540001,37.240002,37.450001,508800,21.547893
2003-12-03,37.650002,37.889999,37.389999,37.400002,424600,21.519125
2003-12-02,37.799999,37.82,37.52,37.57,538700,21.616938
2003-12-01,37.709999,37.900002,37.529999,37.779999,543900,21.737767
2003-11-28,37.50,37.709999,37.419998,37.709999,228400,21.69749
2003-11-26,37.400002,37.650002,37.400002,37.50,633600,21.576662
2003-11-25,36.869999,37.380001,36.799999,37.349998,744900,21.490354
2003-11-24,36.360001,36.799999,36.299999,36.759998,778800,21.150881
2003-11-21,36.099998,36.41,35.900002,36.360001,542100,20.920731
2003-11-20,36.349998,36.689999,36.110001,36.110001,619900,20.776887
2003-11-19,36.290001,36.75,36.25,36.68,900700,21.104852
2003-11-18,36.599998,36.889999,36.360001,36.380001,1299800,20.932239
2003-11-17,36.32,36.599998,36.25,36.389999,1734300,20.937992
2003-11-14,35.98,36.459999,35.98,36.27,670400,20.868947
2003-11-13,35.700001,36.189999,35.700001,36.169998,597100,20.811408
2003-11-12,35.66,36.00,35.59,35.84,702400,20.621535
2003-11-11,35.450001,35.900002,35.450001,35.66,410800,20.517967
2003-11-10,35.50,35.700001,35.209999,35.59,604000,20.47769
2003-11-07,35.849998,35.98,35.119999,35.450001,1379300,20.397138
2003-11-06,35.75,35.919998,35.549999,35.689999,625200,20.535227
2003-11-05,36.00,36.189999,35.599998,35.849998,636500,20.627288
2003-11-04,36.849998,36.860001,36.049999,36.060001,1017400,20.748119
2003-11-03,36.810001,37.16,36.75,36.950001,565900,21.260204
2003-10-31,36.950001,37.200001,36.799999,36.880001,815000,21.219928
2003-10-30,37.330002,37.34,36.709999,36.790001,1265400,21.168144
2003-10-29,36.709999,37.470001,36.650002,37.279999,1171900,21.450078
2003-10-28,36.43,36.959999,36.43,36.959999,837200,21.265957
2003-10-27,36.619999,36.759998,36.459999,36.50,612700,21.001284
2003-10-24,36.369999,36.73,36.369999,36.700001,476500,21.11636
2003-10-23,36.650002,36.740002,36.119999,36.73,500700,21.133621
2003-10-22,36.650002,37.049999,36.130001,36.740002,1621000,21.139376
2003-10-21,36.119999,36.139999,35.740002,35.810001,556600,20.604274
2003-10-20,35.720001,36.310001,35.619999,36.310001,752600,20.891963
2003-10-17,35.700001,35.82,35.470001,35.790001,690700,20.592766
2003-10-16,35.75,35.830002,35.509998,35.68,628100,20.529474
2003-10-15,36.700001,36.700001,35.459999,35.599998,801200,20.483443
2003-10-14,35.919998,36.09,35.73,36.09,766800,20.765379
2003-10-13,35.900002,36.099998,35.689999,35.830002,417900,20.615782
2003-10-10,36.25,36.25,35.810001,35.82,512900,20.610027
2003-10-09,36.52,36.700001,36.18,36.25,625000,20.85744
2003-10-08,36.790001,36.880001,36.259998,36.400002,678800,20.943747
2003-10-07,37.27,37.310001,36.650002,36.790001,1084100,21.168144
2003-10-06,37.650002,37.73,37.349998,37.50,543500,21.576662
2003-10-03,37.939999,38.189999,37.650002,37.700001,1031500,21.691738
2003-10-02,37.25,37.799999,37.009998,37.77,764000,21.732014
2003-10-01,36.889999,37.360001,36.759998,37.25,950400,21.432817
2003-09-30,37.549999,37.549999,36.880001,36.889999,1145500,21.225681
2003-09-29,37.00,37.66,37.00,37.549999,1142000,21.60543
2003-09-26,36.200001,37.360001,36.200001,36.939999,1791000,21.254449
2003-09-25,35.849998,36.259998,35.759998,36.200001,942700,20.828671
2003-09-24,35.549999,36.419998,35.549999,35.849998,1419500,20.627288
2003-09-23,35.57,35.689999,35.490002,35.50,546000,20.425906
2003-09-22,35.73,35.810001,35.380001,35.41,773000,20.374122
2003-09-19,35.400002,35.990002,35.380001,35.950001,749100,20.684827
2003-09-18,35.66,35.779999,35.470001,35.59,1149000,20.47769
2003-09-17,36.299999,36.34,35.880001,36.080002,1640000,20.463306
2003-09-16,37.009998,37.049999,36.759998,36.900002,579300,20.928381
2003-09-15,37.130001,37.25,36.799999,36.93,774100,20.945395
2003-09-12,36.950001,37.209999,36.75,37.200001,579600,21.09853
2003-09-11,37.049999,37.34,36.709999,36.77,826800,20.854649
2003-09-10,36.299999,37.299999,36.27,37.049999,1724800,21.013455
2003-09-09,36.560001,36.830002,36.200001,36.23,714800,20.54838
2003-09-08,35.650002,36.57,35.52,36.560001,912900,20.735545
2003-09-05,35.50,35.50,35.07,35.450001,995300,20.105992
2003-09-04,35.669998,35.990002,35.59,35.689999,590800,20.24211
2003-09-03,35.50,35.799999,35.459999,35.619999,533300,20.202409
2003-09-02,34.860001,35.389999,34.759998,35.349998,754900,20.049274
2003-08-29,34.849998,34.919998,34.73,34.91,377000,19.799722
2003-08-28,34.75,34.860001,34.669998,34.849998,472800,19.765692
2003-08-27,34.84,34.919998,34.75,34.75,396300,19.708976
2003-08-26,34.759998,34.93,34.669998,34.849998,538300,19.765692
2003-08-25,34.77,35.009998,34.759998,34.759998,319300,19.714647
2003-08-22,35.110001,35.16,34.619999,34.630001,411300,19.640917
2003-08-21,34.799999,35.110001,34.669998,34.970001,575300,19.833753
2003-08-20,34.75,34.970001,34.650002,34.77,633800,19.72032
2003-08-19,34.50,34.759998,34.48,34.650002,698400,19.65226
2003-08-18,34.720001,35.049999,34.599998,34.700001,413900,19.680618
2003-08-15,34.470001,34.830002,34.00,34.720001,1072800,19.691962
2003-08-14,34.709999,34.720001,34.509998,34.549999,541100,19.595543
2003-08-13,35.16,35.200001,34.650002,34.720001,692800,19.691962
2003-08-12,35.07,35.080002,34.57,35.07,729300,19.890469
2003-08-11,35.400002,35.57,34.799999,35.07,697500,19.890469
2003-08-08,35.23,35.540001,35.060001,35.52,575200,20.145693
2003-08-07,34.860001,35.240002,34.84,35.189999,444800,19.958528
2003-08-06,34.48,35.200001,34.200001,34.799999,538800,19.737334
2003-08-05,34.75,35.099998,34.509998,34.540001,617600,19.589872
2003-08-04,35.150002,35.290001,34.639999,34.970001,694200,19.833753
2003-08-01,35.00,35.25,34.900002,35.029999,1166000,19.867782
2003-07-31,36.009998,36.25,35.709999,35.709999,1500700,20.253454
2003-07-30,36.48,36.540001,35.869999,36.009998,738200,20.423603
2003-07-29,36.849998,37.02,36.200001,36.48,772100,20.690171
2003-07-28,37.25,37.299999,36.650002,36.849998,922600,20.900021
2003-07-25,37.349998,37.650002,37.150002,37.25,544900,21.126888
2003-07-24,37.43,38.009998,37.27,37.349998,696600,21.183604
2003-07-23,37.66,37.790001,37.150002,37.43,459000,21.228978
2003-07-22,36.939999,37.610001,36.900002,37.540001,851500,21.291366
2003-07-21,37.549999,37.68,36.709999,36.790001,564700,20.865993
2003-07-18,37.450001,37.939999,37.369999,37.700001,980600,21.382113
2003-07-17,36.549999,37.27,36.389999,37.139999,826700,21.0645
2003-07-16,37.220001,37.220001,36.34,36.610001,798800,20.763903
2003-07-15,37.599998,37.599998,36.91,37.02,859200,20.99644
2003-07-14,37.560001,38.00,37.389999,37.400002,613600,21.211964
2003-07-11,37.669998,37.790001,37.07,37.34,931500,21.177933
2003-07-10,38.259998,38.259998,37.360001,37.50,949600,21.268679
2003-07-09,38.400002,38.73,38.18,38.209999,522200,21.671366
2003-07-08,38.50,38.599998,38.23,38.50,725500,21.835844
2003-07-07,38.799999,38.98,38.470001,38.549999,653000,21.864202
2003-07-03,38.549999,38.889999,38.48,38.740002,440600,21.971964
2003-07-02,38.490002,38.790001,38.299999,38.740002,707000,21.971964
2003-07-01,38.599998,38.75,38.150002,38.27,1375800,21.705396
2003-06-30,39.009998,39.099998,38.540001,38.639999,914700,21.915247
2003-06-27,39.75,39.75,39.009998,39.009998,743200,22.125097
2003-06-26,39.59,39.98,39.400002,39.799999,694900,22.573158
2003-06-25,39.450001,40.02,39.389999,39.50,735400,22.403009
2003-06-24,39.549999,39.759998,39.029999,39.299999,988700,22.289575
2003-06-23,40.00,40.00,39.450001,39.860001,745900,22.607188
2003-06-20,40.18,40.200001,39.970001,40.080002,1036700,22.731965
2003-06-19,40.349998,40.610001,40.02,40.02,1031900,22.697935
2003-06-18,40.450001,40.799999,40.419998,40.700001,2016200,22.791518
2003-06-17,40.880001,40.880001,40.439999,40.48,1381300,22.66832
2003-06-16,40.959999,41.240002,40.75,40.869999,1132800,22.886715
2003-06-13,41.549999,41.68,40.959999,41.00,716400,22.959514
2003-06-12,41.00,41.73,40.299999,41.709999,1703400,23.357105
2003-06-11,42.509998,42.509998,40.00,41.130001,3370700,23.032313
2003-06-10,42.630001,42.849998,42.43,42.50,709700,23.799496
2003-06-09,42.610001,42.830002,42.25,42.630001,826100,23.872295
2003-06-06,43.639999,43.73,42.91,42.959999,1088200,24.05709
2003-06-05,43.75,43.860001,43.470001,43.639999,984800,24.437882
2003-06-04,43.57,44.419998,43.560001,44.139999,742700,24.717876
2003-06-03,43.330002,43.810001,43.130001,43.57,610800,24.398683
2003-06-02,43.330002,43.599998,43.150002,43.360001,793300,24.281086
2003-05-30,43.25,43.720001,43.029999,43.330002,1024000,24.264287
2003-05-29,44.209999,44.439999,42.91,43.50,1359600,24.359484
2003-05-28,44.619999,44.779999,44.119999,44.259998,824600,24.785074
2003-05-27,44.049999,44.950001,43.91,44.82,1393800,25.098668
2003-05-23,42.610001,44.630001,42.50,44.200001,1844400,24.751476
2003-05-22,40.889999,42.700001,40.830002,42.610001,2173700,23.861095
2003-05-21,40.560001,41.00,40.490002,40.740002,922400,22.813918
2003-05-20,39.990002,40.849998,39.990002,40.610001,822100,22.741119
2003-05-19,40.700001,40.740002,39.98,39.98,484600,22.388326
2003-05-16,40.400002,41.099998,40.240002,40.93,805300,22.920315
2003-05-15,39.830002,40.00,39.34,39.959999,667300,22.377126
2003-05-14,39.66,39.77,39.52,39.73,736100,22.248329
2003-05-13,39.50,39.82,39.41,39.68,677600,22.22033
2003-05-12,39.450001,39.490002,39.00,39.400002,667100,22.063534
2003-05-09,39.25,39.490002,39.09,39.48,741500,22.108332
2003-05-08,38.799999,39.439999,38.799999,39.150002,792100,21.923537
2003-05-07,39.029999,39.419998,38.799999,39.00,1149100,21.839538
2003-05-06,39.080002,39.450001,38.919998,39.130001,633900,21.912337
2003-05-05,38.77,39.130001,38.52,39.080002,1034600,21.884338
2003-05-02,39.689999,39.880001,38.560001,38.759998,1913000,21.705139
2003-05-01,40.32,40.360001,39.50,39.580002,644600,22.164332
2003-04-30,40.68,40.75,40.259998,40.32,735800,22.578722
2003-04-29,40.75,40.82,40.459999,40.68,729100,22.780318
2003-04-28,40.169998,40.889999,40.169998,40.709999,545000,22.797117
2003-04-25,40.290001,40.400002,39.759998,40.169998,571700,22.494723
2003-04-24,39.700001,40.59,39.630001,40.220001,710600,22.522724
2003-04-23,39.18,39.889999,39.07,39.75,558200,22.259529
2003-04-22,39.00,39.32,38.799999,39.23,570400,21.968335
2003-04-21,39.290001,39.349998,39.00,39.00,476100,21.839538
2003-04-17,39.099998,39.279999,39.040001,39.23,356700,21.968335
2003-04-16,39.650002,39.849998,39.060001,39.200001,494100,21.951536
2003-04-15,38.830002,39.43,38.709999,39.419998,786900,22.074731
2003-04-14,38.830002,39.080002,38.68,38.799999,736700,21.727539
2003-04-11,39.509998,39.599998,38.75,38.75,1006500,21.69954
2003-04-10,39.889999,40.00,39.16,39.509998,714300,22.125131
2003-04-09,39.639999,39.889999,39.450001,39.639999,1035300,22.19793
2003-04-08,39.529999,39.75,39.150002,39.389999,552400,22.057933
2003-04-07,40.470001,40.529999,39.220001,39.43,772900,22.080333
2003-04-04,39.299999,39.810001,39.119999,39.669998,503000,22.214729
2003-04-03,38.990002,39.34,38.919998,39.02,751900,21.850738
2003-04-02,39.200001,39.470001,38.959999,38.990002,575500,21.833939
2003-04-01,38.799999,39.07,38.59,39.040001,465800,21.861938
2003-03-31,38.700001,39.040001,38.509998,38.650002,533300,21.643543
2003-03-28,39.00,39.150002,38.790001,38.869999,422500,21.766738
2003-03-27,39.080002,39.18,38.669998,39.080002,665200,21.884338
2003-03-26,39.080002,39.419998,38.93,39.18,611100,21.940336
2003-03-25,39.080002,39.299999,38.830002,39.029999,912600,21.856336
2003-03-24,39.869999,39.869999,38.93,39.00,891400,21.839538
2003-03-21,39.310001,39.869999,39.119999,39.869999,1301500,22.326727
2003-03-20,39.50,39.970001,38.66,39.060001,3052600,21.873138
2003-03-19,41.099998,41.099998,40.610001,40.91,1901700,22.62072
2003-03-18,41.849998,42.099998,41.580002,41.950001,1169600,23.195776
2003-03-17,41.299999,41.970001,41.279999,41.91,861600,23.173658
2003-03-14,41.43,41.599998,41.110001,41.400002,791800,22.891661
2003-03-13,41.200001,41.349998,40.77,41.349998,702600,22.864012
2003-03-12,41.130001,41.400002,40.450001,40.950001,944100,22.642838
2003-03-11,41.43,41.810001,41.049999,41.130001,791800,22.742367
2003-03-10,41.799999,41.799999,41.18,41.349998,918000,22.864012
2003-03-07,41.389999,41.799999,41.110001,41.75,1023300,23.085188
2003-03-06,41.349998,41.450001,40.75,41.380001,882700,22.880602
2003-03-05,41.119999,41.50,41.00,41.50,560900,22.946954
2003-03-04,41.709999,41.799999,41.330002,41.389999,393600,22.88613
2003-03-03,41.689999,41.900002,41.380001,41.709999,549100,23.06307
2003-02-28,41.50,41.599998,41.27,41.439999,587000,22.913776
2003-02-27,41.380001,41.75,41.169998,41.349998,693700,22.864012
2003-02-26,42.139999,42.139999,41.07,41.25,748200,22.808719
2003-02-25,41.599998,42.349998,41.23,42.139999,999000,23.300834
2003-02-24,42.099998,42.200001,41.610001,41.610001,506200,23.007777
2003-02-21,42.200001,42.75,41.959999,41.959999,559200,23.201305
2003-02-20,41.950001,42.610001,41.849998,41.98,806000,23.212364
2003-02-19,42.25,42.279999,41.869999,42.110001,1107200,23.284246
2003-02-18,41.389999,41.810001,41.169998,41.73,494400,23.074129
2003-02-14,40.509998,41.189999,40.459999,41.189999,929000,22.775542
2003-02-13,39.669998,40.77,39.259998,40.459999,997100,22.371897
2003-02-12,40.650002,40.830002,39.560001,39.869999,1223800,22.045663
2003-02-11,41.709999,41.799999,40.52,40.52,774900,22.405074
2003-02-10,41.779999,41.900002,41.400002,41.759998,665300,23.090717
2003-02-07,42.41,42.41,41.349998,41.400002,914000,22.891661
2003-02-06,41.82,42.299999,41.810001,41.950001,595300,23.195776
2003-02-05,42.009998,42.389999,41.810001,41.810001,720900,23.118365
2003-02-04,42.060001,42.27,41.799999,42.00,630100,23.223423
2003-02-03,42.060001,42.580002,42.02,42.50,911500,23.499892
2003-01-31,42.00,42.279999,41.790001,41.919998,1305800,23.179187
2003-01-30,42.919998,42.919998,42.099998,42.099998,741400,23.278716
2003-01-29,42.990002,43.169998,42.48,42.900002,671200,23.721069
2003-01-28,42.599998,43.279999,42.580002,43.040001,903500,23.79848
2003-01-27,43.380001,43.73,42.200001,42.220001,1044200,23.34507
2003-01-24,45.110001,45.110001,44.029999,44.029999,573900,24.345888
2003-01-23,45.00,45.470001,44.959999,45.099998,496800,24.937532
2003-01-22,44.599998,45.330002,44.240002,44.900002,572700,24.826946
2003-01-21,45.50,45.849998,44.790001,44.799999,357200,24.771651
2003-01-17,45.650002,45.73,45.09,45.43,517300,25.120003
2003-01-16,46.099998,46.360001,45.529999,45.57,798200,25.197414
2003-01-15,46.400002,47.00,46.00,46.099998,700300,25.49047
2003-01-14,46.00,46.389999,45.400002,46.389999,748700,25.650823
2003-01-13,46.23,46.23,45.470001,45.540001,1184100,25.180826
2003-01-10,46.220001,46.419998,45.75,46.23,1176700,25.562353
2003-01-09,47.849998,47.849998,46.700001,46.810001,1310400,25.883059
2003-01-08,47.700001,48.200001,47.50,48.16,819000,26.629525
2003-01-07,49.290001,49.50,47.700001,47.93,1303000,26.502349
2003-01-06,47.880001,49.50,47.75,49.279999,1786300,27.248816
2003-01-03,46.990002,47.50,46.650002,46.970001,923500,25.971529
2003-01-02,46.50,46.98,46.290001,46.98,366400,25.977057
2002-12-31,46.310001,46.599998,46.049999,46.400002,517800,25.656354
2002-12-30,45.400002,46.650002,45.299999,46.560001,771900,25.744824
2002-12-27,45.950001,46.139999,45.25,45.369999,340400,25.086826
2002-12-26,45.900002,46.310001,45.830002,45.950001,337600,25.407531
2002-12-24,45.549999,46.060001,45.549999,45.810001,152200,25.33012
2002-12-23,46.349998,46.630001,45.75,45.799999,555400,25.324589
2002-12-20,46.25,46.700001,46.080002,46.52,707000,25.722706
2002-12-19,46.00,46.150002,45.68,45.740002,889200,25.291414
2002-12-18,46.150002,46.689999,46.150002,46.34,562600,25.338415
2002-12-17,46.200001,46.50,46.130001,46.330002,507000,25.332948
2002-12-16,45.549999,46.200001,45.50,46.200001,883200,25.261864
2002-12-13,44.700001,45.68,44.700001,45.43,691000,24.840833
2002-12-12,44.790001,45.02,44.400002,44.869999,453300,24.534627
2002-12-11,44.439999,44.799999,44.009998,44.59,454200,24.381526
2002-12-10,44.279999,44.490002,43.900002,44.439999,516900,24.299506
2002-12-09,43.299999,44.400002,43.299999,44.130001,668600,24.130001
2002-12-06,43.040001,43.50,43.009998,43.450001,1046800,23.758181
2002-12-05,44.400002,44.619999,43.50,43.720001,594300,23.905816
2002-12-04,44.450001,45.099998,44.00,44.00,732100,24.058918
2002-12-03,43.950001,44.799999,43.939999,44.349998,538800,24.250294
2002-12-02,44.529999,44.540001,43.689999,43.950001,464100,24.031578
2002-11-29,44.560001,44.630001,44.200001,44.330002,277200,24.23936
2002-11-27,44.689999,45.00,44.52,44.759998,351300,24.47448
2002-11-26,45.73,45.73,44.57,44.619999,571500,24.397929
2002-11-25,45.279999,46.049999,44.93,45.720001,636400,24.999403
2002-11-22,43.950001,45.599998,43.799999,45.43,623900,24.840833
2002-11-21,44.200001,44.52,43.650002,43.939999,679200,24.026109
2002-11-20,44.200001,44.48,43.73,44.200001,912100,24.168277
2002-11-19,44.279999,44.540001,43.880001,44.150002,705800,24.140937
2002-11-18,45.240002,45.52,44.209999,44.27,751400,24.206552
2002-11-15,44.57,45.240002,44.57,45.240002,570800,24.736942
2002-11-14,44.25,44.82,44.25,44.57,511100,24.37059
2002-11-13,43.419998,44.119999,43.419998,43.84,805600,23.971431
2002-11-12,44.18,44.549999,43.029999,43.41,1145400,23.736309
2002-11-11,43.84,44.25,43.27,44.099998,500100,24.113596
2002-11-08,45.07,45.150002,43.830002,43.830002,772200,23.965964
2002-11-07,46.41,46.41,44.349998,45.060001,1038500,24.638519
2002-11-06,46.400002,46.900002,46.18,46.639999,965900,25.502452
2002-11-05,46.57,46.57,46.029999,46.369999,698700,25.354818
2002-11-04,46.700001,46.700001,45.75,46.369999,1036700,25.354818
2002-11-01,45.150002,45.360001,44.91,45.200001,673200,24.71507
2002-10-31,46.00,46.00,44.810001,45.09,734200,24.654923
2002-10-30,44.799999,45.52,44.490002,45.52,727600,24.890044
2002-10-29,45.27,45.639999,44.060001,44.66,748100,24.419801
2002-10-28,44.369999,45.50,44.369999,45.259998,840900,24.747877
2002-10-25,43.68,44.299999,43.290001,44.150002,488500,24.140937
2002-10-24,43.27,44.459999,42.759998,43.669998,795100,23.878475
2002-10-23,41.799999,43.400002,41.799999,43.18,677200,23.610547
2002-10-22,42.400002,43.529999,41.529999,41.919998,746000,22.921586
2002-10-21,41.529999,43.09,41.34,42.959999,990900,23.490252
2002-10-18,41.450001,41.98,40.400002,41.52,644300,22.70287
2002-10-17,40.75,41.66,40.25,41.650002,612500,22.773953
2002-10-16,42.349998,42.439999,40.200001,40.200001,1229600,21.981102
2002-10-15,42.700001,43.349998,42.110001,42.48,1067100,23.227791
2002-10-14,41.66,42.099998,40.00,42.07,784300,23.003606
2002-10-11,41.950001,42.50,40.810001,41.650002,858700,22.773953
2002-10-10,39.200001,42.34,38.200001,41.939999,1136400,22.932522
2002-10-09,41.98,41.98,38.970001,39.00,1513900,21.32495
2002-10-08,41.689999,42.880001,39.650002,41.970001,1644700,22.948927
2002-10-07,41.349998,42.419998,41.07,41.689999,689000,22.795824
2002-10-04,42.23,42.23,40.459999,40.889999,1145800,22.358389
2002-10-03,41.799999,42.599998,41.799999,42.220001,1147500,23.085626
2002-10-02,41.799999,42.50,41.450001,41.790001,690600,22.850504
2002-10-01,41.049999,41.990002,40.450001,41.849998,895900,22.88331
2002-09-30,39.900002,40.959999,39.32,40.700001,743000,22.254499
2002-09-27,40.68,41.200001,39.900002,40.02,498200,21.882679
2002-09-26,39.950001,41.09,39.849998,40.93,520000,22.380261
2002-09-25,38.889999,40.119999,38.68,39.75,770400,21.735045
2002-09-24,39.959999,39.970001,38.450001,38.84,1201500,21.237463
2002-09-23,39.950001,40.610001,39.869999,40.540001,953300,21.885413
2002-09-20,41.049999,41.049999,39.650002,40.48,1045800,21.853021
2002-09-19,41.299999,41.560001,40.689999,41.040001,642100,22.155337
2002-09-18,40.110001,42.009998,40.029999,41.400002,1045400,22.349682
2002-09-17,41.799999,41.919998,40.580002,40.59,717600,21.912405
2002-09-16,41.299999,41.50,40.75,41.50,623300,22.403666
2002-09-13,41.00,41.900002,40.810001,41.73,790900,22.527831
2002-09-12,41.610001,41.610001,40.900002,41.00,744500,22.133742
2002-09-11,40.77,41.759998,40.77,41.610001,476900,22.46305
2002-09-10,42.040001,42.040001,40.599998,40.849998,674300,22.052764
2002-09-09,42.400002,42.490002,41.459999,42.07,563800,22.711379
2002-09-06,42.490002,42.700001,41.75,42.619999,633200,23.008295
2002-09-05,41.849998,42.209999,41.549999,41.75,497800,22.538628
2002-09-04,41.93,42.099998,40.93,42.02,527100,22.684387
2002-09-03,42.419998,42.549999,41.290001,41.93,607500,22.635801
2002-08-30,42.720001,43.240002,42.200001,42.91,439100,23.164851
2002-08-29,42.700001,42.860001,42.189999,42.720001,347400,23.06228
2002-08-28,43.099998,43.27,42.450001,42.98,431400,23.20264
2002-08-27,44.279999,44.360001,43.400002,43.400002,395800,23.429377
2002-08-26,43.599998,44.189999,43.599998,44.080002,401600,23.796473
2002-08-23,44.09,44.240002,43.349998,43.48,265400,23.472564
2002-08-22,43.849998,44.450001,43.470001,44.330002,384000,23.931435
2002-08-21,42.450001,43.880001,42.259998,43.849998,563100,23.672307
2002-08-20,42.540001,42.779999,41.700001,42.310001,638300,22.840943
2002-08-19,41.84,42.540001,41.549999,42.540001,285800,22.965108
2002-08-16,42.299999,42.349998,41.580002,41.84,412900,22.587214
2002-08-15,42.529999,43.220001,42.240002,42.450001,422300,22.916521
2002-08-14,41.369999,42.549999,41.150002,42.529999,468500,22.959708
2002-08-13,42.049999,42.349998,41.349998,41.369999,683500,22.333485
2002-08-12,41.599998,42.50,41.50,42.049999,870300,22.700582
2002-08-09,42.619999,42.84,41.93,42.009998,580400,22.678987
2002-08-08,42.240002,42.650002,41.34,42.619999,494400,23.008295
2002-08-07,41.889999,42.240002,41.360001,42.240002,560300,22.803154
2002-08-06,41.139999,42.23,41.139999,41.75,773100,22.538628
2002-08-05,40.599998,41.549999,40.400002,40.779999,920300,22.014975
2002-08-02,40.279999,40.93,39.66,40.27,574500,21.739654
2002-08-01,40.959999,41.50,39.799999,40.279999,651100,21.745052
2002-07-31,40.080002,41.200001,38.810001,40.959999,855100,22.112148
2002-07-30,38.43,40.200001,38.220001,40.080002,921000,21.637084
2002-07-29,37.400002,38.459999,37.299999,38.419998,611700,20.740935
2002-07-26,37.919998,38.310001,36.759998,37.419998,588600,20.201088
2002-07-25,36.700001,38.200001,36.099998,38.009998,1417300,20.519598
2002-07-24,33.50,36.91,33.049999,36.799999,1291600,19.866383
2002-07-23,36.110001,36.549999,33.599998,34.099998,1332000,18.408795
2002-07-22,36.400002,36.900002,35.119999,36.099998,1002200,19.488489
2002-07-19,36.259998,37.470001,35.23,35.959999,842200,19.412911
2002-07-18,38.900002,38.900002,37.470001,37.470001,566700,20.228082
2002-07-17,40.00,40.049999,38.599998,38.82,781100,20.956875
2002-07-16,40.099998,40.290001,38.889999,39.259998,1077800,21.194407
2002-07-15,38.98,40.509998,36.299999,40.349998,1404900,21.782841
2002-07-12,40.740002,40.740002,38.810001,39.259998,667600,21.194407
2002-07-11,39.540001,40.720001,39.189999,40.650002,835000,21.944797
2002-07-10,41.02,41.02,39.299999,39.580002,946300,21.36716
2002-07-09,42.50,42.799999,40.73,40.950001,725300,22.10675
2002-07-08,42.900002,43.00,42.349998,42.639999,305400,23.019092
2002-07-05,42.75,43.00,42.25,42.950001,267700,23.186445
2002-07-03,43.00,43.25,42.299999,42.700001,550900,23.051483
2002-07-02,43.400002,43.599998,42.84,42.950001,892300,23.186445
2002-07-01,44.349998,44.560001,43.849998,43.98,663500,23.742487
2002-06-28,43.00,44.639999,43.00,44.639999,753600,24.098786
2002-06-27,43.450001,43.799999,42.900002,43.549999,677800,23.510353
2002-06-26,43.25,43.700001,42.810001,43.25,1384300,23.348399
2002-06-25,44.400002,44.650002,43.849998,43.950001,1298900,23.448272
2002-06-24,44.75,44.939999,44.32,44.52,1050500,23.752379
2002-06-21,44.00,45.099998,44.00,45.099998,1659300,24.06182
2002-06-20,43.799999,44.470001,43.779999,44.150002,3404200,23.554976
2002-06-19,43.150002,43.650002,42.650002,43.650002,2158800,23.288216
2002-06-18,42.98,43.720001,42.849998,43.330002,1132900,23.117489
2002-06-17,43.509998,43.619999,42.700001,42.799999,1520400,22.834721
2002-06-14,43.950001,44.18,43.380001,43.50,1462100,23.208187
2002-06-13,45.41,46.599998,45.349998,45.869999,553200,24.472632
2002-06-12,44.849998,45.900002,44.849998,45.580002,546800,24.317912
2002-06-11,44.599998,45.919998,44.599998,45.080002,927900,24.051152
2002-06-10,44.25,44.709999,44.049999,44.490002,286900,23.736374
2002-06-07,44.080002,44.41,43.900002,44.25,521200,23.608328
2002-06-06,45.16,45.290001,44.07,44.080002,557100,23.51763
2002-06-05,46.209999,46.209999,45.099998,45.150002,539200,24.088498
2002-06-04,45.709999,46.490002,45.709999,46.200001,413200,24.648695
2002-06-03,46.799999,46.849998,45.779999,45.91,453500,24.493973
2002-05-31,46.900002,47.200001,46.610001,46.799999,444000,24.968807
2002-05-30,46.50,47.00,46.439999,46.900002,644400,25.022161
2002-05-29,46.549999,46.669998,45.959999,46.50,433900,24.808751
2002-05-28,46.709999,46.959999,46.400002,46.73,402600,24.931461
2002-05-24,47.25,47.279999,46.200001,46.91,524200,25.027495
2002-05-23,47.299999,47.599998,46.91,47.25,798400,25.208892
2002-05-22,46.650002,47.700001,46.650002,47.68,548100,25.438307
2002-05-21,46.169998,47.040001,45.950001,46.700001,486900,24.915456
2002-05-20,45.27,46.209999,45.240002,46.169998,532500,24.632688
2002-05-17,45.299999,45.700001,44.23,45.27,797300,24.15252
2002-05-16,45.119999,45.900002,45.119999,45.299999,1643900,24.168525
2002-05-15,45.150002,45.25,44.950001,45.119999,915200,24.072491
2002-05-14,44.73,45.400002,44.209999,45.380001,645800,24.211208
2002-05-13,44.27,44.560001,44.060001,44.529999,1317700,23.757713
2002-05-10,45.25,45.50,44.32,44.450001,877500,23.715033
2002-05-09,45.00,45.09,44.549999,44.709999,691700,23.853747
2002-05-08,45.130001,45.259998,44.57,45.00,1023400,24.008469
2002-05-07,45.400002,45.400002,44.830002,45.009998,262600,24.013803
2002-05-06,45.869999,45.869999,45.43,45.439999,210200,24.243218
2002-05-03,45.98,46.150002,45.389999,45.869999,300200,24.472632
2002-05-02,45.48,46.00,44.93,45.970001,422700,24.525986
2002-05-01,45.139999,45.549999,45.049999,45.369999,403200,24.205871
2002-04-30,45.16,45.68,45.00,45.34,657100,24.189866
2002-04-29,45.240002,45.610001,44.830002,44.959999,590000,23.987128
2002-04-26,45.740002,45.950001,44.75,45.259998,596500,24.147184
2002-04-25,46.849998,46.860001,45.59,45.66,676900,24.360593
2002-04-24,46.700001,47.400002,46.400002,47.060001,751700,25.107524
2002-04-23,45.700001,46.900002,45.650002,46.48,364300,24.798081
2002-04-22,45.880001,46.189999,45.610001,45.799999,283200,24.435286
2002-04-19,45.75,46.080002,45.50,46.080002,268100,24.584673
2002-04-18,45.599998,45.889999,45.380001,45.860001,322700,24.467298
2002-04-17,45.27,45.689999,45.200001,45.580002,299700,24.317912
2002-04-16,44.75,45.299999,44.669998,45.279999,580300,24.157854
2002-04-15,44.50,44.529999,44.25,44.360001,469100,23.667016
2002-04-12,44.549999,44.799999,44.279999,44.779999,257900,23.891094
2002-04-11,45.110001,45.400002,44.52,44.529999,276600,23.757713
2002-04-10,44.400002,45.119999,44.400002,45.110001,438100,24.067157
2002-04-09,44.84,44.84,44.490002,44.52,312500,23.752379
2002-04-08,44.50,45.099998,44.50,44.939999,329300,23.976457
2002-04-05,45.200001,45.50,44.849998,44.970001,226600,23.992464
2002-04-04,45.50,45.970001,44.700001,45.34,457900,24.189866
2002-04-03,45.450001,45.73,45.220001,45.599998,319100,24.328581
2002-04-02,45.389999,45.650002,45.139999,45.560001,358200,24.307242
2002-04-01,45.200001,45.630001,45.099998,45.389999,340300,24.216542
2002-03-28,45.00,45.75,45.00,45.50,384700,24.27523
2002-03-27,44.610001,45.150002,44.439999,45.110001,330700,24.067157
2002-03-26,44.490002,44.82,44.27,44.759998,353700,23.880423
2002-03-25,44.330002,44.939999,43.830002,44.459999,380000,23.720367
2002-03-22,44.599998,44.939999,44.279999,44.529999,325800,23.757713
2002-03-21,43.740002,44.700001,43.619999,44.639999,896400,23.816401
2002-03-20,44.150002,44.400002,43.700001,44.099998,418700,23.253535
2002-03-19,43.799999,44.279999,43.759998,44.130001,665900,23.269355
2002-03-18,43.139999,43.639999,42.799999,43.529999,424500,22.952979
2002-03-15,43.419998,43.66,43.369999,43.580002,624800,22.979345
2002-03-14,43.50,43.82,43.25,43.419998,292800,22.894977
2002-03-13,43.549999,43.849998,43.34,43.490002,315700,22.931889
2002-03-12,44.00,44.150002,43.509998,43.790001,340100,23.090076
2002-03-11,43.98,44.299999,43.68,44.130001,307100,23.269355
2002-03-08,44.150002,44.310001,43.630001,44.080002,312600,23.242991
2002-03-07,43.860001,44.150002,43.599998,44.099998,389100,23.253535
2002-03-06,43.389999,43.880001,42.900002,43.860001,451000,23.126986
2002-03-05,42.549999,43.400002,42.509998,43.389999,393600,22.879159
2002-03-04,42.189999,42.77,42.189999,42.73,290400,22.531147
2002-03-01,41.419998,42.25,41.419998,42.189999,305200,22.246409
2002-02-28,41.57,41.799999,41.419998,41.419998,257600,21.840395
2002-02-27,41.389999,41.900002,41.279999,41.57,299600,21.919489
2002-02-26,40.950001,41.509998,40.950001,41.43,285200,21.845669
2002-02-25,40.950001,41.32,40.810001,41.00,416300,21.618933
2002-02-22,40.950001,41.349998,40.73,41.150002,549600,21.698028
2002-02-21,41.23,41.599998,41.009998,41.060001,357700,21.650572
2002-02-20,41.299999,41.41,40.790001,41.240002,704700,21.745484
2002-02-19,41.299999,41.540001,41.080002,41.290001,405300,21.771848
2002-02-15,41.549999,41.66,41.360001,41.419998,301500,21.840395
2002-02-14,41.349998,41.630001,41.130001,41.540001,293100,21.903671
2002-02-13,41.25,41.59,41.099998,41.360001,214900,21.808759
2002-02-12,41.080002,41.66,41.07,41.380001,417500,21.819305
2002-02-11,40.50,41.169998,40.259998,41.040001,419800,21.640026
2002-02-08,40.970001,41.310001,40.549999,40.830002,726400,21.529295
2002-02-07,40.900002,41.150002,40.720001,41.00,417100,21.618933
2002-02-06,40.380001,40.75,40.360001,40.50,443400,21.355288
2002-02-05,40.950001,41.09,40.540001,40.610001,497900,21.41329
2002-02-04,41.060001,41.299999,40.669998,41.00,374600,21.618933
2002-02-01,40.900002,41.099998,40.799999,41.060001,174800,21.650572
2002-01-31,40.18,41.00,40.00,41.00,457300,21.618933
2002-01-30,40.200001,40.41,39.650002,40.380001,244900,21.292014
2002-01-29,41.419998,41.419998,40.290001,40.349998,439100,21.276193
2002-01-28,41.00,41.130001,40.889999,41.02,155900,21.62948
2002-01-25,41.099998,41.259998,40.959999,41.150002,232500,21.698028
2002-01-24,40.75,41.59,40.75,41.18,279000,21.713846
2002-01-23,40.75,41.080002,40.50,40.970001,287100,21.603115
2002-01-22,41.720001,41.75,40.869999,40.950001,400400,21.592569
2002-01-18,41.599998,41.900002,41.50,41.740002,271700,22.00913
2002-01-17,41.98,42.119999,41.50,41.66,287400,21.966945
2002-01-16,42.150002,42.50,41.84,41.98,366700,22.135678
2002-01-15,41.599998,42.099998,41.52,42.009998,404500,22.151497
2002-01-14,40.82,41.599998,40.82,41.419998,487000,21.840395
2002-01-11,41.060001,41.50,40.970001,41.02,479600,21.62948
2002-01-10,40.400002,41.139999,40.400002,41.049999,552000,21.645298
2002-01-09,40.630001,41.099998,40.279999,40.810001,570500,21.518749
2002-01-08,41.220001,41.279999,40.389999,40.689999,603700,21.455472
2002-01-07,41.48,41.630001,41.259998,41.48,685100,21.872033
2002-01-04,42.529999,42.529999,41.349998,41.790001,698800,22.035494
2002-01-03,42.299999,42.450001,41.810001,42.139999,291900,22.220045
2002-01-02,42.040001,42.52,41.119999,42.369999,442400,22.341322
2001-12-31,41.849998,42.290001,41.650002,41.939999,218100,22.114586
2001-12-28,42.200001,42.200001,41.200001,41.919998,386700,22.10404
2001-12-27,41.50,41.98,41.009998,41.950001,353300,22.11986
2001-12-26,41.369999,41.810001,41.360001,41.41,359900,21.835123
2001-12-24,41.080002,41.50,41.060001,41.349998,4422100,21.803485
2001-12-21,41.400002,41.490002,41.119999,41.130001,1644200,21.687482
2001-12-20,41.990002,41.990002,41.360001,41.720001,624200,21.727028
2001-12-19,40.950001,42.07,40.849998,41.939999,547900,21.841599
2001-12-18,40.59,41.09,40.59,41.02,394700,21.36248
2001-12-17,40.759998,40.869999,40.439999,40.59,271700,21.138544
2001-12-14,40.619999,40.98,40.25,40.759998,252500,21.227076
2001-12-13,40.740002,41.209999,40.700001,40.869999,358100,21.284362
2001-12-12,40.07,40.799999,39.900002,40.740002,633000,21.216662
2001-12-11,40.700001,40.810001,39.919998,40.07,348700,20.867737
2001-12-10,41.009998,41.099998,40.599998,40.68,391600,21.185414
2001-12-07,40.50,41.209999,40.50,41.009998,618800,21.357271
2001-12-06,41.00,41.00,40.41,40.650002,604100,21.169791
2001-12-05,41.18,41.43,40.950001,41.110001,399400,21.409351
2001-12-04,41.150002,41.299999,40.799999,41.099998,857600,21.404142
2001-12-03,41.150002,41.48,40.810001,41.389999,783200,21.555169
2001-11-30,41.400002,41.599998,41.240002,41.299999,349400,21.508298
2001-11-29,41.279999,41.700001,41.060001,41.400002,520700,21.560378
2001-11-28,41.59,41.599998,41.09,41.279999,572800,21.497883
2001-11-27,41.470001,41.950001,41.299999,41.580002,247300,21.654119
2001-11-26,41.650002,41.849998,41.330002,41.459999,214100,21.591623
2001-11-23,41.450001,41.75,41.25,41.639999,137700,21.685364
2001-11-21,41.959999,41.959999,41.25,41.450001,486800,21.586417
2001-11-20,41.25,42.099998,41.189999,41.950001,530300,21.846808
2001-11-19,41.080002,41.169998,40.549999,41.150002,464300,21.430182
2001-11-16,41.040001,41.439999,40.82,41.07,380100,21.388519
2001-11-15,41.349998,41.50,40.759998,41.040001,542700,21.372896
2001-11-14,41.950001,41.959999,41.139999,41.349998,317400,21.534337
2001-11-13,41.540001,41.98,41.00,41.900002,340900,21.820769
2001-11-12,41.75,41.84,41.200001,41.540001,284200,21.633287
2001-11-09,42.200001,42.349998,41.549999,41.98,249900,21.86243
2001-11-08,41.689999,42.599998,41.689999,42.00,374300,21.872846
2001-11-07,41.400002,41.810001,41.200001,41.59,561200,21.659326
2001-11-06,41.27,41.900002,41.060001,41.630001,478700,21.680157
2001-11-05,40.700001,41.700001,40.66,41.52,420700,21.622871
2001-11-02,40.950001,40.950001,40.200001,40.599998,1312100,21.143751
2001-11-01,41.450001,41.790001,40.810001,41.00,639100,21.352064
2001-10-31,41.209999,41.970001,41.099998,41.689999,567200,21.711403
2001-10-30,41.349998,41.700001,41.169998,41.459999,356300,21.591623
2001-10-29,41.349998,42.099998,40.50,41.860001,493100,21.799937
2001-10-26,42.00,42.049999,41.529999,41.779999,303800,21.758274
2001-10-25,41.799999,42.549999,41.799999,42.169998,326400,21.961378
2001-10-24,42.169998,42.349998,41.529999,42.029999,472400,21.888469
2001-10-23,42.470001,42.470001,41.889999,42.169998,488200,21.961378
2001-10-22,43.00,43.080002,42.25,42.470001,401400,22.117614
2001-10-19,42.299999,43.580002,42.299999,43.25,189600,22.523824
2001-10-18,43.330002,43.50,42.459999,42.52,433200,22.143653
2001-10-17,43.75,43.990002,43.50,43.580002,264100,22.695683
2001-10-16,43.060001,43.799999,43.060001,43.75,365200,22.784215
2001-10-15,43.349998,43.560001,42.830002,43.049999,400800,22.419667
2001-10-12,43.23,43.650002,42.91,43.52,268100,22.664435
2001-10-11,43.66,43.98,43.419998,43.43,444400,22.617565
2001-10-10,43.700001,43.77,43.099998,43.759998,289400,22.789422
2001-10-09,44.490002,44.490002,43.50,43.720001,257900,22.768592
2001-10-08,44.540001,44.639999,44.049999,44.369999,395600,23.107099
2001-10-05,44.98,45.00,44.50,44.990002,385600,23.429985
2001-10-04,44.849998,44.990002,44.080002,44.799999,419700,23.331036
2001-10-03,44.099998,44.869999,44.00,44.849998,565000,23.357074
2001-10-02,43.130001,44.099998,43.00,44.099998,430600,22.966488
2001-10-01,42.900002,43.360001,42.599998,43.18,381800,22.487369
2001-09-28,41.75,43.049999,41.700001,43.049999,541000,22.419667
2001-09-27,41.650002,42.50,41.349998,41.919998,492100,21.831183
2001-09-26,42.169998,42.299999,41.41,41.900002,794200,21.820769
2001-09-25,42.349998,42.450001,41.740002,42.16,579400,21.956171
2001-09-24,42.799999,43.00,41.919998,42.099998,570600,21.924924
2001-09-21,42.75,44.349998,42.509998,42.799999,848200,22.289471
2001-09-20,42.049999,43.759998,42.049999,43.200001,2915300,22.497785
2001-09-19,43.34,43.950001,43.099998,43.400002,995400,22.333741
2001-09-18,43.259998,43.77,42.849998,43.59,313500,22.431514
2001-09-17,43.150002,43.810001,43.00,43.259998,625800,22.261695
2001-09-10,43.98,43.98,43.400002,43.400002,350800,22.333741
2001-09-07,43.52,44.299999,43.349998,43.98,387400,22.632209
2001-09-06,43.400002,43.889999,43.029999,43.77,333600,22.524143
2001-09-05,43.450001,43.580002,43.200001,43.349998,361300,22.308009
2001-09-04,43.040001,43.919998,43.040001,43.610001,203200,22.441807
2001-08-31,43.400002,43.73,43.07,43.290001,186400,22.277134
2001-08-30,43.700001,44.00,43.360001,43.400002,230500,22.333741
2001-08-29,43.650002,44.049999,43.349998,43.720001,293500,22.498413
2001-08-28,43.900002,43.950001,43.509998,43.52,539900,22.395492
2001-08-27,44.00,44.369999,43.900002,44.009998,339300,22.647647
2001-08-24,43.599998,44.080002,43.50,44.00,175100,22.642501
2001-08-23,43.630001,44.18,43.450001,43.77,353800,22.524143
2001-08-22,42.950001,44.299999,42.900002,43.880001,763000,22.58075
2001-08-21,42.529999,43.299999,42.529999,43.189999,392900,22.225673
2001-08-20,42.450001,42.91,42.450001,42.779999,228300,22.014686
2001-08-17,42.599998,43.00,42.299999,42.349998,307600,21.793407
2001-08-16,42.259998,42.849998,42.040001,42.639999,446600,21.942642
2001-08-15,42.349998,42.75,42.049999,42.259998,471200,21.747092
2001-08-14,42.48,42.709999,42.009998,42.310001,333400,21.772824
2001-08-13,42.599998,43.25,42.099998,42.41,325600,21.824284
2001-08-10,42.599998,42.66,41.650002,42.43,466700,21.834576
2001-08-09,42.009998,42.549999,41.990002,42.419998,355700,21.829429
2001-08-08,43.200001,43.509998,42.110001,42.259998,433700,21.747092
2001-08-07,43.450001,43.93,43.119999,43.389999,650800,22.328594
2001-08-06,44.18,44.18,43.009998,43.400002,481400,22.333741
2001-08-03,43.830002,44.299999,43.209999,44.18,607500,22.73513
2001-08-02,43.349998,43.830002,42.889999,43.830002,488600,22.55502
2001-08-01,42.48,43.07,42.150002,42.990002,572500,22.122754
2001-07-31,42.599998,43.130001,41.810001,42.25,297500,21.741947
2001-07-30,42.549999,42.799999,41.549999,42.75,354200,21.999248
2001-07-27,42.720001,42.849998,41.299999,42.50,531400,21.870598
2001-07-26,42.75,42.900002,41.98,42.470001,1956700,21.85516
2001-07-25,42.450001,42.900002,42.00,42.740002,1283000,21.994103
2001-07-24,42.759998,42.849998,42.099998,42.450001,1225200,21.844868
2001-07-23,43.549999,43.599998,42.25,42.509998,716000,21.875743
2001-07-20,44.099998,44.200001,43.299999,43.50,344600,22.3852
2001-07-19,43.950001,44.150002,43.50,43.950001,404600,22.616772
2001-07-18,43.900002,44.150002,43.50,43.84,316200,22.560165
2001-07-17,44.450001,44.619999,43.700001,43.950001,312500,22.616772
2001-07-16,44.380001,44.650002,44.16,44.450001,661200,22.874073
2001-07-13,45.150002,45.150002,44.049999,44.380001,523400,22.838051
2001-07-12,45.299999,45.490002,44.950001,45.150002,381800,23.234295
2001-07-11,46.00,46.400002,45.400002,45.75,796000,23.543055
2001-07-10,46.099998,46.349998,45.900002,46.279999,558200,23.815794
2001-07-09,46.099998,46.799999,46.00,46.27,678600,23.810649
2001-07-06,46.799999,46.799999,45.950001,46.150002,867600,23.748897
2001-07-05,46.50,46.959999,46.110001,46.68,635800,24.021636
2001-07-03,46.349998,46.68,46.150002,46.50,342800,23.929007
2001-07-02,46.439999,47.040001,46.209999,46.529999,589800,23.944445
2001-06-29,46.049999,46.619999,45.900002,46.439999,996000,23.89813
2001-06-28,45.869999,46.689999,45.799999,46.00,313600,23.671706
2001-06-27,45.849998,46.48,45.349998,46.119999,279500,23.733458
2001-06-26,45.150002,46.029999,44.52,45.970001,614500,23.656269
2001-06-25,45.369999,45.369999,44.720001,45.02,465600,23.167396
2001-06-22,45.150002,45.849998,44.580002,45.369999,500200,23.347506
2001-06-21,46.080002,46.259998,44.630001,45.150002,709200,23.234295
2001-06-20,46.369999,47.130001,46.369999,46.610001,681200,23.720593
2001-06-19,45.150002,46.299999,45.150002,46.299999,585000,23.562828
2001-06-18,45.139999,46.299999,45.00,45.400002,661300,23.104804
2001-06-15,43.200001,45.32,43.200001,45.139999,1645000,22.972485
2001-06-14,44.50,44.50,43.700001,43.720001,869000,22.249825
2001-06-13,45.650002,45.799999,44.52,44.669998,862000,22.733294
2001-06-12,44.950001,45.639999,44.849998,45.57,1088400,23.191319
2001-06-11,43.98,44.860001,43.91,44.799999,1139300,22.799453
2001-06-08,43.75,44.00,43.540001,43.900002,1690600,22.34143
2001-06-07,43.700001,43.799999,43.299999,43.540001,1265000,22.15822
2001-06-06,44.150002,44.150002,43.200001,43.700001,1331800,22.239646
2001-06-05,44.330002,44.50,43.75,44.360001,372300,22.575531
2001-06-04,44.700001,44.82,44.200001,44.310001,689300,22.550085
2001-06-01,44.619999,44.849998,44.25,44.73,1309600,22.763829
2001-05-31,43.50,44.939999,43.50,44.720001,2905300,22.758741
2001-05-30,43.66,44.209999,43.040001,43.380001,1463900,22.076793
2001-05-29,43.400002,44.099998,43.400002,43.650002,483100,22.214201
2001-05-25,44.400002,44.400002,43.580002,43.650002,633200,22.214201
2001-05-24,44.50,44.849998,44.060001,44.400002,1079600,22.595888
2001-05-23,44.099998,44.950001,44.049999,44.709999,652900,22.753651
2001-05-22,44.040001,44.25,43.700001,44.09,574300,22.438123
2001-05-21,43.389999,44.040001,43.07,44.040001,446000,22.412678
2001-05-18,42.959999,43.389999,42.900002,43.389999,396600,22.081881
2001-05-17,42.66,43.049999,42.50,42.959999,532700,21.863047
2001-05-16,42.150002,42.700001,42.060001,42.66,528700,21.710373
2001-05-15,42.50,42.50,42.00,42.150002,565300,21.450826
2001-05-14,42.689999,43.290001,42.25,42.259998,763900,21.506805
2001-05-11,42.650002,42.75,42.259998,42.580002,308000,21.66966
2001-05-10,42.50,42.599998,42.099998,42.470001,460400,21.613679
2001-05-09,41.700001,42.900002,41.700001,42.400002,1032400,21.578055
2001-05-08,42.18,42.18,41.50,41.700001,649800,21.221813
2001-05-07,41.709999,42.099998,41.68,41.93,515500,21.338864
2001-05-04,41.00,41.709999,40.799999,41.709999,601800,21.226902
2001-05-03,41.450001,41.549999,40.549999,41.099998,337700,20.916462
2001-05-02,42.299999,42.299999,41.07,41.32,583200,21.028425
2001-05-01,42.119999,42.43,41.860001,42.299999,481500,21.527162
2001-04-30,42.299999,42.389999,41.849998,41.919998,642500,21.333774
2001-04-27,42.759998,42.82,42.049999,42.299999,479200,21.527162
2001-04-26,42.349998,43.23,42.349998,42.75,708200,21.756175
2001-04-25,42.50,42.700001,41.75,42.360001,615100,21.557698
2001-04-24,42.220001,42.490002,41.77,42.25,555500,21.501717
2001-04-23,41.75,42.119999,41.080002,41.970001,450300,21.359221
2001-04-20,41.700001,42.200001,41.049999,41.75,764300,21.247259
2001-04-19,43.110001,43.50,41.700001,41.700001,794600,21.221813
2001-04-18,42.950001,43.400002,41.799999,43.110001,1130200,21.939385
2001-04-17,43.400002,43.900002,42.779999,42.939999,756800,21.852869
2001-04-16,42.150002,43.400002,42.049999,43.400002,927700,22.086972
2001-04-12,42.23,42.450001,41.52,42.040001,624800,21.394845
2001-04-11,43.25,43.25,42.049999,42.330002,890700,21.542431
2001-04-10,42.709999,43.560001,42.709999,43.439999,885500,22.107327
2001-04-09,42.150002,42.709999,41.950001,42.32,940200,21.537341
2001-04-06,42.049999,42.450001,41.200001,41.68,2363500,21.211635
2001-04-05,42.450001,42.450001,41.450001,42.299999,1354700,21.527162
2001-04-04,41.07,42.139999,40.799999,41.98,1497400,21.364309
2001-04-03,40.450001,41.279999,39.869999,41.169998,1371800,20.952086
2001-04-02,39.799999,40.75,39.790001,40.599998,1513900,20.662004
2001-03-30,39.66,40.200001,39.540001,39.799999,802000,20.254871
2001-03-29,39.110001,39.48,38.580002,39.41,633100,20.056394
2001-03-28,39.110001,39.75,38.220001,39.299999,989000,20.000413
2001-03-27,38.869999,39.799999,38.84,39.349998,1694200,20.025859
2001-03-26,37.619999,38.869999,37.549999,38.869999,1280400,19.781579
2001-03-23,37.349998,37.75,36.799999,37.619999,1362900,19.145434
2001-03-22,38.34,38.50,36.700001,37.549999,1912500,19.10981
2001-03-21,38.150002,39.240002,38.150002,38.34,503200,19.511854
2001-03-20,38.439999,39.080002,38.25,38.360001,638100,19.522033
2001-03-19,38.779999,39.18,38.779999,39.060001,778100,19.616182
2001-03-16,38.50,39.50,38.50,38.77,990300,19.470542
2001-03-15,38.50,39.299999,38.150002,39.040001,1139800,19.606138
2001-03-14,38.799999,39.040001,38.490002,38.490002,1057200,19.329925
2001-03-13,38.549999,39.580002,38.549999,39.09,1215100,19.631248
2001-03-12,38.41,39.099998,38.41,38.549999,738700,19.360056
2001-03-09,39.41,39.41,38.720001,38.77,565000,19.470542
2001-03-08,38.98,39.41,38.799999,39.400002,722200,19.786932
2001-03-07,38.66,39.25,38.549999,38.779999,1237900,19.475563
2001-03-06,38.52,38.98,38.52,38.66,909400,19.415299
2001-03-05,38.139999,38.650002,38.139999,38.59,1171900,19.380144
2001-03-02,37.50,38.349998,37.400002,38.139999,1333400,19.154151
2001-03-01,37.00,37.900002,36.599998,37.349998,3056600,18.757408
2001-02-28,35.799999,37.00,35.50,36.040001,2700700,18.099519
2001-02-27,35.41,36.080002,35.259998,35.669998,397800,17.913701
2001-02-26,35.450001,36.59,35.18,35.41,452600,17.783128
2001-02-23,35.849998,36.349998,34.950001,35.200001,762100,17.677665
2001-02-22,36.43,36.75,35.75,35.799999,854100,17.978988
2001-02-21,36.799999,37.16,36.099998,36.18,582600,18.169827
2001-02-20,36.330002,36.52,35.98,36.07,567000,18.114584
2001-02-16,36.27,36.75,35.700001,36.00,1482500,18.07943
2001-02-15,36.830002,36.919998,36.00,36.02,1149900,18.089474
2001-02-14,37.700001,37.709999,36.50,36.869999,1266200,18.516349
2001-02-13,38.029999,38.439999,37.619999,37.700001,911600,18.933181
2001-02-12,38.450001,39.119999,37.599998,38.029999,695700,19.098908
2001-02-09,37.959999,38.470001,37.50,38.369999,2087900,19.269658
2001-02-08,36.900002,38.400002,36.900002,37.959999,1966700,19.063754
2001-02-07,35.75,37.18,35.75,37.009998,2974100,18.586657
2001-02-06,35.23,35.950001,34.75,35.369999,1231900,17.763039
2001-02-05,34.799999,35.66,34.799999,34.98,993800,17.567179
2001-02-02,35.299999,35.450001,34.68,34.77,552700,17.461716
2001-02-01,35.700001,35.98,34.650002,35.099998,815000,17.627443
2001-01-31,36.16,36.16,35.130001,35.290001,1041600,17.722864
2001-01-30,36.18,36.68,35.57,36.41,505400,18.285334
2001-01-29,35.869999,36.990002,35.849998,35.93,388800,18.044276
2001-01-26,37.00,37.00,35.0625,35.875,726600,18.016654
2001-01-25,37.125,37.375,36.50,36.625,507800,18.393309
2001-01-24,36.50,37.25,36.50,36.875,399100,18.51886
2001-01-23,36.3125,37.00,35.9375,36.50,890300,18.330533
2001-01-22,34.8125,36.50,34.625,36.375,845400,18.267757
2001-01-19,34.75,35.3125,34.1875,34.8125,949500,17.48306
2001-01-18,34.0625,34.875,34.00,34.75,818200,17.451672
2001-01-17,33.9375,34.5625,33.5625,33.8125,594300,16.980853
2001-01-16,34.75,34.75,33.125,33.75,793400,16.949465
2001-01-12,34.25,34.75,33.8125,34.50,1064200,17.32612
2001-01-11,36.50,36.50,33.75,33.875,1128900,17.012241
2001-01-10,36.875,36.9375,36.25,36.50,667100,18.330533
2001-01-09,36.00,36.625,35.8125,36.625,1143800,18.393309
2001-01-08,35.5625,36.3125,35.4375,36.1875,855600,18.173594
2001-01-05,34.875,35.6875,34.50,35.50,1045200,17.828327
2001-01-04,36.6875,36.75,34.328121,34.875,1089400,17.514448
2001-01-03,38.50,38.875,36.75,37.00,1344300,18.581636
2001-01-02,38.6875,38.75,37.9375,38.25,535900,19.209394
2000-12-29,38.9375,39.25,38.5625,38.9375,451900,19.554661
2000-12-28,39.0625,39.1875,38.50,38.9375,418800,19.554661
2000-12-27,39.25,39.3125,38.625,38.9375,593600,19.554661
2000-12-26,38.4375,39.25,38.25,39.1875,373700,19.680213
2000-12-22,37.6875,38.4375,37.375,38.4375,524200,19.303558
2000-12-21,38.00,38.00,37.125,37.75,6563400,18.958291
2000-12-20,36.9375,37.8125,36.75,37.625,1846900,18.895515
2000-12-19,37.5625,37.9375,37.375,37.50,1576500,18.574103
2000-12-18,36.875,37.50,36.875,37.50,865900,18.574103
2000-12-15,36.6875,37.1875,36.3125,36.875,749600,18.264535
2000-12-14,36.6875,36.75,36.1875,36.4375,344200,18.047837
2000-12-13,36.0625,36.75,35.625,36.5625,378000,18.10975
2000-12-12,36.1875,36.25,35.6875,35.9375,502500,17.800182
2000-12-11,36.4375,36.4375,35.625,36.0625,431600,17.862096
2000-12-08,36.8125,36.8125,36.00,36.1875,323500,17.924009
2000-12-07,37.1875,37.25,36.625,37.00,579000,18.326448
2000-12-06,37.3125,37.625,36.75,36.9375,902600,18.295491
2000-12-05,38.25,38.25,37.125,37.375,606700,18.512189
2000-12-04,38.00,38.75,37.6875,38.0625,407900,18.852715
2000-12-01,37.75,38.1875,37.4375,38.00,290900,18.821758
2000-11-30,37.75,38.1875,37.625,37.9375,930000,18.790801
2000-11-29,37.3125,38.00,37.1875,37.75,423400,18.69793
2000-11-28,37.00,37.6875,37.00,37.3125,420800,18.481232
2000-11-27,36.9375,37.1875,36.0625,37.00,482300,18.326448
2000-11-24,36.875,37.375,36.3125,37.125,150600,18.388362
2000-11-22,37.5625,37.6875,36.9375,37.0625,414100,18.357405
2000-11-21,37.625,37.625,36.75,37.3125,292700,18.481232
2000-11-20,37.5625,38.00,37.1875,37.5625,290000,18.60506
2000-11-17,37.25,37.625,36.9375,37.375,473300,18.512189
2000-11-16,36.75,37.25,36.6875,37.1875,435400,18.419319
2000-11-15,36.1875,36.6875,35.875,36.625,492700,18.140707
2000-11-14,36.625,36.8125,36.00,36.0625,517500,17.862096
2000-11-13,36.6875,36.9375,36.375,36.875,751900,18.264535
2000-11-10,36.3125,37.125,36.1875,36.50,464100,18.078794
2000-11-09,36.0625,36.4375,35.50,36.3125,572000,17.985923
2000-11-08,36.00,36.4375,35.75,36.0625,465300,17.862096
2000-11-07,35.8125,36.25,35.8125,36.125,466800,17.893053
2000-11-06,37.125,37.9375,35.375,35.8125,1051000,17.738268
2000-11-03,36.50,37.375,36.1875,37.375,802100,18.512189
2000-11-02,37.00,37.25,36.3125,36.625,350700,18.140707
2000-11-01,36.3125,37.3125,36.25,37.0625,818500,18.357405
2000-10-31,36.375,36.5625,35.75,36.125,508100,17.893053
2000-10-30,35.875,36.4375,35.8125,36.3125,470700,17.985923
2000-10-27,35.4375,36.4375,34.9375,35.875,321200,17.769225
2000-10-26,36.00,36.00,35.125,35.4375,247200,17.552527
2000-10-25,36.50,36.8125,35.6875,35.875,233000,17.769225
2000-10-24,36.875,37.00,35.9375,36.375,348700,18.01688
2000-10-23,36.3125,37.25,36.3125,36.625,590000,18.140707
2000-10-20,36.8125,37.125,36.25,36.50,544100,18.078794
2000-10-19,35.8125,36.75,35.4375,36.5625,481200,18.10975
2000-10-18,37.0625,37.375,35.8125,36.0625,611000,17.862096
2000-10-17,37.00,37.50,36.4375,36.8125,305600,18.233578
2000-10-16,36.8125,37.3125,36.625,36.875,258700,18.264535
2000-10-13,37.00,37.4375,36.50,36.75,414000,18.202621
2000-10-12,36.1875,37.25,35.3125,36.8125,431100,18.233578
2000-10-11,36.25,37.00,35.75,36.4375,376800,18.047837
2000-10-10,36.00,36.6875,35.75,36.125,357600,17.893053
2000-10-09,35.75,36.375,35.50,35.75,306700,17.707311
2000-10-06,36.25,36.875,35.875,36.00,297900,17.831139
2000-10-05,36.6875,37.375,35.75,36.00,339500,17.831139
2000-10-04,37.50,38.1875,36.125,36.75,596800,18.202621
2000-10-03,38.3125,38.5625,37.25,37.50,527000,18.574103
2000-10-02,37.625,38.50,36.9375,38.3125,483000,18.976542
2000-09-29,37.375,38.375,37.1875,38.265621,488700,18.953322
2000-09-28,37.3125,38.00,37.25,37.625,418100,18.636017
2000-09-27,37.375,37.75,36.1875,37.578121,420000,18.612797
2000-09-26,37.00,37.6875,36.875,37.1875,413500,18.419319
2000-09-25,36.1875,37.25,36.125,37.125,295400,18.388362
2000-09-22,36.375,37.3125,36.0625,36.75,482000,18.202621
2000-09-21,36.125,36.9375,35.875,36.50,1860000,18.078794
2000-09-20,36.9375,36.9375,35.9375,36.6875,2118500,17.91658
2000-09-19,38.3125,38.375,36.25,36.6875,441400,17.91658
2000-09-18,38.5625,38.9375,38.1875,38.5625,375000,18.832249
2000-09-15,38.00,39.875,38.00,39.078121,888500,19.084056
2000-09-14,39.00,39.1875,37.9375,38.1875,526500,18.649115
2000-09-13,39.125,40.25,39.125,39.125,631500,19.106949
2000-09-12,38.25,39.125,37.375,39.125,856300,19.106949
2000-09-11,37.9375,39.0625,37.8125,38.4375,559800,18.771204
2000-09-08,36.75,38.1875,36.5625,38.15625,628100,18.633854
2000-09-07,36.1875,36.75,35.6875,36.6875,979600,17.91658
2000-09-06,35.4375,36.4375,35.4375,36.3125,311400,17.733447
2000-09-05,34.625,35.6875,34.5625,35.6875,559500,17.428224
2000-09-01,34.8125,35.00,34.4375,34.625,145400,16.909345
2000-08-31,34.50,35.00,34.50,34.75,258500,16.970389
2000-08-30,34.125,34.6875,34.00,34.50,240400,16.8483
2000-08-29,34.0625,34.375,33.8125,34.1875,245300,16.695689
2000-08-28,33.4375,34.4375,33.375,34.3125,428800,16.756733
2000-08-25,34.00,34.00,32.875,33.5625,351900,16.390466
2000-08-24,34.1875,34.25,33.625,33.75,345300,16.482033
2000-08-23,34.375,34.625,33.875,33.9375,897100,16.5736
2000-08-22,35.0625,35.1875,34.625,34.625,205100,16.909345
2000-08-21,35.4375,35.4375,34.8125,35.25,151100,17.214568
2000-08-18,35.50,35.875,35.1875,35.50,308200,17.336657
2000-08-17,35.625,35.6875,35.125,35.25,187900,17.214568
2000-08-16,35.4375,36.125,35.3125,35.375,556500,17.275612
2000-08-15,34.8125,35.50,34.625,35.0625,449000,17.123001
2000-08-14,34.6875,35.0625,33.9375,34.9375,426500,17.061956
2000-08-11,34.4375,35.00,34.3125,34.578121,299200,16.886451
2000-08-10,34.0625,34.375,33.875,34.328121,542400,16.764362
2000-08-09,33.6875,34.125,33.50,33.8125,573800,16.512555
2000-08-08,34.00,34.0625,33.625,33.9375,632300,16.5736
2000-08-07,32.8125,33.875,32.625,33.765621,871800,16.489662
2000-08-04,32.625,33.00,31.75,32.8125,390900,16.024199
2000-08-03,32.6875,33.25,32.625,32.703121,224400,15.970783
2000-08-02,32.1875,32.8125,32.125,32.5625,312400,15.90211
2000-08-01,31.375,32.6875,31.3125,32.4375,429700,15.841065
2000-07-31,31.75,32.125,31.125,31.50,363900,15.383231
2000-07-28,31.75,31.9375,31.375,31.625,441700,15.444275
2000-07-27,31.9375,32.625,31.3125,31.5625,494200,15.413753
2000-07-26,31.75,31.9375,31.3125,31.71875,374700,15.490059
2000-07-25,32.25,32.50,31.75,31.9375,266400,15.596887
2000-07-24,32.125,32.3125,31.75,32.0625,302300,15.657931
2000-07-21,32.50,32.6875,32.1875,32.25,280100,15.749498
2000-07-20,32.375,32.50,32.125,32.50,252200,15.871587
2000-07-19,32.0625,32.625,31.875,32.25,378800,15.749498
2000-07-18,31.9375,32.25,31.5625,31.875,331700,15.566364
2000-07-17,31.50,31.9375,31.50,31.6875,246200,15.474798
2000-07-14,31.9375,32.1875,31.5625,31.6875,394100,15.474798
2000-07-13,31.625,31.875,31.3125,31.8125,218100,15.535842
2000-07-12,31.50,31.75,31.375,31.50,170900,15.383231
2000-07-11,31.6875,31.8125,31.1875,31.75,188400,15.50532
2000-07-10,31.3125,31.9375,31.1875,31.625,286100,15.444275
2000-07-07,31.25,31.625,31.125,31.50,219600,15.383231
2000-07-06,31.00,31.4375,30.4375,31.25,404500,15.261142
2000-07-05,31.5625,32.00,30.75,30.875,319800,15.078008
2000-07-03,30.5625,31.3125,30.5625,31.3125,607700,15.291664
2000-06-30,31.4375,32.875,30.3125,30.5625,1005400,14.925396
2000-06-29,32.125,32.4375,31.625,31.6875,502800,15.474798
2000-06-28,31.9375,32.50,31.25,32.40625,403000,15.825804
2000-06-27,32.875,32.9375,31.8125,31.9375,416100,15.596887
2000-06-26,32.6875,32.875,32.3125,32.6875,237600,15.963154
2000-06-23,32.50,33.1875,32.25,32.50,479200,15.871587
2000-06-22,33.0625,33.125,32.4375,32.75,296500,15.993676
2000-06-21,33.375,33.6875,33.125,33.25,207600,16.237855
2000-06-20,33.50,33.625,32.875,33.3125,430600,16.268377
2000-06-19,34.0625,35.00,33.25,33.375,539400,16.298899
2000-06-16,34.1875,34.6875,34.00,34.25,1816600,16.726211
2000-06-15,34.3125,35.25,34.3125,35.00,1498700,16.840975
2000-06-14,35.5625,35.625,34.125,34.50,508700,16.60039
2000-06-13,35.4375,35.9375,35.3125,35.5625,224000,17.111634
2000-06-12,35.5625,35.9375,35.4375,35.5625,272800,17.111634
2000-06-09,34.5625,35.4375,34.5625,35.3125,225500,16.991341
2000-06-08,34.5625,34.6875,34.00,34.4375,281300,16.570316
2000-06-07,34.75,35.1875,34.50,34.75,364800,16.720682
2000-06-06,34.00,35.125,33.75,35.00,509500,16.840975
2000-06-05,35.375,35.375,34.00,34.00,496600,16.359804
2000-06-02,35.00,35.75,34.125,35.3125,646800,16.991341
2000-06-01,34.50,35.1875,34.50,35.0625,510000,16.871048
2000-05-31,34.25,34.875,34.125,34.5625,429100,16.630463
2000-05-30,34.375,35.125,33.9375,34.1875,779300,16.450024
2000-05-26,33.375,34.875,33.3125,34.5625,709900,16.630463
2000-05-25,32.75,33.875,32.00,33.875,569600,16.299658
2000-05-24,32.8125,33.8125,32.75,32.96875,799400,15.863597
2000-05-23,33.6875,33.6875,32.1875,32.8125,507800,15.788414
2000-05-22,33.6875,33.875,33.125,33.1875,432800,15.968853
2000-05-19,33.50,33.875,33.25,33.6875,309600,16.209438
2000-05-18,32.8125,33.8125,32.625,33.75,507300,16.239512
2000-05-17,33.0625,33.125,32.00,32.75,673100,15.758341
2000-05-16,33.25,33.375,32.5625,33.3125,1260900,16.028999
2000-05-15,32.375,33.375,32.375,33.375,1025000,16.059073
2000-05-12,32.3125,32.625,31.8125,32.078121,1046200,15.435052
2000-05-11,31.5625,32.25,31.5625,32.25,792500,15.517756
2000-05-10,32.25,32.25,31.5625,31.6875,771800,15.247097
2000-05-09,32.5625,32.8125,32.125,32.25,767700,15.517756
2000-05-08,31.3125,32.875,31.1875,32.5625,710000,15.668121
2000-05-05,31.375,31.875,31.1875,31.4375,900700,15.126804
2000-05-04,31.0625,33.3125,31.0625,31.25,917000,15.036585
2000-05-03,31.3125,31.3125,30.75,30.8125,363200,14.826073
2000-05-02,31.9375,32.3125,31.25,31.3125,313400,15.066658
2000-05-01,32.375,32.6875,32.00,32.0625,701800,15.427536
2000-04-28,32.625,32.75,32.1875,32.625,943100,15.698195
2000-04-27,33.9375,33.9375,32.75,32.875,666100,15.818487
2000-04-26,32.50,34.25,32.375,34.1875,701400,16.450024
2000-04-25,31.8125,33.00,31.8125,32.9375,599900,15.84856
2000-04-24,30.8125,32.25,30.6875,32.0625,546700,15.427536
2000-04-20,30.25,31.00,30.1875,30.8125,307600,14.826073
2000-04-19,30.125,30.3125,29.5625,30.125,590800,14.495268
2000-04-18,29.375,30.50,29.3125,30.3125,892200,14.585487
2000-04-17,28.9375,29.875,28.75,29.25,1130200,14.074243
2000-04-14,29.875,30.375,29.00,29.4375,618500,14.164463
2000-04-13,29.875,30.375,29.625,30.125,553800,14.495268
2000-04-12,29.6875,30.6875,29.6875,29.8125,805400,14.344902
2000-04-11,30.125,30.5625,29.8125,29.8125,376000,14.344902
2000-04-10,29.3125,30.1875,29.25,30.125,417500,14.495268
2000-04-07,29.3125,29.6875,29.0625,29.4375,348200,14.164463
2000-04-06,30.00,30.00,29.0625,29.625,535800,14.254682
2000-04-05,29.625,30.4375,29.4375,29.75,637500,14.314829
2000-04-04,29.25,29.9375,29.0625,29.625,805000,14.254682
2000-04-03,29.125,29.375,28.875,29.3125,564000,14.104317
2000-03-31,29.75,29.75,28.875,29.1875,1806800,14.04417
2000-03-30,29.9375,30.375,29.50,29.625,813400,14.254682
2000-03-29,29.8125,30.25,29.75,29.75,578300,14.314829
2000-03-28,29.75,30.25,29.625,30.00,636600,14.435121
2000-03-27,29.9375,30.4375,29.75,29.75,349600,14.314829
2000-03-24,29.8125,29.9375,29.3125,29.75,541900,14.314829
2000-03-23,29.4375,30.25,29.4375,29.875,689300,14.374975
2000-03-22,30.00,30.00,28.4375,29.25,737400,14.074243
2000-03-21,30.9375,30.9375,29.5625,30.0625,397800,14.465195
2000-03-20,30.625,30.9375,30.375,30.6875,454200,14.765926
2000-03-17,31.3125,31.625,30.1875,30.4375,580200,14.645634
2000-03-16,30.5625,32.3125,30.50,31.875,2414700,15.337317
2000-03-15,30.0625,31.9375,30.00,31.4375,1075200,14.879001
2000-03-14,30.5625,30.9375,29.75,30.00,1096300,14.198649
2000-03-13,30.00,31.0625,29.9375,30.5625,896700,14.464874
2000-03-10,30.50,31.1875,30.375,30.75,843600,14.553615
2000-03-09,29.75,30.25,29.6875,30.25,878900,14.316971
2000-03-08,29.3125,30.00,29.125,29.75,572100,14.080327
2000-03-07,29.8125,30.4375,29.375,29.375,833100,13.902844
2000-03-06,31.00,31.00,29.625,29.8125,1142100,14.109907
2000-03-03,29.25,29.625,29.125,29.50,496600,13.962005
2000-03-02,29.75,29.75,29.1875,29.375,608500,13.902844
2000-03-01,30.00,30.375,29.1875,29.375,361500,13.902844
2000-02-29,29.75,30.3125,29.50,30.1875,437900,14.28739
2000-02-28,29.375,30.1875,29.125,29.75,750600,14.080327
2000-02-25,30.0625,30.1875,29.125,29.4375,451100,13.932424
2000-02-24,31.0625,31.1875,29.8125,30.0625,620100,14.228229
2000-02-23,31.5625,31.625,30.75,30.875,302100,14.612776
2000-02-22,32.375,32.50,31.6875,31.8125,324800,15.056484
2000-02-18,32.50,32.5625,32.00,32.125,328000,15.204387
2000-02-17,33.00,33.1875,32.375,32.50,475400,15.38187
2000-02-16,33.0625,33.25,32.50,32.5625,377800,15.41145
2000-02-15,32.8125,33.25,32.625,33.00,517600,15.618514
2000-02-14,32.75,33.375,32.4375,32.6875,509800,15.470611
2000-02-11,32.1875,32.6875,32.1875,32.50,327200,15.38187
2000-02-10,32.625,32.6875,31.875,32.1875,662500,15.233967
2000-02-09,33.00,33.375,32.375,32.375,521800,15.322709
2000-02-08,33.1875,33.25,32.9375,33.00,580600,15.618514
2000-02-07,33.25,33.25,32.625,33.00,372800,15.618514
2000-02-04,34.3125,34.375,33.125,33.25,546600,15.736836
2000-02-03,33.6875,34.5625,33.6875,34.25,623600,16.210124
2000-02-02,34.4375,34.5625,33.625,33.6875,386000,15.9439
2000-02-01,34.875,35.3125,34.6875,34.75,637000,16.446768
2000-01-31,33.625,35.00,33.375,34.75,906000,16.446768
2000-01-28,34.50,34.6875,33.25,33.25,394300,15.736836
2000-01-27,35.75,35.75,34.50,35.00,963600,16.56509
2000-01-26,35.8125,35.875,35.375,35.875,443300,16.979218
2000-01-25,37.625,38.00,35.25,35.75,773400,16.920057
2000-01-24,39.00,41.3125,37.375,37.5625,1822600,17.777892
2000-01-21,34.75,37.50,33.875,37.1875,1231300,17.600409
2000-01-20,32.00,34.0625,31.875,33.875,985800,16.032641
2000-01-19,31.00,32.125,30.875,31.875,581500,15.086064
2000-01-18,31.1875,31.3125,30.50,30.8125,251200,14.583196
2000-01-14,31.5625,31.75,31.00,31.1875,409900,14.760679
2000-01-13,31.6875,31.75,31.1875,31.50,321400,14.908581
2000-01-12,31.3125,31.9375,31.25,31.5625,1021700,14.938162
2000-01-11,31.3125,31.4375,31.00,31.4375,359700,14.879001
2000-01-10,31.9375,32.125,31.3125,31.4375,632800,14.879001
2000-01-07,31.00,31.25,30.875,31.25,567300,14.790259
2000-01-06,31.00,31.375,30.6875,30.9375,288500,14.642357
2000-01-05,30.3125,31.4375,30.3125,31.0625,378200,14.701518
2000-01-04,29.5625,30.125,29.5625,30.125,561200,14.25781
2000-01-03,31.375,31.375,29.875,30.0625,572300,14.228229
1999-12-31,31.75,31.75,31.0625,31.625,183900,14.967742
1999-12-30,31.4375,31.5625,31.25,31.375,236300,14.84942
1999-12-29,31.625,31.75,31.1875,31.1875,120200,14.760679
1999-12-28,31.5625,32.0625,31.5625,31.75,95700,15.026903
1999-12-27,32.00,32.3125,31.625,31.625,330800,14.967742
1999-12-23,31.6875,32.1875,31.5625,32.0625,169900,15.174806
1999-12-22,32.0625,32.1875,31.3125,31.5625,379500,14.938162
1999-12-21,31.875,32.4375,31.50,32.1875,904900,15.233967
1999-12-20,31.50,32.00,31.3125,31.5625,327800,14.938162
1999-12-17,31.50,31.875,31.375,31.5625,450400,14.938162
1999-12-16,32.00,32.50,31.50,31.6875,1359000,14.997323
1999-12-15,32.375,32.6875,32.125,32.3125,6488600,15.049385
1999-12-14,32.375,32.4375,32.00,32.375,385300,15.078494
1999-12-13,32.875,32.875,32.25,32.3125,490800,15.049385
1999-12-10,33.4375,33.4375,32.625,32.625,450500,15.194931
1999-12-09,33.4375,33.625,33.375,33.4375,616700,15.573349
1999-12-08,33.4375,33.5625,33.375,33.46875,419600,15.587903
1999-12-07,33.375,33.75,33.375,33.50,741400,15.602458
1999-12-06,33.25,33.50,33.0625,33.375,473500,15.544239
1999-12-03,33.1875,33.75,33.1875,33.4375,212600,15.573349
1999-12-02,32.6875,33.0625,32.6875,32.9375,108500,15.340476
1999-12-01,33.00,33.0625,32.50,32.625,618800,15.194931
1999-11-30,32.0625,33.0625,32.00,33.0625,1157600,15.398694
1999-11-29,32.5625,32.5625,31.50,32.0625,397800,14.932949
1999-11-26,33.3125,33.3125,32.8125,32.8125,161400,15.282258
1999-11-24,32.25,32.9375,32.00,32.6875,772900,15.22404
1999-11-23,32.4375,32.50,32.00,32.00,291200,14.90384
1999-11-22,33.00,33.125,32.5625,32.84375,354600,15.296812
1999-11-19,33.3125,33.50,33.0625,33.25,413600,15.486021
1999-11-18,33.625,33.75,33.375,33.50,263500,15.602458
1999-11-17,33.5625,33.625,33.375,33.50,318300,15.602458
1999-11-16,33.625,33.6875,33.375,33.50,259600,15.602458
1999-11-15,33.5625,33.75,33.1875,33.375,206500,15.544239
1999-11-12,33.625,34.125,33.375,33.5625,458000,15.631567
1999-11-11,33.0625,33.8125,33.0625,33.6875,476300,15.689785
1999-11-10,33.75,34.125,33.5625,33.5625,454400,15.631567
1999-11-09,34.625,34.75,34.00,34.00,1536900,15.83533
1999-11-08,34.625,34.875,34.4375,34.8125,247600,16.213748
1999-11-05,34.5625,34.875,34.3125,34.8125,465700,16.213748
1999-11-04,35.00,35.00,33.875,34.125,427200,15.893548
1999-11-03,34.9375,34.9375,34.4375,34.8125,526300,16.213748
1999-11-02,34.00,35.25,33.9375,34.8125,1033700,16.213748
1999-11-01,33.1875,34.25,33.0625,33.8125,473100,15.748003
1999-10-29,33.50,33.50,33.0625,33.203121,323400,15.464188
1999-10-28,33.1875,33.875,33.125,33.50,675700,15.602458
1999-10-27,32.50,33.00,32.375,32.9375,689000,15.340476
1999-10-26,32.3125,32.875,32.25,32.375,583800,15.078494
1999-10-25,32.125,32.50,31.75,32.375,546300,15.078494
1999-10-22,32.125,32.25,31.875,32.0625,801800,14.932949
1999-10-21,31.6875,32.1875,31.50,32.00,656200,14.90384
1999-10-20,31.9375,31.9375,31.4375,31.6875,584900,14.758295
1999-10-19,32.50,32.5625,31.50,31.875,490600,14.845622
1999-10-18,32.5625,32.75,32.0625,32.50,443300,15.136713
1999-10-15,32.625,32.625,32.00,32.125,315100,14.962058
1999-10-14,32.6875,33.125,32.3125,32.625,786100,15.194931
1999-10-13,33.25,33.25,32.5625,32.625,349100,15.194931
1999-10-12,33.0625,33.25,33.00,33.1875,392000,15.456912
1999-10-11,33.75,33.75,33.1875,33.1875,354500,15.456912
1999-10-08,33.4375,33.875,33.4375,33.75,511500,15.718894
1999-10-07,33.75,33.875,33.25,33.5625,570000,15.631567
1999-10-06,33.75,33.75,32.50,33.50,1349700,15.602458
1999-10-05,36.00,36.125,32.875,33.125,1919200,15.427803
1999-10-04,36.75,37.3125,36.6875,37.00,658100,17.232565
1999-10-01,36.125,36.8125,35.75,36.625,182900,17.057911
1999-09-30,35.8125,36.375,35.50,36.375,937400,16.941474
1999-09-29,35.875,36.1875,35.6875,35.6875,171600,16.621275
1999-09-28,36.1875,36.50,35.1875,35.75,250600,16.650384
1999-09-27,36.25,36.625,36.0625,36.3125,165000,16.912365
1999-09-24,36.50,36.8125,36.125,36.25,225400,16.883256
1999-09-23,37.00,37.25,36.1875,36.375,779400,16.941474
1999-09-22,37.0625,37.25,36.8125,37.00,156700,17.232565
1999-09-21,37.50,37.50,36.8125,36.9375,131200,17.203456
1999-09-20,37.125,37.75,36.8125,37.75,270100,17.581874
1999-09-17,37.75,38.125,37.6875,38.125,159900,17.756528
1999-09-16,38.00,38.375,37.6875,37.875,571400,17.640092
1999-09-15,38.5625,39.1875,38.5625,38.625,195100,17.749542
1999-09-14,38.5625,38.8125,38.50,38.75,134500,17.806984
1999-09-13,39.0625,39.125,38.75,38.8125,185600,17.835705
1999-09-10,39.3125,39.3125,38.9375,39.0625,374300,17.950588
1999-09-09,39.25,39.25,38.625,39.125,234700,17.979309
1999-09-08,39.25,39.375,38.875,39.3125,322900,18.065472
1999-09-07,39.6875,39.875,39.125,39.375,350500,18.094193
1999-09-03,39.00,39.8125,38.875,39.625,279500,18.209077
1999-09-02,38.625,39.0625,38.3125,38.75,431100,17.806984
1999-09-01,39.4375,39.8125,39.1875,39.3125,299700,18.065472
1999-08-31,39.6875,39.9375,39.1875,39.875,225700,18.323961
1999-08-30,40.0625,40.0625,39.4375,39.5625,192000,18.180356
1999-08-27,39.9375,40.125,39.75,39.8125,137700,18.29524
1999-08-26,40.25,40.3125,39.6875,39.6875,181100,18.237798
1999-08-25,40.00,40.375,40.00,40.25,210400,18.496286
1999-08-24,40.00,40.00,39.375,39.8125,173100,18.29524
1999-08-23,39.4375,39.75,39.4375,39.625,198800,18.209077
1999-08-20,38.9375,39.8125,38.8125,39.625,582200,18.209077
1999-08-19,38.8125,39.00,38.5625,38.9375,217700,17.893146
1999-08-18,38.9375,39.00,38.625,38.75,284500,17.806984
1999-08-17,38.875,38.9375,38.4375,38.75,430200,17.806984
1999-08-16,38.6875,38.6875,38.00,38.625,362700,17.749542
1999-08-13,38.9375,39.00,38.50,38.625,132300,17.749542
1999-08-12,39.125,39.1875,38.6875,39.00,279300,17.921867
1999-08-11,38.75,39.1875,38.6875,39.1875,240900,18.00803
1999-08-10,38.50,39.3125,38.50,38.6875,498800,17.778263
1999-08-09,39.00,39.4375,38.8125,39.00,537100,17.921867
1999-08-06,39.5625,39.5625,39.125,39.25,426500,18.036751
1999-08-05,39.50,39.75,39.375,39.50,204800,18.151635
1999-08-04,39.875,39.875,39.375,39.625,296100,18.209077
1999-08-03,39.6875,40.125,39.6875,39.75,307700,18.266519
1999-08-02,39.625,39.9375,39.375,39.6875,367900,18.237798
1999-07-30,39.375,39.625,39.0625,39.50,680800,18.151635
1999-07-29,40.00,40.00,39.0625,39.1875,205000,18.00803
1999-07-28,40.25,40.3125,40.0625,40.0625,123400,18.410123
1999-07-27,40.3125,40.4375,40.125,40.3125,247600,18.525007
1999-07-26,40.625,40.875,40.3125,40.375,502200,18.553728
1999-07-23,40.875,40.875,40.4375,40.75,209900,18.726054
1999-07-22,41.00,41.1875,40.6875,40.9375,241300,18.812217
1999-07-21,40.9375,41.125,40.6875,40.875,468100,18.783496
1999-07-20,40.3125,41.125,40.3125,40.8125,213500,18.754775
1999-07-19,41.00,41.375,40.8125,41.0625,137000,18.869658
1999-07-16,41.375,41.625,40.9375,41.125,403300,18.898379
1999-07-15,41.1875,41.8125,41.0625,41.125,163600,18.898379
1999-07-14,41.125,41.3125,40.3125,40.9375,229000,18.812217
1999-07-13,40.75,41.28125,40.6875,40.875,128400,18.783496
1999-07-12,41.3125,41.3125,40.5625,40.9375,178700,18.812217
1999-07-09,40.625,41.1875,40.5625,41.0625,138900,18.869658
1999-07-08,40.75,41.25,40.625,40.6875,99000,18.697333
1999-07-07,41.1875,41.50,41.0625,41.1875,129600,18.9271
1999-07-06,41.3125,41.3125,40.625,41.00,138400,18.840938
1999-07-02,41.5625,41.875,41.25,41.5625,284400,19.099426
1999-07-01,40.875,41.3125,40.50,40.9375,191800,18.812217
1999-06-30,41.6875,41.75,40.00,40.75,467800,18.726054
1999-06-29,42.0625,42.0625,41.25,41.6875,164000,19.156868
1999-06-28,41.50,42.125,41.50,41.8125,185200,19.21431
1999-06-25,42.125,42.1875,41.5625,41.75,125500,19.185589
1999-06-24,42.3125,42.4375,41.9375,41.9375,148200,19.271752
1999-06-23,42.50,42.875,42.50,42.50,120800,19.53024
1999-06-22,42.5625,43.00,42.5625,42.625,201800,19.587682
1999-06-21,43.3125,43.50,42.5625,42.6875,164300,19.616403
1999-06-18,43.50,43.625,43.00,43.50,246100,19.989775
1999-06-17,43.4375,43.75,43.25,43.50,1405200,19.989775
1999-06-16,44.00,44.6875,43.9375,44.3125,325800,20.126027
1999-06-15,43.25,43.75,43.1875,43.625,504300,19.813776
1999-06-14,43.00,43.625,42.9375,43.125,315700,19.586684
1999-06-11,42.3125,43.00,42.25,43.00,376900,19.529911
1999-06-10,43.00,43.1875,42.25,42.50,169500,19.302819
1999-06-09,43.00,43.3125,42.9375,43.25,325400,19.643457
1999-06-08,42.9375,43.125,42.875,43.125,177000,19.586684
1999-06-07,43.00,43.4375,43.00,43.1875,149900,19.61507
1999-06-04,42.8125,43.1875,42.8125,43.125,117900,19.586684
1999-06-03,42.50,43.00,42.50,42.8125,137900,19.444751
1999-06-02,42.5625,42.875,42.5625,42.625,217800,19.359592
1999-06-01,43.50,43.50,42.625,42.8125,438100,19.444751
1999-05-28,43.00,43.9375,43.00,43.75,133800,19.870549
1999-05-27,43.8125,43.8125,42.8125,43.0625,272000,19.558297
1999-05-26,43.6875,43.9375,43.4375,43.9375,228100,19.955708
1999-05-25,43.375,44.00,43.375,43.75,224100,19.870549
1999-05-24,42.875,43.75,42.75,43.375,128700,19.70023
1999-05-21,42.5625,43.50,42.5625,43.125,120600,19.586684
1999-05-20,42.6875,43.0625,42.4375,42.8125,249300,19.444751
1999-05-19,42.625,43.00,42.3125,42.9375,181300,19.501524
1999-05-18,42.50,42.625,42.1875,42.375,162100,19.246046
1999-05-17,41.875,42.6875,41.75,42.625,125600,19.359592
1999-05-14,42.625,42.625,41.875,42.0625,183500,19.104113
1999-05-13,42.125,42.9375,42.00,42.875,212300,19.473138
1999-05-12,41.3125,42.3125,41.1875,42.0625,1720300,19.104113
1999-05-11,41.4375,41.5625,41.0625,41.3125,173500,18.763475
1999-05-10,41.50,41.6875,41.3125,41.5625,144800,18.877021
1999-05-07,41.3125,41.6875,41.3125,41.6875,268100,18.933794
1999-05-06,41.125,41.6875,40.875,41.375,639900,18.791862
1999-05-05,41.5625,41.625,40.9375,41.375,312400,18.791862
1999-05-04,41.375,41.6875,41.1875,41.3125,243000,18.763475
1999-05-03,40.6875,41.6875,40.6875,41.625,208500,18.905408
1999-04-30,41.00,41.50,40.50,40.9375,670400,18.593156
1999-04-29,40.625,41.4375,40.625,41.1875,280200,18.706702
1999-04-28,40.75,41.125,40.50,40.6875,278300,18.47961
1999-04-27,41.00,41.3125,40.5625,40.6875,194900,18.47961
1999-04-26,40.9375,41.125,40.6875,40.9375,210900,18.593156
1999-04-23,41.125,41.625,40.8125,41.0625,163700,18.649929
1999-04-22,41.3125,41.5625,40.875,41.25,949700,18.735089
1999-04-21,41.625,41.625,40.5625,41.50,581200,18.848635
1999-04-20,40.375,41.75,40.25,41.625,757600,18.905408
1999-04-19,39.75,40.75,39.75,40.25,375600,18.280905
1999-04-16,39.25,39.9375,39.125,39.8125,299000,18.082199
1999-04-15,39.1875,39.50,38.9375,39.00,435700,17.713175
1999-04-14,39.25,39.4375,39.00,39.0625,201800,17.741561
1999-04-13,40.00,40.0625,39.0625,39.3125,236600,17.855107
1999-04-12,39.5625,40.0625,39.5625,40.00,135300,18.167359
1999-04-09,39.5625,39.8125,39.375,39.8125,189700,18.082199
1999-04-08,39.0625,39.9375,39.0625,39.625,197800,17.99704
1999-04-07,39.00,39.5625,38.875,38.9375,902400,17.684788
1999-04-06,39.50,39.6875,39.00,39.0625,471500,17.741561
1999-04-05,39.4375,39.875,39.3125,39.6875,252400,18.025426
1999-04-01,38.375,39.625,38.25,39.1875,352200,17.798334
1999-03-31,38.9375,39.125,38.00,38.4375,819200,17.457696
1999-03-30,40.00,40.00,38.625,38.9375,297400,17.684788
1999-03-29,40.75,40.875,40.0625,40.25,212000,18.280905
1999-03-26,41.25,41.25,40.25,40.6875,214900,18.47961
1999-03-25,41.5625,41.6875,41.125,41.625,1753800,18.905408
1999-03-24,41.00,42.00,40.9375,41.875,2073400,18.785049
1999-03-23,41.3125,41.3125,40.8125,40.9375,231400,18.364488
1999-03-22,41.00,41.375,41.00,41.3125,307600,18.532712
1999-03-19,42.3125,42.3125,41.50,41.625,377100,18.672899
1999-03-18,41.5625,42.375,41.5625,42.0625,458600,18.869161
1999-03-17,41.6875,41.8125,41.5625,41.6875,170600,18.700936
1999-03-16,41.875,42.0625,41.75,41.9375,114300,18.813086
1999-03-15,41.75,42.125,41.5625,41.8125,271300,18.757011
1999-03-12,41.4375,42.5625,41.3125,42.3125,528500,18.98131
1999-03-11,41.375,42.0625,41.0625,41.6875,399200,18.700936
1999-03-10,41.50,41.8125,41.25,41.375,140500,18.56075
1999-03-09,42.125,42.125,41.25,41.6875,396100,18.700936
1999-03-08,42.375,42.50,42.00,42.1875,320200,18.925236
1999-03-05,41.75,42.6875,41.6875,42.5625,815800,19.09346
1999-03-04,40.625,41.4375,40.4375,41.25,308200,18.504675
1999-03-03,40.25,40.875,40.25,40.375,261600,18.112151
1999-03-02,39.6875,40.50,39.5625,40.3125,348100,18.084114
1999-03-01,39.50,39.625,38.8125,39.5625,214700,17.747665
1999-02-26,39.4375,39.625,39.00,39.625,240500,17.775703
1999-02-25,39.75,39.75,39.25,39.375,359000,17.663553
1999-02-24,40.00,40.375,39.75,39.8125,854900,17.859815
1999-02-23,40.25,40.25,39.625,40.00,610900,17.943927
1999-02-22,40.125,40.25,39.875,40.25,207400,18.056077
1999-02-19,40.375,40.4375,40.00,40.125,573600,18.000002
1999-02-18,39.4375,40.5625,39.375,40.4375,520400,18.140189
1999-02-17,38.5625,39.9375,38.5625,39.625,271300,17.775703
1999-02-16,38.00,38.9375,38.00,38.8125,247700,17.411217
1999-02-12,39.1875,39.25,37.9375,38.25,203300,17.15888
1999-02-11,38.875,39.3125,38.6875,39.0625,220100,17.523366
1999-02-10,39.1875,39.6875,39.0625,39.25,315800,17.607478
1999-02-09,39.6875,39.6875,39.0625,39.1875,608600,17.579441
1999-02-08,39.50,40.25,39.00,39.875,310300,17.887852
1999-02-05,39.6875,40.125,39.625,39.6875,265400,17.80374
1999-02-04,40.1875,40.3125,39.75,39.8125,236100,17.859815
1999-02-03,40.1875,40.5625,39.8125,40.0625,408200,17.971964
1999-02-02,40.00,40.1875,39.625,40.00,433300,17.943927
1999-02-01,40.50,40.625,40.125,40.25,321800,18.056077
1999-01-29,40.625,40.75,39.875,40.5625,385900,18.196264
1999-01-28,40.125,41.1875,40.125,40.75,458500,18.280376
1999-01-27,41.3125,41.3125,40.6875,40.8125,378800,18.308413
1999-01-26,41.5625,41.625,41.1875,41.4375,264900,18.588787
1999-01-25,41.75,42.00,41.5625,41.8125,352000,18.757011
1999-01-22,41.75,42.25,41.75,42.00,341900,18.841123
1999-01-21,41.50,41.9375,41.4375,41.875,340400,18.785049
1999-01-20,41.625,42.00,41.50,41.625,321800,18.672899
1999-01-19,41.9375,41.9375,41.5625,41.75,426000,18.728974
1999-01-15,41.9375,41.9375,41.50,41.8125,354200,18.757011
1999-01-14,41.8125,42.00,41.3125,41.9375,802900,18.813086
1999-01-13,41.75,42.375,41.0625,42.0625,862100,18.869161
1999-01-12,42.125,42.75,41.625,42.50,609900,19.065422
1999-01-11,43.375,43.50,42.3125,42.375,354000,19.009348
1999-01-08,43.375,43.75,43.0625,43.6875,246000,19.598133
1999-01-07,43.4375,43.625,43.25,43.4375,226600,19.485983
1999-01-06,43.375,43.6875,43.3125,43.5625,343600,19.542058
1999-01-05,43.125,43.625,43.00,43.375,722700,19.457946
1999-01-04,42.8125,43.5625,42.75,42.875,807100,19.233647
1998-12-31,42.75,43.125,42.75,43.0625,210000,19.317759
1998-12-30,42.75,43.00,42.5625,42.75,607000,19.177572
1998-12-29,42.1875,43.00,42.1875,42.75,564100,19.177572
1998-12-28,42.3125,42.375,41.8125,42.00,185100,18.841123
1998-12-24,42.4375,42.50,42.25,42.375,183800,19.009348
1998-12-23,42.25,42.625,42.125,42.5625,225300,19.09346
1998-12-22,42.1875,42.1875,41.625,42.125,730400,18.897198
1998-12-21,42.25,42.75,42.1875,42.1875,174800,18.925236
1998-12-18,42.00,42.50,42.00,42.125,433800,18.897198
1998-12-17,42.00,42.625,41.875,42.375,2305600,19.009348
1998-12-16,42.0625,42.3125,41.875,42.1875,495100,18.694208
1998-12-15,41.5625,42.25,41.5625,42.125,198100,18.666513
1998-12-14,42.50,42.50,41.4375,41.50,444500,18.389562
1998-12-11,42.375,42.75,42.125,42.5625,351100,18.860379
1998-12-10,42.75,42.875,42.1875,42.25,236500,18.721903
1998-12-09,42.9375,43.125,42.6875,42.75,295200,18.943464
1998-12-08,42.625,43.125,42.50,43.0625,1069700,19.08194
1998-12-07,43.6875,43.6875,42.375,42.625,515900,18.888074
1998-12-04,43.50,43.75,42.9375,43.5625,1002100,19.303501
1998-12-03,43.6875,43.6875,43.25,43.4375,675800,19.248111
1998-12-02,43.75,44.00,43.6875,43.9375,283600,19.469672
1998-12-01,43.375,44.0625,43.25,44.00,386700,19.497367
1998-11-30,44.8125,44.8125,43.625,43.625,588600,19.331196
1998-11-27,45.00,45.1875,44.875,45.00,200200,19.940489
1998-11-25,44.625,45.50,44.625,45.1875,140800,20.023574
1998-11-24,44.9375,45.25,44.875,44.875,369300,19.885098
1998-11-23,44.75,45.125,44.50,44.9375,220700,19.912794
1998-11-20,44.625,45.00,44.5625,44.875,320700,19.885098
1998-11-19,44.5625,44.5625,44.0625,44.375,166400,19.663537
1998-11-18,44.1875,44.9375,44.1875,44.5625,333100,19.746623
1998-11-17,44.3125,44.8125,44.125,44.125,249100,19.552757
1998-11-16,43.8125,44.25,43.8125,44.125,504400,19.552757
1998-11-13,43.25,43.9375,43.1875,43.75,149400,19.386586
1998-11-12,42.75,43.5625,42.625,43.4375,320900,19.248111
1998-11-11,43.5625,43.625,42.8125,42.875,169900,18.998854
1998-11-10,43.1875,44.125,43.1875,43.625,544800,19.331196
1998-11-09,43.625,43.625,43.00,43.1875,398600,19.13733
1998-11-06,43.625,43.9375,43.5625,43.6875,107000,19.358891
1998-11-05,43.8125,44.125,43.5625,43.8125,163700,19.414281
1998-11-04,43.375,44.0625,43.3125,43.8125,441900,19.414281
1998-11-03,43.00,43.8125,42.9375,43.25,505300,19.165025
1998-11-02,42.875,43.1875,42.50,42.8125,591400,18.971159
1998-10-30,42.5625,42.75,42.25,42.75,278400,18.943464
1998-10-29,42.4375,42.75,41.625,42.4375,337900,18.804989
1998-10-28,42.125,43.25,42.125,42.375,524400,18.777293
1998-10-27,42.50,42.8125,41.875,42.1875,648800,18.694208
1998-10-26,42.625,43.0625,42.375,42.50,263400,18.832684
1998-10-23,43.625,43.6875,42.50,42.8125,262600,18.971159
1998-10-22,43.75,44.375,43.125,43.8125,364100,19.414281
1998-10-21,44.00,44.125,43.4375,43.875,378200,19.441976
1998-10-20,44.6875,44.875,43.75,44.00,533400,19.497367
1998-10-19,45.1875,45.75,44.625,44.875,330700,19.885098
1998-10-16,47.8125,47.8125,45.1875,45.1875,414600,20.023574
1998-10-15,45.5625,46.875,44.9375,46.8125,433800,20.743647
1998-10-14,46.50,46.9375,45.6875,45.6875,609100,20.245135
1998-10-13,44.9375,45.8125,44.75,45.8125,1281100,20.300525
1998-10-12,47.3125,47.375,44.5625,44.9375,358400,19.912794
1998-10-09,48.4375,48.4375,46.6875,47.00,739200,20.826733
1998-10-08,48.125,49.25,48.0625,49.0625,858400,21.740672
1998-10-07,47.125,48.00,46.3125,47.875,599500,21.214464
1998-10-06,47.1875,47.25,46.375,47.1875,492200,20.909818
1998-10-05,46.25,47.25,46.00,47.1875,246200,20.909818
1998-10-02,45.4375,46.375,45.3125,46.3125,275100,20.522086
1998-10-01,44.9375,45.875,44.75,45.4375,306900,20.134354
1998-09-30,44.6875,45.3125,44.625,45.1875,436100,20.023574
1998-09-29,43.8125,44.875,43.8125,44.8125,226600,19.857403
1998-09-28,44.00,44.00,43.625,43.875,194300,19.441976
1998-09-25,43.1875,44.25,43.125,43.75,413600,19.386586
1998-09-24,43.8125,43.9375,43.00,43.4375,198300,19.248111
1998-09-23,43.4375,43.9375,43.25,43.875,974300,19.441976
1998-09-22,42.875,43.25,42.875,43.25,227300,19.165025
1998-09-21,42.6875,43.0625,42.1875,42.8125,355400,18.971159
1998-09-18,42.50,42.8125,42.25,42.5625,735300,18.860379
1998-09-17,41.875,42.4375,41.875,42.375,604000,18.777293
1998-09-16,42.75,42.875,42.25,42.8125,346900,18.742951
1998-09-15,42.875,42.9375,42.50,42.875,398900,18.770313
1998-09-14,42.6875,42.875,42.375,42.8125,374500,18.742951
1998-09-11,42.3125,42.8125,42.125,42.4375,295100,18.578779
1998-09-10,41.875,42.25,41.625,42.25,327300,18.496693
1998-09-09,42.125,42.25,41.25,42.125,321200,18.441969
1998-09-08,41.5625,42.375,41.00,42.375,697700,18.551417
1998-09-04,41.8125,42.0625,41.0625,41.8125,407600,18.305159
1998-09-03,41.375,42.00,41.00,41.5625,291500,18.195712
1998-09-02,42.5625,42.5625,41.25,41.4375,516100,18.140988
1998-09-01,42.1875,42.8125,41.00,42.375,462100,18.551417
1998-08-31,42.6875,43.625,42.125,42.125,519000,18.441969
1998-08-28,42.125,42.75,41.9375,42.6875,353700,18.688227
1998-08-27,42.375,42.875,42.0625,42.375,531300,18.551417
1998-08-26,41.5625,42.375,41.4375,42.125,446400,18.441969
1998-08-25,42.00,42.3125,41.375,41.5625,245400,18.195712
1998-08-24,41.875,42.125,41.5625,41.9375,165600,18.359883
1998-08-21,40.5625,41.75,40.4375,41.625,298000,18.223074
1998-08-20,40.8125,40.9375,40.625,40.8125,172400,17.867368
1998-08-19,41.00,41.1875,40.8125,40.8125,289800,17.867368
1998-08-18,40.9375,41.25,40.9375,41.125,277200,18.004178
1998-08-17,40.5625,41.4375,40.125,41.0625,314100,17.976816
1998-08-14,40.9375,41.25,40.50,40.6875,270300,17.812644
1998-08-13,41.25,41.3125,40.625,41.00,389100,17.949454
1998-08-12,40.0625,41.375,39.8125,41.25,417200,18.058902
1998-08-11,39.875,40.125,39.625,40.0625,244900,17.539024
1998-08-10,39.9375,40.125,39.6875,40.0625,111700,17.539024
1998-08-07,39.375,40.3125,39.1875,40.0625,385900,17.539024
1998-08-06,39.75,39.75,39.3125,39.625,163800,17.34749
1998-08-05,39.625,40.25,39.25,39.75,338800,17.402214
1998-08-04,40.50,40.50,39.3125,39.375,367600,17.238043
1998-08-03,40.375,40.75,39.875,40.5625,875300,17.75792
1998-07-31,40.9375,41.00,39.875,40.125,177800,17.566386
1998-07-30,40.8125,41.25,40.75,41.125,364000,18.004178
1998-07-29,40.875,41.0625,40.625,40.75,148600,17.840006
1998-07-28,40.875,41.50,40.875,40.9375,604100,17.922092
1998-07-27,40.3125,40.9375,40.1875,40.9375,331900,17.922092
1998-07-24,40.375,40.5625,39.8125,40.4375,443800,17.703196
1998-07-23,40.5625,40.875,40.4375,40.4375,256400,17.703196
1998-07-22,40.6875,41.25,40.5625,40.8125,261400,17.867368
1998-07-21,40.75,40.9375,40.50,40.6875,176500,17.812644
1998-07-20,40.8125,41.25,40.8125,41.00,626300,17.949454
1998-07-17,41.0625,41.0625,40.625,40.8125,255700,17.867368
1998-07-16,40.9375,41.00,40.75,41.00,226000,17.949454
1998-07-15,40.6875,41.00,40.50,40.75,224800,17.840006
1998-07-14,40.50,41.125,40.50,40.6875,369800,17.812644
1998-07-13,41.00,41.00,40.75,40.75,212900,17.840006
1998-07-10,40.75,41.1875,40.75,41.1875,360600,18.03154
1998-07-09,40.6875,41.00,40.6875,40.8125,179000,17.867368
1998-07-08,40.6875,40.9375,40.5625,40.8125,958000,17.867368
1998-07-07,40.8125,40.8125,40.5625,40.5625,702700,17.75792
1998-07-06,40.75,40.875,40.625,40.8125,138500,17.867368
1998-07-02,41.0625,41.125,40.625,40.875,380600,17.89473
1998-07-01,40.375,41.125,40.375,41.125,454200,18.004178
1998-06-30,40.375,40.5625,40.25,40.375,312400,17.675834
1998-06-29,40.3125,40.6875,40.25,40.50,532500,17.730558
1998-06-26,40.25,40.625,40.0625,40.3125,423000,17.648472
1998-06-25,40.75,40.75,40.00,40.00,350900,17.511662
1998-06-24,40.9375,40.9375,40.3125,40.50,184300,17.730558
1998-06-23,40.875,41.0625,40.625,40.75,260600,17.840006
1998-06-22,40.5625,41.3125,40.5625,40.875,356600,17.89473
1998-06-19,41.0625,41.0625,40.4375,40.6875,539200,17.812644
1998-06-18,40.8125,41.0625,40.625,41.0625,353200,17.976816
1998-06-17,41.00,41.00,40.50,41.00,1902000,17.723992
1998-06-16,41.6875,41.6875,41.0625,41.1875,231000,17.805047
1998-06-15,41.375,41.8125,41.375,41.4375,165500,17.91312
1998-06-12,41.875,42.00,41.25,41.625,182400,17.994175
1998-06-11,41.4375,41.875,41.125,41.875,281300,18.102248
1998-06-10,40.75,41.9375,40.6875,41.625,601100,17.994175
1998-06-09,40.875,40.875,40.6875,40.6875,139300,17.588901
1998-06-08,40.6875,40.9375,40.5625,40.8125,296600,17.642937
1998-06-05,40.625,40.6875,40.3125,40.6875,181400,17.588901
1998-06-04,40.75,40.875,40.50,40.5625,275500,17.534864
1998-06-03,40.375,40.875,40.25,40.75,327700,17.615919
1998-06-02,40.375,40.5625,40.25,40.375,484800,17.453809
1998-06-01,39.3125,41.25,39.3125,40.625,451500,17.561882
1998-05-29,38.3125,39.75,38.0625,39.5625,453600,17.102572
1998-05-28,37.9375,38.625,37.875,38.5625,137500,16.670279
1998-05-27,38.25,38.4375,37.875,38.0625,347900,16.454133
1998-05-26,38.9375,39.00,38.1875,38.1875,184400,16.50817
1998-05-22,38.5625,38.6875,38.50,38.6875,106700,16.724316
1998-05-21,39.0625,39.0625,38.50,38.5625,337500,16.670279
1998-05-20,39.00,39.00,38.50,38.875,159400,16.805371
1998-05-19,39.375,39.375,38.875,39.00,145100,16.859407
1998-05-18,39.125,39.50,39.125,39.50,125000,17.075553
1998-05-15,39.5625,40.00,39.0625,39.125,287000,16.913444
1998-05-14,39.75,40.00,39.3125,39.50,222900,17.075553
1998-05-13,39.5625,39.8125,39.125,39.8125,184600,17.210645
1998-05-12,39.50,39.875,39.125,39.8125,167000,17.210645
1998-05-11,39.6875,40.0625,39.3125,39.5625,278300,17.102572
1998-05-08,39.25,39.9375,39.1875,39.8125,409500,17.210645
1998-05-07,39.00,39.25,38.6875,39.25,494200,16.96748
1998-05-06,39.00,39.25,39.00,39.0625,117400,16.886425
1998-05-05,39.50,39.50,39.00,39.0625,314900,16.886425
1998-05-04,39.4375,39.5625,39.25,39.5625,220300,17.102572
1998-05-01,39.4375,39.75,38.875,39.1875,357300,16.940462
1998-04-30,38.375,39.25,38.1875,39.1875,421700,16.940462
1998-04-29,38.00,38.375,37.75,38.00,554600,16.427115
1998-04-28,38.50,38.50,37.875,37.9375,493800,16.400096
1998-04-27,38.25,38.25,37.6875,38.00,480800,16.427115
1998-04-24,38.75,39.3125,38.4375,38.5625,415700,16.670279
1998-04-23,39.00,39.0625,38.50,38.9375,323600,16.832389
1998-04-22,39.50,39.625,39.3125,39.4375,289000,17.048535
1998-04-21,40.00,40.125,39.50,39.75,299000,17.183627
1998-04-20,40.4375,40.6875,40.1875,40.25,243100,17.399773
1998-04-17,40.625,40.875,40.375,40.6875,302500,17.588901
1998-04-16,40.875,40.875,40.3125,40.5625,486300,17.534864
1998-04-15,40.375,40.8125,40.25,40.75,663400,17.615919
1998-04-14,39.875,40.1875,39.6875,40.1875,319900,17.372754
1998-04-13,40.25,40.25,39.6875,39.9375,500200,17.264681
1998-04-09,39.9375,40.00,39.75,40.00,228800,17.2917
1998-04-08,40.125,40.125,39.8125,39.9375,321300,17.264681
1998-04-07,40.125,40.25,40.00,40.1875,626700,17.372754
1998-04-06,40.1875,40.1875,40.00,40.1875,507000,17.372754
1998-04-03,39.75,40.25,39.6875,40.25,650800,17.399773
1998-04-02,39.3125,39.75,39.125,39.6875,235400,17.156608
1998-04-01,39.3125,39.3125,38.9375,39.125,211200,16.913444
1998-03-31,39.00,39.625,38.9375,39.3125,353300,16.994499
1998-03-30,38.4375,39.125,38.4375,38.9375,451500,16.832389
1998-03-27,38.9375,38.9375,38.25,38.625,263100,16.697297
1998-03-26,39.3125,39.4375,38.9375,39.00,509800,16.859407
1998-03-25,38.9375,39.25,38.9375,39.25,498400,16.96748
1998-03-24,38.625,39.00,38.625,39.00,457000,16.859407
1998-03-23,38.6875,38.8125,38.375,38.6875,332800,16.724316
1998-03-20,37.875,38.875,37.75,38.6875,482800,16.724316
1998-03-19,37.75,38.00,37.625,37.875,1111500,16.373078
1998-03-18,37.625,38.1875,37.5625,37.9375,562900,16.400096
1998-03-17,38.25,38.3125,38.1875,38.3125,2100000,16.339575
1998-03-16,38.00,38.375,37.75,38.3125,712500,16.339575
1998-03-13,38.00,38.625,38.00,38.125,361600,16.25961
1998-03-12,37.75,37.9375,37.75,37.9375,643500,16.179645
1998-03-11,37.625,37.9375,37.4375,37.875,669100,16.15299
1998-03-10,37.3125,37.875,37.25,37.6875,370400,16.073024
1998-03-09,36.4375,37.3125,36.4375,37.3125,901300,15.913094
1998-03-06,36.375,37.00,36.375,36.6875,429600,15.646543
1998-03-05,36.50,36.625,36.3125,36.375,386700,15.513267
1998-03-04,36.6875,36.8125,36.50,36.75,442000,15.673198
1998-03-03,36.9375,37.00,36.625,36.6875,285100,15.646543
1998-03-02,36.75,37.0625,36.625,37.00,329800,15.779818
1998-02-27,36.5625,36.75,36.4375,36.75,720700,15.673198
1998-02-26,36.50,36.75,36.00,36.75,1135900,15.673198
1998-02-25,36.875,36.875,36.50,36.5625,511400,15.593233
1998-02-24,37.25,37.25,36.75,36.8125,288300,15.699853
1998-02-23,37.625,37.625,37.25,37.3125,269200,15.913094
1998-02-20,37.5625,37.75,37.4375,37.5625,322900,16.019714
1998-02-19,37.3125,37.375,37.125,37.25,610800,15.886439
1998-02-18,37.25,37.4375,37.1875,37.4375,792100,15.966404
1998-02-17,36.875,37.3125,36.875,37.3125,564900,15.913094
1998-02-13,36.5625,36.9375,36.4375,36.8125,416800,15.699853
1998-02-12,36.625,36.625,36.50,36.625,487500,15.619888
1998-02-11,36.8125,36.8125,36.375,36.625,428000,15.619888
1998-02-10,36.625,36.9375,36.5625,36.75,879000,15.673198
1998-02-09,36.6875,36.6875,36.4375,36.625,692100,15.619888
1998-02-06,36.5625,36.75,36.3125,36.6875,648700,15.646543
1998-02-05,37.00,37.00,36.50,36.50,745600,15.566577
1998-02-04,36.875,37.125,36.8125,37.125,683600,15.833128
1998-02-03,36.1875,37.0625,36.1875,37.00,886000,15.779818
1998-02-02,36.00,36.375,36.00,36.3125,271300,15.486612
1998-01-30,36.4375,36.4375,35.875,35.875,388400,15.300026
1998-01-29,35.375,36.50,35.125,36.375,591600,15.513267
1998-01-28,35.50,36.0625,35.125,35.375,591500,15.086786
1998-01-27,34.8125,35.6875,34.75,35.4375,765800,15.113441
1998-01-26,34.75,34.875,34.4375,34.75,209400,14.820235
1998-01-23,34.9375,35.00,34.75,34.875,298400,14.873545
1998-01-22,34.8125,34.9375,34.5625,34.9375,322100,14.9002
1998-01-21,34.8125,34.9375,34.5625,34.9375,324300,14.9002
1998-01-20,34.625,34.8125,34.375,34.8125,299400,14.84689
1998-01-16,34.5625,34.9375,34.3125,34.75,463700,14.820235
1998-01-15,34.5625,34.5625,33.9375,34.0625,383900,14.527029
1998-01-14,34.6875,34.6875,34.1875,34.5625,337200,14.740269
1998-01-13,34.50,34.8125,34.1875,34.5625,173900,14.740269
1998-01-12,33.625,34.625,33.625,34.50,343100,14.713614
1998-01-09,34.3125,34.50,34.0625,34.0625,210500,14.527029
1998-01-08,33.875,34.375,33.8125,34.375,695400,14.660304
1998-01-07,33.75,33.875,33.4375,33.875,351800,14.447063
1998-01-06,33.875,34.25,33.8125,33.875,271800,14.447063
1998-01-05,34.50,34.6875,33.5625,33.9375,269900,14.473718
1998-01-02,34.625,34.75,34.50,34.625,226100,14.766925
1997-12-31,34.125,34.75,34.0625,34.6875,451200,14.79358
1997-12-30,33.875,34.125,33.8125,34.125,200400,14.553684
1997-12-29,33.5625,33.9375,33.0625,33.9375,235800,14.473718
1997-12-26,33.50,33.625,33.50,33.50,49200,14.287133
1997-12-24,33.50,33.5625,33.4375,33.50,86700,14.287133
1997-12-23,33.25,33.4375,33.00,33.4375,292200,14.260478
1997-12-22,33.00,33.50,32.9375,33.375,469100,14.233823
1997-12-19,32.875,33.0625,32.00,32.875,318400,14.020582
1997-12-18,32.875,33.0625,32.6875,33.0625,214200,14.100547
1997-12-17,33.0625,33.0625,32.8125,33.00,700400,14.073892
1997-12-16,33.5625,33.625,33.3125,33.4375,2053400,14.04084
1997-12-15,32.625,33.3125,32.5625,33.3125,338900,13.988351
1997-12-12,32.125,32.4375,32.00,32.375,652700,13.594682
1997-12-11,31.9375,32.00,31.6875,31.875,466700,13.384726
1997-12-10,31.9375,32.25,31.8125,31.875,486900,13.384726
1997-12-09,31.9375,31.9375,31.625,31.8125,203100,13.358481
1997-12-08,31.9375,32.00,31.8125,32.00,598000,13.437215
1997-12-05,32.1875,32.25,31.9375,32.00,529300,13.437215
1997-12-04,32.6875,32.6875,32.3125,32.4375,117200,13.620927
1997-12-03,33.1875,33.1875,32.375,32.50,222800,13.647171
1997-12-02,33.5625,33.5625,32.9375,33.0625,711000,13.883372
1997-12-01,32.9375,33.625,32.8125,33.625,303600,14.119573
1997-11-28,32.875,33.00,32.8125,32.8125,99600,13.778394
1997-11-26,32.75,32.875,32.6875,32.8125,221900,13.778394
1997-11-25,32.375,33.00,32.375,32.75,388900,13.75215
1997-11-24,31.8125,32.375,31.8125,32.3125,418900,13.568438
1997-11-21,31.9375,32.125,31.8125,32.125,353400,13.489704
1997-11-20,31.50,32.125,31.4375,31.9375,377100,13.41097
1997-11-19,31.4375,31.50,31.25,31.375,253600,13.174769
1997-11-18,31.375,31.5625,31.1875,31.375,375900,13.174769
1997-11-17,30.9375,31.375,30.8125,31.1875,177600,13.096036
1997-11-14,30.75,30.8125,30.50,30.6875,253300,12.886079
1997-11-13,30.50,30.875,30.3125,30.75,539000,12.912324
1997-11-12,30.3125,30.625,30.25,30.50,188800,12.807345
1997-11-11,30.5625,30.5625,30.25,30.4375,98100,12.781101
1997-11-10,30.5625,30.75,30.50,30.5625,538200,12.83359
1997-11-07,30.50,30.6875,30.1875,30.5625,446300,12.83359
1997-11-06,31.00,31.375,30.50,30.5625,785100,12.83359
1997-11-05,31.0625,31.1875,30.9375,31.125,460900,13.069791
1997-11-04,30.6875,31.125,30.6875,31.0625,595700,13.043546
1997-11-03,30.9375,30.9375,30.50,30.875,322900,12.964813
1997-10-31,30.50,31.00,30.1875,30.75,439400,12.912324
1997-10-30,29.625,30.375,29.625,30.3125,844500,12.728612
1997-10-29,29.75,30.00,29.1875,29.875,339600,12.5449
1997-10-28,28.50,29.875,28.0625,29.8125,291200,12.518655
1997-10-27,29.8125,30.00,28.75,28.75,189400,12.072498
1997-10-24,30.00,30.125,29.75,30.00,232900,12.597389
1997-10-23,30.4375,30.4375,29.6875,29.8125,303000,12.518655
1997-10-22,30.1875,30.3125,29.875,30.25,589300,12.702367
1997-10-21,30.00,30.125,29.875,30.125,858100,12.649878
1997-10-20,29.8125,30.125,29.6875,29.875,381400,12.5449
1997-10-17,29.6875,29.9375,29.5625,29.8125,241400,12.518655
1997-10-16,30.00,30.00,29.875,29.9375,178700,12.571144
1997-10-15,29.875,30.00,29.6875,29.9375,221700,12.571144
1997-10-14,30.00,30.00,29.875,30.00,371500,12.597389
1997-10-13,30.00,30.25,29.8125,29.9375,345200,12.571144
1997-10-10,29.75,30.00,29.6875,29.9375,731200,12.571144
1997-10-09,29.875,30.0625,29.5625,30.00,186600,12.597389
1997-10-08,30.6875,30.75,30.0625,30.125,193000,12.649878
1997-10-07,30.625,30.875,30.625,30.8125,220600,12.938568
1997-10-06,30.6875,30.875,30.50,30.5625,215200,12.83359
1997-10-03,30.9375,31.0625,30.3125,30.625,267700,12.859835
1997-10-02,30.50,30.6875,30.3125,30.6875,161300,12.886079
1997-10-01,30.5625,30.5625,30.1875,30.50,810000,12.807345
1997-09-30,30.1875,30.625,30.0625,30.4375,270400,12.781101
1997-09-29,30.375,30.5625,30.3125,30.4375,231600,12.781101
1997-09-26,30.75,30.75,30.5625,30.625,263900,12.859835
1997-09-25,31.00,31.0625,30.625,30.875,282900,12.964813
1997-09-24,31.25,31.375,31.0625,31.0625,375900,13.043546
1997-09-23,31.6875,31.6875,31.25,31.3125,138200,13.148525
1997-09-22,31.50,31.75,31.4375,31.6875,148300,13.305992
1997-09-19,31.375,31.5625,31.3125,31.50,359700,13.227258
1997-09-18,31.50,31.6875,31.3125,31.375,1903200,13.174769
1997-09-17,32.6875,32.6875,32.3125,32.375,2386000,13.378426
1997-09-16,32.3125,32.875,32.3125,32.75,840600,13.533389
1997-09-15,31.9375,32.3125,31.8125,32.0625,256500,13.249291
1997-09-12,31.50,31.875,31.25,31.875,199700,13.17181
1997-09-11,31.625,31.625,31.125,31.375,733500,12.965193
1997-09-10,31.8125,32.1875,31.625,31.6875,383700,13.094329
1997-09-09,31.3125,32.00,31.1875,31.8125,1036900,13.145983
1997-09-08,31.0625,31.50,31.00,31.4375,294600,12.99102
1997-09-05,31.3125,31.375,30.9375,30.9375,254400,12.784404
1997-09-04,30.50,31.3125,30.50,31.3125,1105800,12.939366
1997-09-03,30.50,30.625,30.4375,30.50,407400,12.603614
1997-09-02,29.75,30.4375,29.625,30.4375,334900,12.577787
1997-08-29,29.75,29.875,29.5625,29.75,163500,12.293689
1997-08-28,29.875,30.00,29.625,29.75,147000,12.293689
1997-08-27,29.8125,30.1875,29.6875,30.00,285100,12.396998
1997-08-26,29.8125,29.9375,29.75,29.9375,166000,12.37117
1997-08-25,30.00,30.125,29.6875,29.8125,217600,12.319516
1997-08-22,28.8125,29.8125,28.8125,29.8125,305900,12.319516
1997-08-21,29.50,29.6875,29.375,29.5625,455400,12.216208
1997-08-20,29.75,29.75,29.50,29.625,460900,12.242035
1997-08-19,29.75,29.8125,29.4375,29.75,238700,12.293689
1997-08-18,29.75,29.75,29.3125,29.75,416500,12.293689
1997-08-15,29.75,29.9375,29.50,29.8125,221800,12.319516
1997-08-14,30.125,30.375,29.8125,29.9375,674500,12.37117
1997-08-13,30.3125,30.3125,30.0625,30.1875,508600,12.474479
1997-08-12,29.75,30.25,29.75,30.0625,424900,12.422825
1997-08-11,29.125,29.75,29.00,29.6875,255500,12.267862
1997-08-08,29.375,29.375,28.6875,28.9375,213400,11.957937
1997-08-07,29.50,29.8125,29.50,29.625,217300,12.242035
1997-08-06,29.5625,29.875,29.4375,29.75,189000,12.293689
1997-08-05,29.3125,29.5625,29.25,29.50,118000,12.190381
1997-08-04,29.625,29.75,29.3125,29.50,139800,12.190381
1997-08-01,29.8125,29.9375,29.3125,29.75,182500,12.293689
1997-07-31,29.625,29.9375,29.625,29.875,184300,12.345343
1997-07-30,29.3125,29.6875,29.25,29.6875,139900,12.267862
1997-07-29,29.25,29.50,29.00,29.50,235400,12.190381
1997-07-28,29.3125,29.3125,29.00,29.00,316400,11.983764
1997-07-25,29.25,29.375,29.1875,29.3125,344200,12.1129
1997-07-24,28.875,29.25,28.75,29.25,244000,12.087073
1997-07-23,29.25,29.3125,28.75,28.75,248300,11.880456
1997-07-22,28.9375,29.3125,28.9375,29.1875,277600,12.061245
1997-07-21,29.00,29.125,28.75,28.9375,146900,11.957937
1997-07-18,29.25,29.25,29.00,29.00,275800,11.983764
1997-07-17,29.50,29.625,29.125,29.25,355700,12.087073
1997-07-16,29.8125,29.875,29.50,29.50,168300,12.190381
1997-07-15,29.50,29.5625,29.375,29.5625,237500,12.216208
1997-07-14,29.375,29.5625,29.25,29.3125,229300,12.1129
1997-07-11,29.375,29.5625,29.3125,29.4375,363300,12.164554
1997-07-10,28.5625,29.50,28.5625,29.375,556400,12.138727
1997-07-09,28.875,28.9375,28.4375,28.50,232700,11.777148
1997-07-08,28.25,28.75,28.1875,28.6875,286000,11.854629
1997-07-07,28.375,28.50,28.25,28.3125,332100,11.699666
1997-07-03,28.1875,28.5625,28.1875,28.4375,241400,11.751321
1997-07-02,27.5625,28.0625,27.50,27.9375,408000,11.544704
1997-07-01,27.625,27.75,27.50,27.50,286400,11.363914
1997-06-30,27.00,27.6875,27.00,27.625,603400,11.415569
1997-06-27,26.875,27.00,26.6875,26.9375,290100,11.131471
1997-06-26,26.6875,26.9375,26.6875,26.75,368800,11.053989
1997-06-25,26.9375,27.00,26.50,26.625,361400,11.002335
1997-06-24,26.875,27.125,26.75,27.0625,210900,11.183125
1997-06-23,26.875,27.125,26.75,26.875,306700,11.105644
1997-06-20,27.125,27.25,27.125,27.125,355300,11.208952
1997-06-19,27.125,27.375,27.125,27.125,1123100,11.208952
1997-06-18,27.125,27.25,26.875,27.125,1287700,11.208952
1997-06-17,27.625,27.75,27.375,27.75,1283900,11.254408
1997-06-16,28.00,28.00,27.625,27.625,160300,11.203712
1997-06-13,27.75,28.00,27.75,28.00,153700,11.355799
1997-06-12,27.375,27.75,27.375,27.625,219200,11.203712
1997-06-11,27.125,27.375,27.125,27.25,149500,11.051626
1997-06-10,27.25,27.50,27.125,27.25,179100,11.051626
1997-06-09,27.25,27.625,27.125,27.25,246500,11.051626
1997-06-06,26.75,27.125,26.625,27.125,214200,11.00093
1997-06-05,26.375,27.00,26.375,26.875,519800,10.899539
1997-06-04,26.50,26.625,26.375,26.375,254300,10.696757
1997-06-03,26.625,26.625,26.50,26.50,353200,10.747453
1997-06-02,26.75,26.75,26.50,26.625,249100,10.798148
1997-05-30,26.50,26.75,26.50,26.625,225000,10.798148
1997-05-29,26.50,26.625,26.375,26.50,195600,10.747453
1997-05-28,26.25,26.50,26.125,26.25,412300,10.646062
1997-05-27,26.375,26.50,26.25,26.25,294700,10.646062
1997-05-23,26.50,26.625,26.375,26.50,167900,10.747453
1997-05-22,26.50,26.625,26.375,26.50,287200,10.747453
1997-05-21,26.75,26.875,26.50,26.50,237700,10.747453
1997-05-20,26.875,27.00,26.75,26.75,284700,10.848844
1997-05-19,27.00,27.00,26.75,27.00,139700,10.950235
1997-05-16,26.875,27.00,26.875,27.00,234000,10.950235
1997-05-15,27.125,27.125,26.50,26.875,193300,10.899539
1997-05-14,27.00,27.25,26.875,27.125,262300,11.00093
1997-05-13,27.125,27.25,26.625,27.00,221000,10.950235
1997-05-12,27.25,27.375,27.00,27.125,214600,11.00093
1997-05-09,27.75,27.75,27.375,27.375,215100,11.102321
1997-05-08,27.50,27.875,27.375,27.625,460500,11.203712
1997-05-07,28.25,28.25,27.625,27.75,260400,11.254408
1997-05-06,28.00,28.375,28.00,28.25,388000,11.45719
1997-05-05,27.50,28.25,27.50,28.25,281100,11.45719
1997-05-02,26.75,27.375,26.75,27.375,394800,11.102321
1997-05-01,26.625,26.875,26.50,26.75,315200,10.848844
1997-04-30,27.125,27.125,26.625,26.75,271500,10.848844
1997-04-29,27.375,27.375,26.625,27.125,560400,11.00093
1997-04-28,26.75,27.00,26.75,26.875,266700,10.899539
1997-04-25,26.875,27.00,26.75,26.75,90800,10.848844
1997-04-24,27.00,27.125,26.875,26.875,228900,10.899539
1997-04-23,27.125,27.375,27.00,27.125,164900,11.00093
1997-04-22,27.125,27.25,27.00,27.125,100900,11.00093
1997-04-21,27.25,27.375,27.00,27.25,124900,11.051626
1997-04-18,27.125,27.25,27.00,27.125,167300,11.00093
1997-04-17,27.125,27.125,27.00,27.125,139800,11.00093
1997-04-16,27.125,27.125,27.00,27.00,143900,10.950235
1997-04-15,27.375,27.375,27.00,27.125,105900,11.00093
1997-04-14,27.125,27.25,27.00,27.125,262100,11.00093
1997-04-11,27.125,27.375,26.875,27.125,285000,11.00093
1997-04-10,26.875,27.25,26.875,27.25,592000,11.051626
1997-04-09,27.125,27.25,26.75,27.00,357900,10.950235
1997-04-08,26.875,27.25,26.75,27.125,654200,11.00093
1997-04-07,27.125,27.125,26.75,26.75,218600,10.848844
1997-04-04,27.00,27.00,26.875,27.00,263700,10.950235
1997-04-03,26.875,27.125,26.75,27.00,334400,10.950235
1997-04-02,26.875,27.125,26.875,27.00,365200,10.950235
1997-04-01,26.875,27.00,26.625,26.875,428300,10.899539
1997-03-31,26.625,27.375,26.50,26.875,570200,10.899539
1997-03-27,27.50,27.625,26.25,26.625,344900,10.798148
1997-03-26,27.75,27.875,27.375,27.375,225700,11.102321
1997-03-25,27.625,28.25,27.50,27.75,448200,11.254408
1997-03-24,27.375,27.625,27.375,27.50,159400,11.153017
1997-03-21,27.625,27.625,27.50,27.50,230000,11.153017
1997-03-20,27.75,27.75,27.375,27.50,254200,11.153017
1997-03-19,27.375,27.75,27.375,27.75,905800,11.254408
1997-03-18,28.00,28.00,27.50,27.50,786100,11.153017
1997-03-17,28.25,28.50,28.25,28.50,3305100,11.349715
1997-03-14,28.375,28.625,28.375,28.50,200700,11.349715
1997-03-13,28.375,28.50,28.125,28.4375,275600,11.324825
1997-03-12,28.50,28.625,28.375,28.375,370700,11.299936
1997-03-11,28.625,28.875,28.50,28.50,166500,11.349715
1997-03-10,28.75,28.875,28.50,28.75,277700,11.449274
1997-03-07,28.75,28.875,28.625,28.75,251900,11.449274
1997-03-06,28.875,29.00,28.50,28.625,640500,11.399495
1997-03-05,29.00,29.00,28.75,29.00,505500,11.548833
1997-03-04,29.625,29.625,29.00,29.125,870000,11.598612
1997-03-03,30.125,30.25,29.875,29.875,294400,11.897289
1997-02-28,30.375,30.625,30.125,30.25,233100,12.046627
1997-02-27,30.50,30.625,30.375,30.625,148600,12.195966
1997-02-26,30.375,30.625,30.125,30.50,441700,12.146186
1997-02-25,30.50,30.625,30.375,30.50,251500,12.146186
1997-02-24,30.25,30.50,30.25,30.375,116200,12.096407
1997-02-21,30.50,30.50,30.25,30.375,192800,12.096407
1997-02-20,30.50,30.625,30.375,30.625,141400,12.195966
1997-02-19,30.75,30.75,30.25,30.375,281000,12.096407
1997-02-18,30.875,31.00,30.75,30.875,138400,12.295525
1997-02-14,31.25,31.25,30.875,30.875,161800,12.295525
1997-02-13,31.375,31.375,31.00,31.25,440900,12.444863
1997-02-12,31.375,31.50,31.00,31.25,500400,12.444863
1997-02-11,31.25,31.50,31.125,31.50,196000,12.544422
1997-02-10,31.375,31.50,31.125,31.125,91000,12.395084
1997-02-07,31.375,31.375,30.75,31.25,174400,12.444863
1997-02-06,31.00,31.125,31.00,31.125,103700,12.395084
1997-02-05,31.625,31.625,31.00,31.125,148100,12.395084
1997-02-04,31.375,31.50,31.25,31.50,74500,12.544422
1997-02-03,31.375,31.50,31.125,31.375,199200,12.494643
1997-01-31,31.625,31.875,31.25,31.375,430600,12.494643
1997-01-30,31.75,31.75,31.375,31.625,419400,12.594201
1997-01-29,31.50,31.75,31.50,31.50,339400,12.544422
1997-01-28,32.125,32.125,31.50,31.625,381500,12.594201
1997-01-27,32.00,32.375,31.75,31.75,300800,12.643981
1997-01-24,32.375,32.375,32.00,32.00,321600,12.74354
1997-01-23,32.25,32.875,32.125,32.625,332400,12.992437
1997-01-22,32.00,32.25,31.75,32.25,267500,12.843099
1997-01-21,31.625,32.00,31.50,32.00,288300,12.74354
1997-01-20,31.875,32.125,31.75,31.75,329800,12.643981
1997-01-17,31.50,32.00,31.375,31.875,559300,12.69376
1997-01-16,31.875,31.875,31.375,31.75,435700,12.643981
1997-01-15,32.125,32.25,32.00,32.00,269700,12.74354
1997-01-14,32.00,32.375,32.00,32.25,256700,12.843099
1997-01-13,31.625,31.875,31.50,31.875,361400,12.69376
1997-01-10,31.375,31.75,30.875,31.75,310900,12.643981
1997-01-09,32.125,32.375,31.75,31.75,274500,12.643981
1997-01-08,32.375,32.50,31.625,32.00,150200,12.74354
1997-01-07,31.75,32.25,31.25,32.25,315600,12.843099
1997-01-06,32.375,32.375,31.75,31.875,202000,12.69376
1997-01-03,32.50,32.50,32.25,32.375,185800,12.892878
1997-01-02,32.50,32.625,32.375,32.50,334300,12.942658
1996-12-31,32.625,32.6875,32.375,32.375,117500,12.892878
1996-12-30,33.00,33.125,32.625,32.75,289500,13.042217
1996-12-27,32.75,33.00,32.625,33.00,167800,13.141775
1996-12-26,32.625,32.75,32.50,32.75,109600,13.042217
1996-12-24,32.375,32.625,32.25,32.625,68900,12.992437
1996-12-23,32.375,32.50,32.25,32.50,174800,12.942658
1996-12-20,32.50,32.75,32.125,32.50,1104300,12.942658
1996-12-19,31.00,31.50,30.875,31.50,399100,12.544422
1996-12-18,30.625,31.00,30.625,30.875,263400,12.295525
1996-12-17,30.625,30.875,30.125,30.625,366400,12.195966
1996-12-16,31.125,31.125,30.75,30.875,280500,12.295525
1996-12-13,30.625,31.125,30.50,31.00,862300,12.345304
1996-12-12,31.375,31.375,30.50,30.50,920500,12.146186
1996-12-11,31.75,32.00,31.50,32.00,1644600,12.538448
1996-12-10,32.00,32.125,31.75,32.125,415400,12.587427
1996-12-09,32.00,32.00,31.75,32.00,409500,12.538448
1996-12-06,31.75,32.00,31.625,32.00,610900,12.538448
1996-12-05,31.875,32.00,31.75,32.00,235800,12.538448
1996-12-04,31.50,31.875,31.125,31.75,1030000,12.440492
1996-12-03,32.125,32.125,31.625,31.625,441500,12.391513
1996-12-02,32.00,32.125,32.00,32.125,804300,12.587427
1996-11-29,32.00,32.25,32.00,32.00,112100,12.538448
1996-11-27,32.00,32.00,31.75,32.00,697500,12.538448
1996-11-26,32.375,32.375,31.75,32.00,381600,12.538448
1996-11-25,32.375,32.50,32.25,32.375,147500,12.685383
1996-11-22,32.375,32.625,32.375,32.50,269500,12.734362
1996-11-21,32.375,32.75,32.25,32.50,919500,12.734362
1996-11-20,32.00,32.375,31.875,32.25,301900,12.636405
1996-11-19,32.25,32.25,32.125,32.25,181400,12.636405
1996-11-18,32.375,32.375,32.125,32.25,183600,12.636405
1996-11-15,32.50,32.50,32.00,32.25,465500,12.636405
1996-11-14,32.125,32.50,31.625,32.375,289200,12.685383
1996-11-13,31.875,32.125,31.75,32.125,213500,12.587427
1996-11-12,31.75,32.00,31.625,32.00,326400,12.538448
1996-11-11,31.625,31.75,31.50,31.75,242000,12.440492
1996-11-08,31.625,31.75,31.50,31.75,215100,12.440492
1996-11-07,31.50,31.75,31.00,31.50,306400,12.342535
1996-11-06,31.00,31.50,30.75,31.50,285100,12.342535
1996-11-05,30.625,31.00,30.625,31.00,397100,12.146622
1996-11-04,30.125,30.625,30.00,30.50,308200,11.950709
1996-11-01,30.125,30.25,30.00,30.125,589000,11.803774
1996-10-31,29.75,30.125,29.625,30.125,753400,11.803774
1996-10-30,29.125,29.75,29.125,29.625,376100,11.60786
1996-10-29,28.50,29.125,28.50,29.125,480300,11.411947
1996-10-28,28.625,28.875,28.50,28.50,102800,11.167056
1996-10-25,28.625,28.875,28.50,28.625,135700,11.216034
1996-10-24,28.50,28.75,28.375,28.625,111100,11.216034
1996-10-23,28.625,28.75,28.375,28.625,200300,11.216034
1996-10-22,28.625,28.8125,28.625,28.625,92700,11.216034
1996-10-21,28.75,28.875,28.625,28.625,231500,11.216034
1996-10-18,28.625,28.75,28.50,28.75,506000,11.265012
1996-10-17,28.625,28.75,28.50,28.50,312300,11.167056
1996-10-16,28.875,28.875,28.375,28.50,256400,11.167056
1996-10-15,28.625,28.75,28.25,28.375,172500,11.118077
1996-10-14,28.375,28.50,28.25,28.375,145100,11.118077
1996-10-11,28.25,28.50,28.25,28.375,157300,11.118077
1996-10-10,28.25,28.25,27.875,28.125,322900,11.020121
1996-10-09,28.25,28.25,28.00,28.25,591200,11.069099
1996-10-08,28.375,28.50,28.125,28.25,345100,11.069099
1996-10-07,28.50,28.625,28.375,28.50,248800,11.167056
1996-10-04,28.375,28.50,28.25,28.50,491200,11.167056
1996-10-03,28.00,28.25,27.875,28.125,205900,11.020121
1996-10-02,28.125,28.125,27.875,27.875,202000,10.922164
1996-10-01,28.125,28.125,27.875,28.125,247200,11.020121
1996-09-30,27.875,28.00,27.625,28.00,172400,10.971142
1996-09-27,28.25,28.25,27.75,27.875,168800,10.922164
1996-09-26,28.125,28.375,28.125,28.125,190700,11.020121
1996-09-25,28.25,28.375,28.125,28.25,370600,11.069099
1996-09-24,28.00,28.25,27.875,28.125,382200,11.020121
1996-09-23,28.25,28.375,27.875,28.00,375900,10.971142
1996-09-20,28.375,28.50,28.375,28.375,2026100,11.118077
1996-09-19,28.25,28.25,28.00,28.25,757600,11.069099
1996-09-18,28.375,28.50,28.00,28.125,544400,11.020121
1996-09-17,28.50,29.00,28.50,29.00,1414300,11.161179
1996-09-16,28.50,28.625,28.375,28.50,434200,10.968745
1996-09-13,28.75,28.75,28.375,28.50,396800,10.968745
1996-09-12,28.375,28.875,28.375,28.50,586300,10.968745
1996-09-11,28.375,28.375,28.00,28.25,262400,10.872528
1996-09-10,28.50,28.625,28.375,28.50,113600,10.968745
1996-09-09,28.625,28.75,28.50,28.625,167900,11.016853
1996-09-06,28.00,28.50,27.875,28.50,209100,10.968745
1996-09-05,28.125,28.375,28.00,28.00,334400,10.776311
1996-09-04,28.125,28.375,28.00,28.25,331100,10.872528
1996-09-03,28.25,28.50,27.875,28.25,215000,10.872528
1996-08-30,28.625,28.625,28.25,28.50,99100,10.968745
1996-08-29,29.125,29.625,28.50,28.625,196200,11.016853
1996-08-28,29.25,29.25,29.125,29.125,59400,11.209287
1996-08-27,29.125,29.375,29.125,29.375,254800,11.305504
1996-08-26,29.375,29.375,29.125,29.125,128100,11.209287
1996-08-23,29.50,29.625,29.25,29.375,142000,11.305504
1996-08-22,29.625,29.875,29.50,29.75,291600,11.44983
1996-08-21,29.625,29.75,29.375,29.625,313400,11.401721
1996-08-20,30.00,30.00,29.625,29.625,367300,11.401721
1996-08-19,30.00,30.00,29.75,29.875,205900,11.497939
1996-08-16,29.75,30.125,29.75,30.00,160100,11.546047
1996-08-15,29.75,30.00,29.75,29.75,175300,11.44983
1996-08-14,29.75,30.00,29.75,29.875,338000,11.497939
1996-08-13,29.75,29.75,29.625,29.75,97700,11.44983
1996-08-12,29.375,29.75,29.375,29.75,189700,11.44983
1996-08-09,29.50,29.625,29.375,29.375,168400,11.305504
1996-08-08,29.25,29.375,29.25,29.25,92600,11.257396
1996-08-07,29.50,29.50,29.00,29.375,243800,11.305504
1996-08-06,29.375,29.50,29.25,29.50,114000,11.353613
1996-08-05,29.25,29.75,29.25,29.50,242600,11.353613
1996-08-02,29.00,29.375,29.00,29.375,379400,11.305504
1996-08-01,28.75,29.25,28.625,28.75,429000,11.064962
1996-07-31,28.625,28.75,28.50,28.75,138700,11.064962
1996-07-30,28.625,28.75,28.50,28.625,174600,11.016853
1996-07-29,28.875,28.875,28.625,28.625,179300,11.016853
1996-07-26,28.875,29.00,28.75,29.00,120800,11.161179
1996-07-25,29.375,29.375,28.75,28.875,202300,11.11307
1996-07-24,29.375,29.75,29.00,29.25,579000,11.257396
1996-07-23,29.50,29.75,29.25,29.50,156300,11.353613
1996-07-22,29.625,29.875,29.00,29.625,201500,11.401721
1996-07-19,30.125,30.125,29.50,29.625,119100,11.401721
1996-07-18,30.00,30.25,29.625,30.125,154900,11.594156
1996-07-17,30.375,31.00,29.875,29.875,274100,11.497939
1996-07-16,30.50,30.625,30.125,30.125,419800,11.594156
1996-07-15,30.25,30.625,30.125,30.25,662600,11.642264
1996-07-12,30.00,30.50,29.75,30.25,730800,11.642264
1996-07-11,30.125,30.125,29.625,29.875,209600,11.497939
1996-07-10,30.125,30.25,29.875,30.00,432700,11.546047
1996-07-09,29.75,30.125,29.75,30.00,156200,11.546047
1996-07-08,29.50,29.75,29.50,29.75,260000,11.44983
1996-07-05,30.00,30.00,29.75,29.75,161800,11.44983
1996-07-03,30.625,30.75,30.50,30.50,126500,11.738481
1996-07-02,30.875,30.875,30.50,30.75,673100,11.834698
1996-07-01,30.875,30.875,30.625,30.75,848900,11.834698
1996-06-28,29.875,31.00,29.875,30.875,815200,11.882807
1996-06-27,29.375,29.875,29.375,29.75,819000,11.44983
1996-06-26,29.125,29.375,29.00,29.25,495100,11.257396
1996-06-25,28.875,29.25,28.875,29.00,465500,11.161179
1996-06-24,28.875,29.00,28.625,28.75,247300,11.064962
1996-06-21,28.375,28.75,28.25,28.75,394200,11.064962
1996-06-20,28.25,28.375,28.125,28.25,3304100,10.872528
1996-06-19,28.25,28.25,28.00,28.125,889700,10.824419
1996-06-18,28.125,28.375,28.125,28.25,746900,10.872528
1996-06-17,28.75,28.875,28.50,28.75,1192300,10.866754
1996-06-14,28.625,29.00,28.50,28.75,408200,10.866754
1996-06-13,28.375,28.625,28.375,28.625,155500,10.819508
1996-06-12,28.625,28.75,28.375,28.375,242100,10.725014
1996-06-11,28.875,29.00,28.50,28.625,360600,10.819508
1996-06-10,29.125,29.50,28.75,28.75,607000,10.866754
1996-06-07,28.875,29.25,28.75,29.25,358500,11.055741
1996-06-06,29.875,30.00,29.50,29.50,337500,11.150235
1996-06-05,29.375,29.75,29.25,29.75,225100,11.244728
1996-06-04,29.25,29.625,29.25,29.50,264400,11.150235
1996-06-03,29.125,29.25,28.875,29.125,233000,11.008495
1996-05-31,29.625,29.625,29.125,29.25,452400,11.055741
1996-05-30,29.625,29.75,29.375,29.625,216800,11.197482
1996-05-29,29.625,30.00,29.625,29.625,678100,11.197482
1996-05-28,29.875,30.00,29.5625,29.625,199600,11.197482
1996-05-24,29.75,30.00,29.75,29.875,135600,11.291975
1996-05-23,30.00,30.00,29.50,29.625,210000,11.197482
1996-05-22,29.625,30.00,29.50,30.00,328000,11.339222
1996-05-21,29.75,30.00,29.625,29.75,350200,11.244728
1996-05-20,29.75,29.875,29.625,29.75,157500,11.244728
1996-05-17,30.25,30.25,29.625,29.625,1615600,11.197482
1996-05-16,30.25,30.25,30.00,30.00,225400,11.339222
1996-05-15,30.75,30.75,30.25,30.50,453500,11.528209
1996-05-14,30.75,30.75,30.375,30.75,1001600,11.622702
1996-05-13,30.50,30.625,30.375,30.50,102200,11.528209
1996-05-10,30.125,30.50,30.00,30.50,471700,11.528209
1996-05-09,30.125,30.50,29.75,29.875,310200,11.291975
1996-05-08,29.625,30.125,29.375,30.125,478100,11.386469
1996-05-07,29.875,29.875,29.625,29.625,776000,11.197482
1996-05-06,30.25,30.25,29.50,29.875,1127400,11.291975
1996-05-03,30.75,30.75,30.00,30.125,700800,11.386469
1996-05-02,31.00,31.125,30.625,30.625,524900,11.575456
1996-05-01,31.00,31.25,31.00,31.25,401100,11.811689
1996-04-30,31.25,31.50,31.00,31.00,377000,11.717196
1996-04-29,31.125,31.375,31.00,31.25,216900,11.811689
1996-04-26,31.50,31.50,31.125,31.25,83300,11.811689
1996-04-25,31.375,31.625,31.00,31.375,155900,11.858936
1996-04-24,31.375,31.625,31.375,31.50,302700,11.906183
1996-04-23,31.75,31.75,31.50,31.625,196900,11.95343
1996-04-22,32.00,32.125,31.75,31.875,168400,12.047923
1996-04-19,31.625,32.00,31.625,31.875,264100,12.047923
1996-04-18,31.875,32.00,31.625,31.625,179500,11.95343
1996-04-17,32.00,32.125,31.875,32.00,584700,12.09517
1996-04-16,32.00,32.25,31.875,32.125,204300,12.142417
1996-04-15,32.125,32.125,31.75,32.125,248000,12.142417
1996-04-12,32.00,32.50,31.875,32.125,283200,12.142417
1996-04-11,31.625,31.75,31.00,31.75,780300,12.000677
1996-04-10,32.375,32.50,31.625,31.625,406000,11.95343
1996-04-09,32.50,32.625,32.25,32.375,423600,12.23691
1996-04-08,33.375,33.375,31.875,32.50,362200,12.284157
1996-04-04,33.75,33.75,33.625,33.625,124000,12.709378
1996-04-03,33.625,33.875,33.50,33.875,305400,12.803871
1996-04-02,34.125,34.125,33.625,33.75,415400,12.756625
1996-04-01,33.75,34.25,33.625,34.00,345800,12.851118
1996-03-29,34.25,34.25,33.625,33.625,349400,12.709378
1996-03-28,34.00,34.25,34.00,34.00,147400,12.851118
1996-03-27,34.25,34.625,34.00,34.00,201800,12.851118
1996-03-26,34.125,34.25,34.00,34.25,130500,12.945612
1996-03-25,34.125,34.375,34.125,34.25,207300,12.945612
1996-03-22,34.125,34.125,33.875,33.875,204900,12.803871
1996-03-21,33.75,34.00,33.625,34.00,3145100,12.851118
1996-03-20,33.50,33.75,33.375,33.75,1176100,12.756625
1996-03-19,33.625,33.625,33.125,33.375,1776400,12.614884
1996-03-18,33.625,34.25,33.625,34.125,1116800,12.703708
1996-03-15,33.625,33.625,33.125,33.375,254600,12.424506
1996-03-14,33.75,33.875,33.75,33.75,216300,12.564107
1996-03-13,34.125,34.25,33.625,33.75,368300,12.564107
1996-03-12,34.625,34.625,33.625,34.125,487400,12.703708
1996-03-11,34.50,35.375,34.25,34.875,228100,12.982911
1996-03-08,35.25,35.25,34.75,35.00,839200,13.029444
1996-03-07,35.00,35.50,34.75,35.50,502500,13.215579
1996-03-06,35.375,35.375,35.00,35.125,211100,13.075978
1996-03-05,35.50,35.75,35.375,35.50,221400,13.215579
1996-03-04,35.75,36.00,35.625,35.75,175100,13.308647
1996-03-01,35.875,35.875,35.125,35.75,319500,13.308647
1996-02-29,35.875,36.00,35.625,35.625,221600,13.262113
1996-02-28,35.875,36.125,35.875,36.00,540500,13.401714
1996-02-27,35.375,35.75,35.25,35.75,715400,13.308647
1996-02-26,35.00,35.50,34.375,35.50,1104000,13.215579
1996-02-23,35.75,35.875,35.00,35.125,143700,13.075978
1996-02-22,35.375,35.625,35.25,35.50,529700,13.215579
1996-02-21,35.125,35.375,34.875,35.375,672800,13.169046
1996-02-20,35.25,35.50,34.875,35.00,345100,13.029444
1996-02-16,36.00,36.125,35.75,35.875,264800,13.35518
1996-02-15,36.375,36.375,36.00,36.125,185100,13.448248
1996-02-14,36.875,36.875,36.25,36.25,129400,13.494782
1996-02-13,36.50,37.25,36.50,36.875,342000,13.72745
1996-02-12,36.25,36.75,36.00,36.625,255300,13.634383
1996-02-09,35.75,36.00,35.625,36.00,200100,13.401714
1996-02-08,36.125,36.125,35.625,35.75,301800,13.308647
1996-02-07,35.625,36.25,35.50,36.25,338100,13.494782
1996-02-06,35.25,35.75,35.25,35.75,147800,13.308647
1996-02-05,35.25,35.375,35.125,35.375,208500,13.169046
1996-02-02,35.50,35.625,35.125,35.375,104900,13.169046
1996-02-01,35.75,35.875,35.50,35.625,103000,13.262113
1996-01-31,35.875,36.125,35.625,36.00,112100,13.401714
1996-01-30,35.75,36.00,35.75,35.875,419200,13.35518
1996-01-29,35.75,35.875,35.625,35.75,169400,13.308647
1996-01-26,35.625,35.875,35.625,35.75,147900,13.308647
1996-01-25,35.625,35.75,35.375,35.75,318300,13.308647
1996-01-24,35.375,35.75,35.25,35.625,240900,13.262113
1996-01-23,35.00,35.50,35.00,35.375,358200,13.169046
1996-01-22,35.25,35.375,35.00,35.125,222000,13.075978
1996-01-19,35.125,35.625,35.125,35.375,227800,13.169046
1996-01-18,35.50,35.50,35.25,35.375,276400,13.169046
1996-01-17,35.375,36.00,35.375,35.625,339200,13.262113
1996-01-16,35.125,35.375,35.00,35.375,556000,13.169046
1996-01-15,34.75,35.00,34.75,34.875,105000,12.982911
1996-01-12,35.375,35.375,34.75,34.875,193400,12.982911
1996-01-11,35.125,35.125,34.50,35.125,243600,13.075978
1996-01-10,34.875,35.25,34.75,35.00,311900,13.029444
1996-01-09,35.00,35.375,34.75,35.125,220000,13.075978
1996-01-08,34.875,35.125,34.75,35.125,75500,13.075978
1996-01-05,34.375,35.125,34.375,35.125,513900,13.075978
1996-01-04,35.00,35.375,34.50,34.625,551500,12.889843
1996-01-03,34.875,35.25,34.875,35.125,145500,13.075978
1996-01-02,34.375,35.00,34.25,34.875,419600,12.982911
1995-12-29,34.125,34.625,33.625,34.50,266500,12.843309
1995-12-28,34.625,34.875,34.00,34.00,133100,12.657175
1995-12-27,34.50,34.625,34.50,34.625,111900,12.889843
1995-12-26,34.50,34.625,34.375,34.50,172900,12.843309
1995-12-22,34.375,34.625,34.375,34.50,82200,12.843309
1995-12-21,34.375,34.50,34.25,34.375,306400,12.796776
1995-12-20,34.50,34.50,34.00,34.25,133300,12.750242
1995-12-19,34.25,34.50,34.125,34.50,335500,12.843309
1995-12-18,34.00,34.375,33.875,34.375,309600,12.796776
1995-12-15,34.125,34.375,34.00,34.125,624600,12.703708
1995-12-14,33.875,34.375,33.75,34.00,768800,12.657175
1995-12-13,33.625,33.75,33.375,33.625,489400,12.517573
1995-12-12,34.00,34.125,33.875,34.125,2331600,12.511989
1995-12-11,33.75,34.25,33.75,34.00,562400,12.466157
1995-12-08,33.875,34.125,33.75,34.00,205500,12.466157
1995-12-07,33.75,33.75,33.50,33.625,175400,12.328663
1995-12-06,33.75,34.375,33.75,34.25,762300,12.55782
1995-12-05,33.25,33.875,33.25,33.625,235100,12.328663
1995-12-04,33.00,33.375,33.00,33.25,177300,12.191168
1995-12-01,32.75,33.00,32.75,32.875,184600,12.053674
1995-11-30,33.125,33.125,32.625,32.625,325500,11.962011
1995-11-29,33.00,33.125,33.00,33.125,211200,12.145337
1995-11-28,32.75,32.875,32.625,32.875,234500,12.053674
1995-11-27,32.625,32.75,32.50,32.625,497200,11.962011
1995-11-24,32.375,32.625,32.375,32.625,51700,11.962011
1995-11-22,32.625,32.75,32.375,32.625,87600,11.962011
1995-11-21,32.625,32.75,32.625,32.625,207300,11.962011
1995-11-20,32.875,32.875,32.50,32.75,126000,12.007843
1995-11-17,32.875,32.875,32.75,32.875,282800,12.053674
1995-11-16,33.00,33.00,32.50,32.75,390400,12.007843
1995-11-15,32.75,32.875,32.625,32.875,245300,12.053674
1995-11-14,33.00,33.00,32.625,32.875,183500,12.053674
1995-11-13,33.25,33.25,32.875,33.00,690100,12.099506
1995-11-10,33.375,33.50,33.00,33.25,326300,12.191168
1995-11-09,33.625,33.75,33.125,33.625,155700,12.328663
1995-11-08,33.375,33.625,33.25,33.625,276800,12.328663
1995-11-07,33.625,33.625,33.125,33.25,232200,12.191168
1995-11-06,33.75,33.75,33.50,33.50,295000,12.282831
1995-11-03,34.125,34.25,33.75,34.00,246000,12.466157
1995-11-02,34.00,34.25,34.00,34.125,109500,12.511989
1995-11-01,33.75,34.125,33.75,34.00,168400,12.466157
1995-10-31,34.00,34.125,33.75,33.75,151700,12.374494
1995-10-30,33.75,34.00,33.75,34.00,254400,12.466157
1995-10-27,34.00,34.00,33.25,33.75,222000,12.374494
1995-10-26,34.125,34.25,33.75,34.00,206200,12.466157
1995-10-25,34.00,34.25,33.875,34.25,117200,12.55782
1995-10-24,33.875,34.00,33.625,34.00,228700,12.466157
1995-10-23,33.625,34.00,33.625,33.875,168400,12.420326
1995-10-20,33.50,33.875,33.375,33.75,306000,12.374494
1995-10-19,33.125,33.50,33.125,33.50,282900,12.282831
1995-10-18,33.00,33.25,32.75,33.125,197800,12.145337
1995-10-17,32.875,33.00,32.625,32.875,132800,12.053674
1995-10-16,32.625,32.75,32.25,32.625,145600,11.962011
1995-10-13,32.875,33.00,32.50,32.75,688700,12.007843
1995-10-12,32.875,32.875,32.625,32.75,107300,12.007843
1995-10-11,33.00,33.00,32.625,32.875,185600,12.053674
1995-10-10,32.50,33.00,32.50,32.875,396900,12.053674
1995-10-09,32.625,32.625,32.125,32.625,186200,11.962011
1995-10-06,32.875,32.875,32.375,32.75,890300,12.007843
1995-10-05,32.875,33.00,32.75,32.875,1323000,12.053674
1995-10-04,32.375,32.875,32.375,32.875,167700,12.053674
1995-10-03,32.125,32.625,32.125,32.50,218800,11.91618
1995-10-02,32.125,32.25,32.00,32.125,107900,11.778685
1995-09-29,32.375,32.625,32.00,32.25,262800,11.824517
1995-09-28,31.50,32.50,31.50,32.25,422500,11.824517
1995-09-27,31.375,31.625,31.125,31.625,518700,11.59536
1995-09-26,30.75,31.375,30.75,31.375,296400,11.503697
1995-09-25,30.625,30.75,30.50,30.625,84600,11.228708
1995-09-22,30.375,30.75,30.25,30.625,156900,11.228708
1995-09-21,30.625,30.75,30.50,30.625,100000,11.228708
1995-09-20,30.375,30.625,30.25,30.625,818800,11.228708
1995-09-19,30.50,30.50,30.25,30.375,835200,11.137045
1995-09-18,30.875,31.00,30.75,31.00,1090000,11.177377
1995-09-15,31.125,31.125,30.875,31.00,310400,11.177377
1995-09-14,30.875,31.125,30.75,31.125,262900,11.222447
1995-09-13,30.75,30.875,30.75,30.75,568700,11.087236
1995-09-12,30.625,30.875,30.50,30.875,97600,11.132307
1995-09-11,30.50,30.625,30.25,30.50,171600,10.997096
1995-09-08,30.50,30.50,30.25,30.50,370700,10.997096
1995-09-07,30.75,30.75,30.375,30.50,134700,10.997096
1995-09-06,30.875,31.00,30.625,30.75,340300,11.087236
1995-09-05,30.875,31.00,30.75,30.875,123300,11.132307
1995-09-01,30.75,30.8125,30.625,30.75,120700,11.087236
1995-08-31,30.625,30.875,30.625,30.75,105900,11.087236
1995-08-30,30.625,30.75,30.50,30.75,326600,11.087236
1995-08-29,30.625,30.625,30.375,30.625,101200,11.042166
1995-08-28,30.50,30.625,30.50,30.625,242800,11.042166
1995-08-25,30.25,30.75,30.25,30.50,118200,10.997096
1995-08-24,30.00,30.50,29.75,30.25,251300,10.906956
1995-08-23,30.375,30.375,30.00,30.00,194800,10.816816
1995-08-22,30.375,30.375,30.25,30.25,570100,10.906956
1995-08-21,30.00,30.375,29.875,30.375,105200,10.952026
1995-08-18,30.00,30.00,29.875,30.00,109100,10.816816
1995-08-17,30.125,30.125,29.75,29.875,89200,10.771746
1995-08-16,29.625,30.125,29.625,30.125,234000,10.861886
1995-08-15,29.75,29.875,29.50,29.75,249100,10.726676
1995-08-14,29.50,29.625,29.375,29.625,200200,10.681606
1995-08-11,29.375,29.50,29.25,29.50,109500,10.636536
1995-08-10,29.50,29.50,29.375,29.375,148900,10.591466
1995-08-09,29.375,29.50,29.375,29.375,91700,10.591466
1995-08-08,29.50,29.50,29.375,29.375,45600,10.591466
1995-08-07,29.375,29.50,29.25,29.375,47600,10.591466
1995-08-04,29.125,29.25,28.875,29.25,180600,10.546396
1995-08-03,28.875,29.125,28.75,29.125,71200,10.501326
1995-08-02,29.50,29.50,29.125,29.125,142900,10.501326
1995-08-01,29.50,29.50,29.25,29.375,30800,10.591466
1995-07-31,29.50,29.50,29.25,29.50,839000,10.636536
1995-07-28,29.625,29.625,29.375,29.50,164200,10.636536
1995-07-27,29.25,29.625,29.125,29.625,338300,10.681606
1995-07-26,29.25,29.25,29.00,29.125,103600,10.501326
1995-07-25,28.875,29.375,28.75,29.25,333600,10.546396
1995-07-24,28.875,29.00,28.75,28.875,288000,10.411185
1995-07-21,28.875,28.875,28.75,28.75,114800,10.366115
1995-07-20,28.75,29.125,28.75,28.875,313300,10.411185
1995-07-19,29.00,29.00,28.25,28.875,357200,10.411185
1995-07-18,29.375,29.375,28.875,29.125,142300,10.501326
1995-07-17,29.125,29.375,29.125,29.375,195600,10.591466
1995-07-14,29.00,29.125,28.875,29.125,126200,10.501326
1995-07-13,29.25,29.375,29.00,29.125,166300,10.501326
1995-07-12,29.125,29.375,29.00,29.25,742400,10.546396
1995-07-11,29.50,29.50,29.00,29.375,201000,10.591466
1995-07-10,29.375,29.50,29.25,29.50,109400,10.636536
1995-07-07,29.50,29.625,29.25,29.375,108400,10.591466
1995-07-06,29.25,29.75,29.00,29.75,245800,10.726676
1995-07-05,29.25,29.625,29.125,29.25,115800,10.546396
1995-07-03,29.375,29.50,29.25,29.50,34100,10.636536
1995-06-30,29.625,29.75,29.25,29.50,169800,10.636536
1995-06-29,29.875,29.875,29.50,29.50,114100,10.636536
1995-06-28,29.625,29.875,29.50,29.875,100600,10.771746
1995-06-27,29.375,29.75,29.25,29.50,185100,10.636536
1995-06-26,29.875,29.875,29.375,29.375,95900,10.591466
1995-06-23,29.875,29.875,29.50,29.875,162400,10.771746
1995-06-22,29.50,30.00,29.50,30.00,362500,10.816816
1995-06-21,28.875,29.25,28.50,29.25,296500,10.546396
1995-06-20,29.00,29.00,28.75,28.75,723600,10.366115
1995-06-19,28.875,29.00,28.625,28.875,533300,10.411185
1995-06-16,29.75,29.75,29.375,29.50,1352500,10.450848
1995-06-15,29.875,29.875,29.625,29.75,241700,10.539414
1995-06-14,30.125,30.125,29.875,30.00,159000,10.627981
1995-06-13,29.625,30.25,29.625,30.25,482600,10.716547
1995-06-12,29.375,30.00,29.375,29.50,119900,10.450848
1995-06-09,29.625,29.625,29.125,29.375,167200,10.406564
1995-06-08,29.875,30.00,29.625,29.75,110200,10.539414
1995-06-07,30.375,30.375,29.875,30.00,108600,10.627981
1995-06-06,30.75,30.75,30.375,30.50,122500,10.805114
1995-06-05,30.50,30.875,30.50,30.875,154000,10.937963
1995-06-02,30.25,30.75,30.25,30.50,164400,10.805114
1995-06-01,29.875,30.125,29.75,30.125,161000,10.672264
1995-05-31,29.875,30.125,29.625,30.00,215600,10.627981
1995-05-30,29.125,29.875,29.125,29.875,149300,10.583697
1995-05-26,29.50,29.50,29.00,29.00,442900,10.273715
1995-05-25,28.625,29.50,28.625,29.50,631100,10.450848
1995-05-24,28.875,29.125,28.375,28.50,147800,10.096582
1995-05-23,28.625,28.875,28.375,28.875,193400,10.229431
1995-05-22,28.375,28.75,28.25,28.625,216300,10.140865
1995-05-19,28.125,28.375,28.125,28.25,137200,10.008015
1995-05-18,28.875,29.00,28.25,28.25,104600,10.008015
1995-05-17,29.125,29.25,28.75,28.875,190200,10.229431
1995-05-16,29.125,29.25,28.875,29.25,124800,10.362281
1995-05-15,29.125,29.25,28.875,29.00,112700,10.273715
1995-05-12,29.00,29.125,28.625,29.125,195600,10.317998
1995-05-11,28.875,29.125,28.75,29.125,208900,10.317998
1995-05-10,29.25,29.25,28.625,28.75,158800,10.185148
1995-05-09,28.625,29.25,28.50,29.25,278900,10.362281
1995-05-08,28.50,28.50,28.375,28.50,84300,10.096582
1995-05-05,28.25,28.625,28.125,28.50,98500,10.096582
1995-05-04,28.375,28.625,28.00,28.00,156500,9.919448
1995-05-03,28.125,28.25,28.125,28.25,131800,10.008015
1995-05-02,28.25,28.25,27.75,28.00,183000,9.919448
1995-05-01,28.375,28.50,28.25,28.25,225000,10.008015
1995-04-28,28.125,28.25,28.00,28.25,78400,10.008015
1995-04-27,28.25,28.375,28.125,28.125,60500,9.963732
1995-04-26,28.375,28.375,28.25,28.25,194200,10.008015
1995-04-25,28.25,28.375,28.125,28.375,103400,10.052298
1995-04-24,27.875,28.375,27.75,28.25,179300,10.008015
1995-04-21,28.375,28.375,27.75,27.75,200700,9.830882
1995-04-20,28.375,28.375,28.125,28.125,70700,9.963732
1995-04-19,27.875,28.25,27.75,28.25,101100,10.008015
1995-04-18,28.00,28.00,27.75,28.00,136400,9.919448
1995-04-17,28.125,28.25,27.875,27.875,455500,9.875165
1995-04-13,28.00,28.375,27.875,28.00,150000,9.919448
1995-04-12,28.125,28.25,27.875,27.875,99700,9.875165
1995-04-11,28.625,28.625,28.125,28.125,167600,9.963732
1995-04-10,28.50,28.75,28.375,28.625,92200,10.140865
1995-04-07,28.50,28.75,28.125,28.625,126700,10.140865
1995-04-06,28.625,28.875,28.25,28.375,160200,10.052298
1995-04-05,27.875,28.75,27.75,28.625,211000,10.140865
1995-04-04,27.50,28.125,27.50,27.875,266500,9.875165
1995-04-03,27.25,27.625,27.125,27.50,376900,9.742315
1995-03-31,27.625,27.625,27.25,27.375,158800,9.698032
1995-03-30,27.50,27.625,27.25,27.625,190000,9.786599
1995-03-29,27.25,27.75,27.25,27.25,160500,9.653749
1995-03-28,27.50,27.50,27.25,27.25,101400,9.653749
1995-03-27,27.625,27.625,27.25,27.375,95800,9.698032
1995-03-24,27.25,27.875,27.25,27.375,391400,9.698032
1995-03-23,26.875,27.25,26.625,27.25,201600,9.653749
1995-03-22,26.75,26.875,26.50,26.75,180100,9.476616
1995-03-21,26.625,26.875,26.50,26.625,165600,9.432333
1995-03-20,27.00,27.125,26.75,27.00,112800,9.565182
1995-03-17,27.25,27.25,26.75,27.125,1506000,9.609466
1995-03-16,27.125,27.50,27.125,27.25,692000,9.653749
1995-03-15,28.00,28.125,27.75,27.875,228300,9.692718
1995-03-14,28.125,28.25,28.125,28.125,136500,9.779648
1995-03-13,28.25,28.25,27.875,28.125,73900,9.779648
1995-03-10,27.875,28.25,27.75,28.25,130100,9.823113
1995-03-09,27.625,27.875,27.625,27.75,116400,9.649253
1995-03-08,27.875,28.00,27.625,27.625,286300,9.605788
1995-03-07,27.625,27.875,27.50,27.75,574100,9.649253
1995-03-06,27.875,28.00,27.625,27.625,198700,9.605788
1995-03-03,28.00,28.00,27.875,28.00,263000,9.736183
1995-03-02,28.375,28.625,28.00,28.00,419600,9.736183
1995-03-01,28.50,28.625,28.375,28.375,663700,9.866579
1995-02-28,28.625,28.75,28.50,28.625,116600,9.953509
1995-02-27,28.75,28.75,28.375,28.625,228200,9.953509
1995-02-24,29.125,29.125,28.625,28.625,164200,9.953509
1995-02-23,29.375,29.625,29.00,29.00,779200,10.083904
1995-02-22,29.25,29.375,29.125,29.375,134500,10.214299
1995-02-21,29.125,29.375,29.125,29.125,304900,10.127369
1995-02-17,29.125,29.25,29.00,29.125,224800,10.127369
1995-02-16,29.25,29.25,29.00,29.125,188600,10.127369
1995-02-15,28.875,29.125,28.75,29.125,242200,10.127369
1995-02-14,28.375,28.875,28.375,28.875,245900,10.040439
1995-02-13,28.25,28.375,28.125,28.25,154600,9.823113
1995-02-10,28.375,28.375,28.00,28.25,206600,9.823113
1995-02-09,28.875,29.00,28.125,28.375,364400,9.866579
1995-02-08,29.00,29.125,28.875,28.875,226200,10.040439
1995-02-07,28.875,28.875,28.625,28.875,258000,10.040439
1995-02-06,28.75,28.75,28.625,28.625,140800,9.953509
1995-02-03,28.375,29.00,28.375,28.75,511400,9.996974
1995-02-02,27.875,28.00,27.75,28.00,665600,9.736183
1995-02-01,28.25,28.25,27.75,27.75,700000,9.649253
1995-01-31,27.875,28.25,27.75,28.00,233700,9.736183
1995-01-30,27.625,27.75,27.50,27.625,427300,9.605788
1995-01-27,27.75,27.75,27.625,27.75,332900,9.649253
1995-01-26,27.875,28.00,27.625,27.75,456900,9.649253
1995-01-25,27.875,28.00,27.75,27.875,95400,9.692718
1995-01-24,27.625,27.875,27.50,27.75,191700,9.649253
1995-01-23,27.125,27.75,27.00,27.625,177100,9.605788
1995-01-20,27.125,27.25,26.875,27.25,211500,9.475393
1995-01-19,27.00,27.25,27.00,27.00,127000,9.388462
1995-01-18,27.125,27.25,27.00,27.125,255000,9.431928
1995-01-17,27.375,27.375,27.25,27.25,202800,9.475393
1995-01-16,27.125,27.625,27.00,27.375,218800,9.518858
1995-01-13,26.875,27.125,26.875,26.875,107200,9.344997
1995-01-12,26.625,26.75,26.625,26.75,99400,9.301532
1995-01-11,27.00,27.00,26.50,26.625,333300,9.258067
1995-01-10,26.625,27.125,26.50,26.75,666100,9.301532
1995-01-09,26.75,26.75,26.50,26.50,88800,9.214602
1995-01-06,26.375,26.75,26.25,26.75,173600,9.301532
1995-01-05,26.25,26.375,26.125,26.25,74800,9.127672
1995-01-04,26.125,26.50,26.125,26.375,248400,9.171137
1995-01-03,26.125,26.25,25.75,26.125,297900,9.084207
1994-12-30,26.25,26.375,26.00,26.125,141500,9.084207
1994-12-29,26.50,26.50,26.25,26.25,79600,9.127672
1994-12-28,26.50,26.625,26.375,26.50,167300,9.214602
1994-12-27,26.625,26.625,26.375,26.50,96600,9.214602
1994-12-23,26.625,26.625,26.375,26.50,594000,9.214602
1994-12-22,26.50,26.625,26.375,26.50,197300,9.214602
1994-12-21,26.375,26.50,26.25,26.375,750500,9.171137
1994-12-20,26.125,26.375,26.00,26.25,185600,9.127672
1994-12-19,26.50,26.50,26.00,26.25,3041100,9.127672
1994-12-16,26.875,26.875,26.375,26.50,619500,9.214602
1994-12-15,26.75,27.00,26.75,26.75,684100,9.301532
1994-12-14,27.00,27.00,26.75,26.75,919700,9.301532
1994-12-13,26.625,27.25,26.625,26.875,713600,9.344997
1994-12-12,27.00,27.50,27.00,27.375,1764400,9.339782
1994-12-09,26.75,27.00,26.50,27.00,732100,9.21184
1994-12-08,26.875,27.25,26.625,26.75,436400,9.126545
1994-12-07,27.25,27.375,26.875,26.875,121200,9.169192
1994-12-06,27.25,27.50,27.125,27.375,243200,9.339782
1994-12-05,26.75,27.375,26.75,27.25,174700,9.297135
1994-12-02,26.25,26.875,26.25,26.875,120700,9.169192
1994-12-01,26.50,26.50,26.25,26.25,111900,8.955955
1994-11-30,27.00,27.00,26.625,26.75,151100,9.126545
1994-11-29,26.875,27.125,26.625,27.00,313200,9.21184
1994-11-28,26.25,26.875,26.00,26.875,397200,9.169192
1994-11-25,26.50,26.625,26.25,26.375,99800,8.998603
1994-11-23,25.50,26.50,25.375,26.50,400100,9.04125
1994-11-22,25.50,26.00,25.375,25.75,266600,8.785366
1994-11-21,25.875,26.125,25.625,25.625,85800,8.742718
1994-11-18,25.75,26.00,25.625,25.875,565200,8.828013
1994-11-17,26.125,26.125,25.625,25.625,87900,8.742718
1994-11-16,25.875,26.125,25.875,26.125,116800,8.913308
1994-11-15,25.875,26.125,25.875,25.875,109900,8.828013
1994-11-14,26.125,26.125,26.00,26.125,100600,8.913308
1994-11-11,26.125,26.25,26.00,26.00,960400,8.870661
1994-11-10,26.00,26.25,25.75,26.25,1290500,8.955955
1994-11-09,26.25,26.375,25.625,25.875,122400,8.828013
1994-11-08,26.00,26.25,25.875,26.25,308500,8.955955
1994-11-07,25.75,26.125,25.625,26.00,102200,8.870661
1994-11-04,26.375,26.375,25.875,26.00,163900,8.870661
1994-11-03,25.875,26.50,25.875,26.375,595100,8.998603
1994-11-02,25.875,26.125,25.75,25.875,149200,8.828013
1994-11-01,26.125,26.25,25.625,25.875,157300,8.828013
1994-10-31,26.375,26.50,26.25,26.375,299000,8.998603
1994-10-28,25.875,26.50,25.875,26.375,287000,8.998603
1994-10-27,25.75,25.875,25.50,25.875,232600,8.828013
1994-10-26,25.625,25.75,25.375,25.50,76300,8.700071
1994-10-25,25.125,25.50,25.00,25.375,434100,8.657424
1994-10-24,25.625,25.75,25.00,25.125,226700,8.572129
1994-10-21,25.625,25.75,25.50,25.75,132800,8.785366
1994-10-20,26.00,26.125,25.375,25.625,182600,8.742718
1994-10-19,26.125,26.125,25.75,25.875,109600,8.828013
1994-10-18,26.25,26.375,26.00,26.125,310300,8.913308
1994-10-17,26.25,26.625,26.00,26.125,185400,8.913308
1994-10-14,26.125,26.375,26.00,26.375,98300,8.998603
1994-10-13,26.00,26.125,25.875,26.125,116600,8.913308
1994-10-12,25.75,25.875,25.625,25.75,172000,8.785366
1994-10-11,25.50,25.875,25.375,25.875,181300,8.828013
1994-10-10,25.25,25.50,25.125,25.25,123500,8.614776
1994-10-07,25.00,25.25,24.875,25.125,147200,8.572129
1994-10-06,24.875,25.125,24.75,25.00,108300,8.529481
1994-10-05,24.875,25.00,24.75,24.875,141600,8.486834
1994-10-04,25.25,25.375,25.00,25.00,180400,8.529481
1994-10-03,25.375,25.375,25.125,25.375,128300,8.657424
1994-09-30,25.50,25.50,25.25,25.50,130200,8.700071
1994-09-29,24.875,25.25,24.875,25.25,173100,8.614776
1994-09-28,24.875,25.125,24.875,25.00,429200,8.529481
1994-09-27,25.00,25.125,24.875,24.875,158100,8.486834
1994-09-26,24.75,25.00,24.75,25.00,74900,8.529481
1994-09-23,24.75,25.00,24.75,24.875,163700,8.486834
1994-09-22,24.75,25.125,24.75,24.875,293900,8.486834
1994-09-21,24.50,24.625,24.25,24.50,232500,8.358892
1994-09-20,24.75,24.75,24.50,24.50,191100,8.358892
1994-09-19,24.75,25.00,24.625,24.875,160500,8.486834
1994-09-16,24.75,24.875,24.50,24.50,1167200,8.358892
1994-09-15,25.00,25.00,24.75,25.00,583200,8.529481
1994-09-14,26.00,26.00,25.375,25.50,4096900,8.524363
1994-09-13,25.75,26.00,25.625,25.875,462500,8.649721
1994-09-12,25.875,26.00,25.75,25.75,183100,8.607935
1994-09-09,26.00,26.125,25.875,26.00,378200,8.691507
1994-09-08,25.875,26.375,25.875,26.25,282200,8.77508
1994-09-07,26.125,26.125,25.875,26.00,225400,8.691507
1994-09-06,26.375,26.50,26.00,26.25,205500,8.77508
1994-09-02,26.75,27.00,26.50,26.625,145700,8.900438
1994-09-01,27.125,27.125,26.625,26.75,174100,8.942224
1994-08-31,27.125,27.50,27.125,27.25,220100,9.109368
1994-08-30,27.375,27.375,27.25,27.25,64000,9.109368
1994-08-29,27.00,27.375,27.00,27.25,181100,9.109368
1994-08-26,27.00,27.375,26.875,27.125,252600,9.067582
1994-08-25,27.125,27.375,26.875,26.875,197900,8.98401
1994-08-24,27.125,27.25,26.875,27.00,78300,9.025796
1994-08-23,26.875,27.375,26.875,27.125,178500,9.067582
1994-08-22,26.75,27.00,26.75,26.75,73800,8.942224
1994-08-19,26.75,27.00,26.625,27.00,159700,9.025796
1994-08-18,26.625,26.75,26.50,26.50,117500,8.858652
1994-08-17,27.125,27.25,26.875,26.875,85100,8.98401
1994-08-16,26.625,27.25,26.50,27.25,163300,9.109368
1994-08-15,27.125,27.125,26.625,26.625,135800,8.900438
1994-08-12,26.625,27.25,26.50,27.125,157500,9.067582
1994-08-11,27.00,27.125,26.50,26.625,148600,8.900438
1994-08-10,27.00,27.125,26.625,27.00,140600,9.025796
1994-08-09,27.00,27.00,26.75,27.00,231100,9.025796
1994-08-08,26.625,27.125,26.50,27.125,226300,9.067582
1994-08-05,27.00,27.00,26.50,26.625,182300,8.900438
1994-08-04,26.75,27.125,26.75,27.125,274200,9.067582
1994-08-03,26.75,26.75,26.625,26.75,212000,8.942224
1994-08-02,26.875,27.00,26.625,26.875,124400,8.98401
1994-08-01,26.50,26.875,26.375,26.875,228400,8.98401
1994-07-29,26.125,26.625,26.00,26.375,142000,8.816866
1994-07-28,25.375,26.125,25.375,26.125,111800,8.733293
1994-07-27,25.50,25.625,25.25,25.375,209500,8.482577
1994-07-26,25.50,25.625,25.50,25.625,140100,8.566149
1994-07-25,25.625,25.625,25.50,25.625,96300,8.566149
1994-07-22,25.50,25.625,25.375,25.625,141100,8.566149
1994-07-21,25.25,25.375,25.125,25.375,148400,8.482577
1994-07-20,25.50,25.625,25.25,25.375,78400,8.482577
1994-07-19,25.50,25.625,25.375,25.50,100400,8.524363
1994-07-18,25.625,25.75,25.375,25.50,171900,8.524363
1994-07-15,25.50,25.875,25.50,25.875,176600,8.649721
1994-07-14,25.25,25.625,25.25,25.625,261700,8.566149
1994-07-13,25.125,25.25,25.00,25.125,98600,8.399005
1994-07-12,25.125,25.375,24.875,25.00,227400,8.357219
1994-07-11,25.25,25.50,25.125,25.125,288700,8.399005
1994-07-08,25.00,25.375,25.00,25.375,137800,8.482577
1994-07-07,24.875,25.25,24.875,25.25,121700,8.440791
1994-07-06,24.75,25.125,24.75,24.875,160300,8.315433
1994-07-05,24.75,24.875,24.625,24.75,157600,8.273646
1994-07-01,24.875,24.875,24.625,24.625,66600,8.23186
1994-06-30,24.875,25.00,24.50,24.75,202100,8.273646
1994-06-29,24.75,25.125,24.625,24.875,417200,8.315433
1994-06-28,25.125,25.25,24.75,24.75,302500,8.273646
1994-06-27,24.75,25.125,24.50,25.00,164500,8.357219
1994-06-24,25.00,25.25,24.75,24.75,116900,8.273646
1994-06-23,25.125,25.625,25.125,25.25,141600,8.440791
1994-06-22,24.875,25.00,24.75,25.00,305400,8.357219
1994-06-21,25.00,25.125,24.50,24.75,212800,8.273646
1994-06-20,25.25,25.375,25.00,25.25,190500,8.440791
1994-06-17,26.00,26.00,25.50,25.50,308900,8.524363
1994-06-16,26.00,26.125,25.75,25.875,857500,8.649721
1994-06-15,26.00,26.125,26.00,26.00,1223300,8.691507
1994-06-14,26.625,26.75,26.50,26.75,289800,8.770065
1994-06-13,26.50,26.625,26.375,26.625,331900,8.729084
1994-06-10,26.625,26.625,26.375,26.50,334700,8.688102
1994-06-09,26.50,26.625,26.50,26.625,78400,8.729084
1994-06-08,26.50,26.625,26.375,26.50,194800,8.688102
1994-06-07,26.50,26.50,26.25,26.375,608600,8.64712
1994-06-06,26.50,26.625,26.375,26.375,121600,8.64712
1994-06-03,26.375,26.50,26.25,26.50,157800,8.688102
1994-06-02,26.25,26.375,26.125,26.375,270000,8.64712
1994-06-01,25.75,26.25,25.625,26.25,338100,8.606139
1994-05-31,25.875,25.875,25.00,25.75,85700,8.442212
1994-05-27,25.875,26.00,25.75,26.00,110500,8.524176
1994-05-26,25.50,26.125,25.375,26.00,342500,8.524176
1994-05-25,25.00,25.375,24.875,25.25,170300,8.278286
1994-05-24,25.00,25.125,24.625,24.875,430200,8.155341
1994-05-23,25.25,25.375,24.875,24.875,145100,8.155341
1994-05-20,25.25,25.375,25.00,25.125,175500,8.237304
1994-05-19,25.25,25.50,25.125,25.25,109900,8.278286
1994-05-18,25.25,25.25,24.75,25.25,272600,8.278286
1994-05-17,24.25,25.125,24.25,25.00,206400,8.196323
1994-05-16,24.50,24.75,24.25,24.375,285200,7.991415
1994-05-13,24.625,24.75,24.375,24.75,151700,8.114359
1994-05-12,24.875,25.00,24.50,24.75,245000,8.114359
1994-05-11,25.25,25.375,24.75,24.875,367000,8.155341
1994-05-10,25.50,25.625,24.75,25.375,431700,8.319267
1994-05-09,25.625,25.75,24.875,25.125,374000,8.237304
1994-05-06,26.125,26.125,25.75,25.75,198600,8.442212
1994-05-05,26.50,26.50,26.25,26.375,112000,8.64712
1994-05-04,26.875,26.875,26.25,26.375,154100,8.64712
1994-05-03,26.75,26.875,26.50,26.875,253800,8.811047
1994-05-02,27.00,27.00,26.625,26.75,226600,8.770065
1994-04-29,26.25,27.00,26.25,27.00,617400,8.852028
1994-04-28,26.625,26.625,26.125,26.375,211600,8.64712
1994-04-26,26.75,26.75,26.25,26.625,199500,8.729084
1994-04-25,26.50,27.00,26.50,26.75,167300,8.770065
1994-04-22,27.00,27.125,26.50,26.50,393600,8.688102
1994-04-21,26.875,27.125,26.75,26.875,274100,8.811047
1994-04-20,26.125,27.00,26.125,26.75,286100,8.770065
1994-04-19,25.875,26.25,25.875,26.125,199100,8.565157
1994-04-18,26.00,26.125,25.75,25.875,169300,8.483194
1994-04-15,26.00,26.25,25.75,25.875,249300,8.483194
1994-04-14,25.75,26.25,25.75,26.125,145700,8.565157
1994-04-13,25.625,26.00,25.625,25.875,121200,8.483194
1994-04-12,25.875,25.875,25.50,25.625,464700,8.401231
1994-04-11,26.125,26.125,25.75,25.875,622900,8.483194
1994-04-08,26.25,26.25,25.50,26.125,421300,8.565157
1994-04-07,26.75,26.875,26.50,26.75,285900,8.770065
1994-04-06,27.00,27.00,26.625,26.75,438100,8.770065
1994-04-05,26.375,27.25,26.25,27.125,807600,8.89301
1994-04-04,26.25,26.75,26.125,26.25,173500,8.606139
1994-03-31,26.875,26.875,26.00,26.50,218800,8.688102
1994-03-30,27.00,27.125,26.75,26.75,175800,8.770065
1994-03-29,27.375,27.375,27.00,27.25,184100,8.933992
1994-03-28,27.25,27.50,27.00,27.50,434000,9.015955
1994-03-25,27.125,27.375,26.875,27.125,405800,8.89301
1994-03-24,27.75,27.75,27.00,27.125,331200,8.89301
1994-03-23,28.125,28.25,27.625,27.625,270100,9.056936
1994-03-22,27.625,28.125,27.50,28.00,353200,9.179881
1994-03-21,27.50,27.75,27.375,27.625,237700,9.056936
1994-03-18,27.75,28.00,27.75,27.75,1708100,9.097918
1994-03-17,27.75,28.00,27.625,27.75,1592300,9.097918
1994-03-16,28.00,28.125,27.50,28.00,454200,9.179881
1994-03-15,28.375,28.375,28.00,28.00,545200,9.179881
1994-03-14,29.00,29.25,28.875,29.00,1528000,9.33889
1994-03-11,28.50,29.125,28.375,29.00,189800,9.33889
1994-03-10,29.125,29.125,28.625,28.875,174800,9.298636
1994-03-09,28.875,29.375,28.75,29.125,352300,9.379144
1994-03-08,29.125,29.25,28.75,28.875,359000,9.298636
1994-03-07,29.00,29.25,29.00,29.00,647700,9.33889
1994-03-04,27.75,28.625,27.75,28.625,885500,9.218129
1994-03-03,28.125,28.125,27.75,27.75,313500,8.936352
1994-03-02,28.00,28.25,27.875,28.125,1222200,9.057113
1994-03-01,28.00,28.125,27.75,28.00,363400,9.016859
1994-02-28,28.125,28.625,28.125,28.125,848900,9.057113
1994-02-25,28.00,28.25,27.875,28.00,182000,9.016859
1994-02-24,28.125,28.25,27.875,27.875,634900,8.976606
1994-02-23,28.125,28.125,27.75,28.125,288900,9.057113
1994-02-22,27.875,28.50,27.625,28.00,341100,9.016859
1994-02-18,28.00,28.125,27.50,27.50,439600,8.855844
1994-02-17,28.625,28.625,28.125,28.25,386000,9.097367
1994-02-16,28.875,29.00,28.375,28.50,135000,9.177875
1994-02-15,28.625,29.00,28.625,28.875,114300,9.298636
1994-02-14,28.875,29.00,28.375,28.50,208300,9.177875
1994-02-11,28.50,29.00,28.375,29.00,150300,9.33889
1994-02-10,28.75,28.875,28.50,28.50,612400,9.177875
1994-02-09,28.625,28.875,28.50,28.875,189300,9.298636
1994-02-08,28.75,28.75,28.375,28.50,297100,9.177875
1994-02-07,28.75,28.875,28.625,28.75,436000,9.258382
1994-02-04,29.125,29.25,28.875,28.875,278500,9.298636
1994-02-03,29.25,29.375,29.125,29.25,200700,9.419398
1994-02-02,29.00,29.625,28.875,29.375,740400,9.459652
1994-02-01,29.75,29.75,29.125,29.25,355800,9.419398
1994-01-31,29.75,30.00,29.625,29.625,272300,9.540159
1994-01-28,30.125,30.25,29.75,29.75,746800,9.580413
1994-01-27,29.25,29.875,29.125,29.875,1099700,9.620667
1994-01-26,29.00,29.375,28.875,29.25,546300,9.419398
1994-01-25,28.50,28.875,28.25,28.625,733400,9.218129
1994-01-24,28.50,28.875,28.375,28.625,623800,9.218129
1994-01-21,29.25,29.25,28.00,28.625,629800,9.218129
1994-01-20,29.25,29.25,29.125,29.125,287600,9.379144
1994-01-19,29.50,29.50,29.00,29.125,291900,9.379144
1994-01-18,29.375,29.625,29.25,29.50,203300,9.499905
1994-01-17,29.125,29.375,28.875,29.375,249600,9.459652
1994-01-14,29.00,29.125,28.625,29.125,267300,9.379144
1994-01-13,29.375,29.375,28.75,28.875,286300,9.298636
1994-01-12,29.00,29.375,28.50,29.25,239100,9.419398
1994-01-11,29.25,29.375,28.75,29.00,429900,9.33889
1994-01-10,28.875,29.375,28.875,29.25,420400,9.419398
1994-01-07,29.00,29.25,28.375,28.875,552200,9.298636
1994-01-06,29.25,29.25,28.50,28.875,341700,9.298636
1994-01-05,29.625,29.625,29.125,29.25,373700,9.419398
1994-01-04,29.875,29.875,29.50,29.625,221200,9.540159
1994-01-03,30.00,30.125,29.50,29.875,344500,9.620667
1993-12-31,30.00,30.25,30.00,30.00,198500,9.660921
1993-12-30,30.00,30.125,29.875,30.125,285000,9.701175
1993-12-29,30.50,30.50,30.00,30.125,625400,9.701175
1993-12-28,30.00,30.75,30.00,30.375,947700,9.781682
1993-12-27,31.125,31.25,30.375,30.375,472400,9.781682
1993-12-23,31.375,31.375,31.00,31.00,194100,9.982951
1993-12-22,31.125,31.50,30.875,31.375,397800,10.103713
1993-12-21,31.125,31.25,30.875,31.00,324200,9.982951
1993-12-20,31.25,31.25,31.00,31.125,335300,10.023205
1993-12-17,31.375,31.375,31.125,31.25,490100,10.063459
1993-12-16,31.25,31.625,31.125,31.50,123000,10.143967
1993-12-15,30.875,31.50,30.75,31.125,212800,10.023205
1993-12-14,31.125,31.375,30.75,31.00,156600,9.982951
1993-12-13,31.00,31.25,30.75,31.25,410500,10.063459
1993-12-10,30.75,31.125,30.625,31.00,370100,9.982951
1993-12-09,32.00,32.25,31.75,31.875,403900,10.098882
1993-12-08,32.25,32.25,32.00,32.125,282700,10.178089
1993-12-07,32.00,32.50,32.00,32.375,864700,10.257296
1993-12-06,32.00,32.25,31.875,32.00,287600,10.138486
1993-12-03,31.875,32.00,31.75,32.00,115500,10.138486
1993-12-02,31.625,32.00,31.625,32.00,82400,10.138486
1993-12-01,32.00,32.25,31.50,31.50,259600,9.980072
1993-11-30,32.375,32.375,32.125,32.25,118700,10.217693
1993-11-29,32.50,32.75,32.50,32.50,165100,10.2969
1993-11-26,32.25,32.25,32.00,32.25,21600,10.217693
1993-11-24,32.125,32.375,32.00,32.125,108600,10.178089
1993-11-23,31.875,32.25,31.75,31.875,132500,10.098882
1993-11-22,31.50,31.875,31.25,31.75,194700,10.059279
1993-11-19,31.50,31.50,31.125,31.25,138800,9.900865
1993-11-18,31.50,31.75,31.50,31.50,134600,9.980072
1993-11-17,32.125,32.125,31.375,31.50,245900,9.980072
1993-11-16,31.125,32.00,31.00,32.00,309600,10.138486
1993-11-15,31.125,31.25,30.75,30.875,247900,9.782055
1993-11-12,31.00,31.125,30.75,31.00,381500,9.821658
1993-11-11,30.875,31.00,30.75,30.75,223200,9.742451
1993-11-10,30.625,30.625,30.375,30.625,434900,9.702848
1993-11-09,31.125,31.125,30.50,30.625,390700,9.702848
1993-11-08,30.75,31.00,30.625,30.75,304100,9.742451
1993-11-05,31.25,31.50,30.50,30.75,527700,9.742451
1993-11-04,31.75,31.75,30.875,31.375,477900,9.940469
1993-11-03,32.25,32.375,31.50,31.75,573100,10.059279
1993-11-02,33.00,33.125,32.50,32.75,267900,10.376107
1993-11-01,33.50,33.625,33.00,33.00,359000,10.455314
1993-10-29,33.625,33.625,33.50,33.625,141600,10.653331
1993-10-28,33.625,33.625,33.375,33.625,537300,10.653331
1993-10-27,33.75,33.75,33.50,33.625,87500,10.653331
1993-10-26,33.75,33.875,33.75,33.75,163700,10.692934
1993-10-25,34.25,34.25,33.75,33.875,308700,10.732538
1993-10-22,33.375,34.75,33.375,34.375,575200,10.890952
1993-10-21,33.75,33.75,33.375,33.375,225500,10.574124
1993-10-20,33.375,33.875,33.375,33.625,118000,10.653331
1993-10-19,33.375,33.50,33.375,33.50,249100,10.613727
1993-10-18,33.625,33.625,33.375,33.375,150700,10.574124
1993-10-15,33.875,34.00,33.625,33.75,407200,10.692934
1993-10-14,33.25,33.75,33.25,33.625,187300,10.653331
1993-10-13,33.25,33.375,33.00,33.25,192100,10.534521
1993-10-12,33.625,33.625,33.125,33.25,268500,10.534521
1993-10-11,33.375,33.625,33.375,33.625,102400,10.653331
1993-10-08,33.25,33.50,33.25,33.375,254600,10.574124
1993-10-07,33.375,33.50,33.00,33.25,171700,10.534521
1993-10-06,33.50,33.75,33.50,33.50,200300,10.613727
1993-10-05,33.875,33.875,33.50,33.50,148600,10.613727
1993-10-04,34.125,34.25,33.75,33.875,124200,10.732538
1993-10-01,34.25,34.375,34.125,34.25,105700,10.851348
1993-09-30,34.125,34.375,34.125,34.375,139800,10.890952
1993-09-29,34.125,34.25,34.00,34.125,409900,10.811745
1993-09-28,34.375,34.50,34.125,34.125,130000,10.811745
1993-09-27,34.00,34.375,33.875,34.375,382000,10.890952
1993-09-24,34.125,34.25,33.75,33.75,469400,10.692934
1993-09-23,34.375,34.50,34.25,34.25,246500,10.851348
1993-09-22,34.625,34.625,34.25,34.375,433000,10.890952
1993-09-21,34.75,34.75,34.375,34.625,760400,10.970159
1993-09-20,35.00,35.00,34.625,34.875,170400,11.049366
1993-09-17,34.75,35.00,34.75,34.875,486000,11.049366
1993-09-16,35.25,35.375,35.00,35.00,544600,11.088969
1993-09-15,35.125,35.375,35.125,35.25,488600,11.168176
1993-09-14,35.875,36.00,35.625,35.875,783600,11.203027
1993-09-13,35.625,35.875,35.375,35.875,253700,11.203027
1993-09-10,35.375,35.625,35.375,35.625,184100,11.124957
1993-09-09,35.50,35.625,35.375,35.375,227500,11.046887
1993-09-08,35.75,35.875,35.625,35.75,175000,11.163992
1993-09-07,35.50,35.875,35.50,35.75,245100,11.163992
1993-09-03,35.50,35.625,35.375,35.50,286800,11.085922
1993-09-02,35.625,35.625,35.375,35.375,106400,11.046887
1993-09-01,35.625,35.625,35.25,35.625,191600,11.124957
1993-08-31,35.75,35.75,35.625,35.75,271300,11.163992
1993-08-30,35.50,35.875,35.50,35.75,352900,11.163992
1993-08-27,35.25,35.50,35.25,35.375,247800,11.046887
1993-08-26,35.25,35.50,35.125,35.375,214300,11.046887
1993-08-25,35.125,35.625,35.00,35.50,304500,11.085922
1993-08-24,34.875,35.125,34.625,35.125,243200,10.968817
1993-08-23,34.75,34.875,34.625,34.875,60400,10.890747
1993-08-20,34.875,34.875,34.50,34.75,268600,10.851712
1993-08-19,34.875,35.00,34.375,34.625,613000,10.812677
1993-08-18,35.625,35.625,35.00,35.00,419400,10.929782
1993-08-17,35.75,35.875,35.50,35.625,134500,11.124957
1993-08-16,35.625,35.875,35.50,35.625,157400,11.124957
1993-08-13,35.375,35.625,35.25,35.625,121100,11.124957
1993-08-12,35.625,35.625,35.125,35.25,204400,11.007852
1993-08-11,35.625,35.75,35.50,35.50,265500,11.085922
1993-08-10,35.75,35.75,35.625,35.625,41800,11.124957
1993-08-09,35.625,35.75,35.375,35.50,225900,11.085922
1993-08-06,35.50,35.75,35.50,35.625,336600,11.124957
1993-08-05,35.25,35.50,35.25,35.50,135600,11.085922
1993-08-04,35.50,35.50,35.25,35.25,582600,11.007852
1993-08-03,35.375,35.625,35.375,35.375,132100,11.046887
1993-08-02,35.75,35.75,35.50,35.625,120800,11.124957
1993-07-30,35.75,35.75,35.50,35.75,134600,11.163992
1993-07-29,35.25,35.625,35.125,35.625,129500,11.124957
1993-07-28,35.125,35.25,35.00,35.125,150200,10.968817
1993-07-27,35.25,35.50,35.25,35.375,255400,11.046887
1993-07-26,35.25,35.375,35.25,35.375,224100,11.046887
1993-07-23,35.25,35.375,35.25,35.375,142600,11.046887
1993-07-22,35.25,35.50,35.25,35.375,142100,11.046887
1993-07-21,35.25,35.50,34.875,35.375,339100,11.046887
1993-07-20,35.50,35.625,35.25,35.375,127800,11.046887
1993-07-19,35.50,35.75,35.50,35.625,229600,11.124957
1993-07-16,35.125,35.375,35.00,35.25,232100,11.007852
1993-07-15,34.75,35.125,34.625,35.125,186200,10.968817
1993-07-14,34.875,35.125,34.75,34.875,236000,10.890747
1993-07-13,35.125,35.25,34.75,34.75,209200,10.851712
1993-07-12,35.00,35.25,35.00,35.25,233500,11.007852
1993-07-09,34.875,35.125,34.875,35.125,123600,10.968817
1993-07-08,34.50,34.875,34.50,34.875,121800,10.890747
1993-07-07,34.75,34.75,34.50,34.50,171400,10.773642
1993-07-06,34.625,34.75,34.625,34.625,185500,10.812677
1993-07-02,34.625,34.75,34.50,34.75,242900,10.851712
1993-07-01,34.875,34.875,34.50,34.625,370500,10.812677
1993-06-30,35.00,35.125,34.625,34.75,172800,10.851712
1993-06-29,35.125,35.25,34.875,35.125,134200,10.968817
1993-06-28,34.375,35.375,34.25,35.25,284400,11.007852
1993-06-25,34.50,34.50,34.25,34.375,119400,10.734608
1993-06-24,33.75,34.375,33.75,34.375,219500,10.734608
1993-06-23,33.875,34.00,33.625,33.625,181400,10.500398
1993-06-22,33.875,34.00,33.75,34.00,140700,10.617503
1993-06-21,33.50,33.75,33.375,33.75,174100,10.539433
1993-06-18,33.625,33.625,33.375,33.375,280000,10.422328
1993-06-17,33.50,33.625,33.375,33.625,142600,10.500398
1993-06-16,33.625,33.625,33.50,33.50,318200,10.461363
1993-06-15,33.625,33.75,33.50,33.625,91000,10.500398
1993-06-14,33.875,34.00,33.625,33.875,556300,10.578468
1993-06-11,33.75,34.00,33.625,33.875,544600,10.578468
1993-06-10,34.875,35.125,34.625,34.625,238400,10.651854
1993-06-09,35.00,35.125,34.75,35.00,237700,10.767217
1993-06-08,35.375,35.625,35.00,35.125,259200,10.805671
1993-06-07,35.125,35.25,35.00,35.25,214400,10.844126
1993-06-04,35.25,35.25,34.875,34.875,137400,10.728763
1993-06-03,35.375,35.375,35.00,35.00,125400,10.767217
1993-06-02,35.00,35.375,35.00,35.25,227300,10.844126
1993-06-01,34.625,35.50,34.50,35.25,409200,10.844126
1993-05-28,34.50,34.50,34.375,34.50,158200,10.6134
1993-05-27,34.75,34.75,34.50,34.625,96000,10.651854
1993-05-26,34.50,34.875,34.375,34.75,428600,10.690308
1993-05-25,34.25,34.625,34.25,34.50,227200,10.6134
1993-05-24,34.25,34.375,34.125,34.125,106000,10.498037
1993-05-21,34.125,34.375,34.00,34.25,234800,10.536491
1993-05-20,34.25,34.25,34.00,34.125,56600,10.498037
1993-05-19,33.625,34.25,33.375,34.25,276900,10.536491
1993-05-18,33.625,33.75,33.50,33.75,210600,10.382674
1993-05-17,33.625,33.625,33.125,33.375,193500,10.26731
1993-05-14,34.50,34.625,33.625,33.75,209800,10.382674
1993-05-13,34.75,34.75,34.125,34.25,238700,10.536491
1993-05-12,34.875,35.00,34.875,35.00,72000,10.767217
1993-05-11,35.125,35.25,34.75,35.00,96400,10.767217
1993-05-10,35.125,35.25,35.125,35.25,106300,10.844126
1993-05-07,35.25,35.375,35.125,35.25,241200,10.844126
1993-05-06,35.125,35.25,35.125,35.125,150800,10.805671
1993-05-05,35.125,35.375,35.125,35.125,266000,10.805671
1993-05-04,35.00,35.375,35.00,35.25,322400,10.844126
1993-05-03,35.00,35.125,34.875,35.125,143600,10.805671
1993-04-30,35.125,35.50,35.00,35.125,99200,10.805671
1993-04-29,35.125,35.125,35.00,35.125,171800,10.805671
1993-04-28,35.125,35.125,35.00,35.125,116400,10.805671
1993-04-27,34.75,35.125,34.75,35.00,203800,10.767217
1993-04-26,34.875,35.00,34.625,34.875,132300,10.728763
1993-04-23,34.875,35.125,34.75,34.875,293300,10.728763
1993-04-22,35.25,35.375,34.75,35.00,291900,10.767217
1993-04-21,35.625,35.75,35.125,35.25,270800,10.844126
1993-04-20,36.125,36.125,35.50,35.625,318700,10.959489
1993-04-19,36.375,36.375,35.75,35.875,221000,11.036397
1993-04-16,36.625,36.75,36.375,36.50,223100,11.228669
1993-04-15,36.00,36.375,35.875,36.375,312100,11.190215
1993-04-14,35.875,35.875,35.625,35.875,401500,11.036397
1993-04-13,35.25,35.75,35.25,35.625,402500,10.959489
1993-04-12,35.125,35.25,35.00,35.00,430900,10.767217
1993-04-08,34.75,35.125,34.75,35.00,379100,10.767217
1993-04-07,34.875,35.00,34.625,34.625,255500,10.651854
1993-04-06,34.50,34.75,34.375,34.75,240900,10.690308
1993-04-05,34.50,34.50,34.375,34.50,122300,10.6134
1993-04-02,34.875,34.875,34.50,34.50,521400,10.6134
1993-04-01,35.00,35.125,34.875,35.00,111300,10.767217
1993-03-31,35.125,35.25,35.00,35.125,117000,10.805671
1993-03-30,34.875,35.25,34.75,35.125,210200,10.805671
1993-03-29,34.625,34.875,34.50,34.875,144200,10.728763
1993-03-26,34.50,34.625,34.375,34.50,413200,10.6134
1993-03-25,34.625,34.875,34.50,34.75,129200,10.690308
1993-03-24,34.625,34.75,34.625,34.625,154100,10.651854
1993-03-23,34.625,34.75,34.50,34.75,242900,10.690308
1993-03-22,34.625,34.625,34.50,34.625,291100,10.651854
1993-03-19,35.00,35.00,34.75,34.75,389500,10.690308
1993-03-18,34.75,35.00,34.625,34.875,821600,10.728763
1993-03-17,34.75,34.75,34.50,34.75,239900,10.690308
1993-03-16,34.875,34.875,34.625,34.75,1021900,10.690308
1993-03-15,35.25,35.25,34.75,34.875,674500,10.728763
1993-03-12,35.50,35.625,35.00,35.25,432000,10.844126
1993-03-11,36.50,36.625,36.25,36.375,309400,11.031783
1993-03-10,36.75,36.875,36.375,36.625,392200,11.107603
1993-03-09,36.875,37.125,36.75,36.75,543400,11.145512
1993-03-08,36.625,37.00,36.50,36.875,608100,11.183422
1993-03-05,36.50,36.75,36.50,36.625,341500,11.107603
1993-03-04,36.625,36.875,36.50,36.75,418100,11.145512
1993-03-03,36.375,36.75,36.375,36.50,269000,11.069693
1993-03-02,35.875,36.50,35.75,36.375,220600,11.031783
1993-03-01,36.25,36.375,36.00,36.125,120900,10.955963
1993-02-26,36.125,36.375,35.875,36.375,137300,11.031783
1993-02-25,36.25,36.50,36.125,36.25,211400,10.993873
1993-02-24,36.375,36.625,36.25,36.50,167600,11.069693
1993-02-23,35.875,36.375,35.875,36.25,351300,10.993873
1993-02-22,35.375,35.875,35.125,35.75,800800,10.842233
1993-02-19,34.875,35.375,34.75,35.25,509000,10.690594
1993-02-18,35.25,35.25,34.75,34.875,396600,10.576864
1993-02-17,34.625,35.375,34.50,35.375,145700,10.728503
1993-02-16,34.50,34.75,34.375,34.50,217200,10.463134
1993-02-12,34.50,34.625,34.375,34.50,112700,10.463134
1993-02-11,34.625,34.75,34.50,34.75,141500,10.538954
1993-02-10,34.75,34.875,34.50,34.875,148600,10.576864
1993-02-09,35.00,35.00,34.375,34.625,298400,10.501044
1993-02-08,35.125,35.125,34.75,35.00,182400,10.614774
1993-02-05,35.375,35.375,34.875,35.125,142800,10.652684
1993-02-04,35.50,35.50,35.125,35.50,159700,10.766413
1993-02-03,34.75,35.25,34.625,35.25,146800,10.690594
1993-02-02,34.50,34.875,34.375,34.625,228200,10.501044
1993-02-01,34.00,34.50,34.00,34.50,142300,10.463134
1993-01-29,34.00,34.125,33.875,34.125,96400,10.349404
1993-01-28,34.125,34.125,33.875,33.875,98100,10.273585
1993-01-27,33.875,34.125,33.875,34.00,147500,10.311495
1993-01-26,33.875,34.125,33.875,34.00,151400,10.311495
1993-01-25,33.875,34.125,33.875,33.875,192200,10.273585
1993-01-22,33.875,34.00,33.625,34.00,117600,10.311495
1993-01-21,33.375,33.875,33.375,33.75,245100,10.235675
1993-01-20,33.25,33.50,33.25,33.375,138800,10.121945
1993-01-19,33.375,33.375,33.25,33.375,94700,10.121945
1993-01-18,33.375,33.375,33.25,33.375,85200,10.121945
1993-01-15,33.125,33.625,33.00,33.375,450900,10.121945
1993-01-14,32.875,33.00,32.75,33.00,148700,10.008215
1993-01-13,32.75,33.00,32.75,33.00,157300,10.008215
1993-01-12,32.625,32.75,32.625,32.75,206500,9.932395
1993-01-11,32.50,32.875,32.25,32.75,300300,9.932395
1993-01-08,32.50,32.50,32.00,32.375,128000,9.818666
1993-01-07,32.625,32.875,32.375,32.50,188100,9.856576
1993-01-06,32.50,32.75,32.50,32.75,160000,9.932395
1993-01-05,32.875,33.00,32.50,32.625,379800,9.894486
1993-01-04,33.00,33.00,32.75,32.875,150100,9.970305
1992-12-31,32.875,33.00,32.75,32.75,118000,9.932395
1992-12-30,33.00,33.00,32.625,32.875,77900,9.970305
1992-12-29,33.00,33.25,32.875,33.00,185800,10.008215
1992-12-28,33.125,33.125,32.875,33.00,43100,10.008215
1992-12-24,33.00,33.125,33.00,33.125,51000,10.046125
1992-12-23,33.00,33.25,32.875,33.00,232200,10.008215
1992-12-22,32.875,33.125,32.75,33.125,207600,10.046125
1992-12-21,32.75,32.875,32.625,32.875,103600,9.970305
1992-12-18,32.625,32.875,32.25,32.875,408500,9.970305
1992-12-17,32.375,32.375,32.25,32.375,92900,9.818666
1992-12-16,32.25,32.50,32.125,32.375,218500,9.818666
1992-12-15,32.00,32.25,31.875,32.25,320500,9.780756
1992-12-14,32.00,32.125,31.875,32.00,710100,9.704936
1992-12-11,32.125,32.125,31.625,32.125,792500,9.742846
1992-12-10,32.875,32.875,32.50,32.75,790600,9.782272
1992-12-09,33.00,33.00,32.75,32.875,240600,9.819609
1992-12-08,32.50,32.875,32.50,32.875,223200,9.819609
1992-12-07,32.625,32.75,32.50,32.625,499900,9.744935
1992-12-04,32.625,32.75,32.50,32.75,169400,9.782272
1992-12-03,32.625,32.875,32.625,32.75,263700,9.782272
1992-12-02,32.75,33.125,32.625,32.75,252100,9.782272
1992-12-01,32.625,33.00,32.50,32.875,326700,9.819609
1992-11-30,32.625,32.625,32.375,32.625,326000,9.744935
1992-11-27,32.375,32.625,32.25,32.625,171700,9.744935
1992-11-25,32.50,32.50,32.00,32.375,127800,9.670261
1992-11-24,32.375,32.50,32.25,32.50,158300,9.707598
1992-11-23,32.25,32.375,32.25,32.375,158400,9.670261
1992-11-20,32.875,32.875,32.25,32.375,162900,9.670261
1992-11-19,32.25,32.50,32.25,32.50,319700,9.707598
1992-11-18,31.75,32.375,31.75,32.375,161800,9.670261
1992-11-17,31.75,31.875,31.625,31.875,228800,9.520914
1992-11-16,31.50,31.75,31.50,31.75,172600,9.483577
1992-11-13,31.875,32.00,31.625,31.75,103500,9.483577
1992-11-12,31.875,32.125,31.75,32.00,169200,9.55825
1992-11-11,31.50,31.875,31.375,31.875,109400,9.520914
1992-11-10,31.50,31.50,31.25,31.50,95700,9.408903
1992-11-09,31.625,31.625,31.375,31.375,217600,9.371566
1992-11-06,31.50,31.625,31.375,31.625,124900,9.44624
1992-11-05,31.375,31.50,31.25,31.50,157800,9.408903
1992-11-04,31.625,31.75,31.375,31.50,125800,9.408903
1992-11-03,32.00,32.00,31.75,31.75,248600,9.483577
1992-11-02,31.875,32.00,31.75,32.00,123300,9.55825
1992-10-30,31.875,32.00,31.75,31.875,122800,9.520914
1992-10-29,31.625,31.875,31.50,31.875,242400,9.520914
1992-10-28,31.375,31.625,31.25,31.50,109000,9.408903
1992-10-27,31.25,31.50,31.25,31.375,129300,9.371566
1992-10-26,31.125,31.375,31.00,31.375,116000,9.371566
1992-10-23,31.125,31.375,31.125,31.25,111200,9.334229
1992-10-22,31.375,31.375,31.00,31.125,192000,9.296892
1992-10-21,31.625,31.625,31.25,31.375,127600,9.371566
1992-10-20,31.875,31.875,31.50,31.625,290500,9.44624
1992-10-19,31.625,31.875,31.50,31.875,148000,9.520914
1992-10-16,31.375,31.625,31.25,31.625,225600,9.44624
1992-10-15,31.625,31.625,31.125,31.375,410300,9.371566
1992-10-14,31.75,31.875,31.50,31.625,207300,9.44624
1992-10-13,31.875,32.00,31.625,31.75,243300,9.483577
1992-10-12,31.375,31.875,31.375,31.875,167100,9.520914
1992-10-09,31.75,31.75,31.375,31.50,157800,9.408903
1992-10-08,31.75,32.00,31.625,31.75,540200,9.483577
1992-10-07,31.625,31.75,31.375,31.50,379800,9.408903
1992-10-06,32.00,32.00,31.25,31.625,287700,9.44624
1992-10-05,32.125,32.125,31.625,31.875,167800,9.520914
1992-10-02,32.25,32.25,32.00,32.125,98400,9.595587
1992-10-01,32.375,32.375,32.00,32.25,200500,9.632924
1992-09-30,32.25,32.50,32.125,32.375,90900,9.670261
1992-09-29,32.125,32.25,32.00,32.25,84600,9.632924
1992-09-28,31.625,32.125,31.625,32.125,170500,9.595587
1992-09-25,32.00,32.00,31.625,31.875,203900,9.520914
1992-09-24,31.375,32.00,31.375,32.00,242900,9.55825
1992-09-23,31.625,31.625,31.375,31.50,192500,9.408903
1992-09-22,31.875,31.875,31.25,31.625,287100,9.44624
1992-09-21,32.25,32.25,31.75,31.75,134600,9.483577
1992-09-18,31.375,32.125,31.375,32.125,388800,9.595587
1992-09-17,31.375,31.50,31.125,31.375,279000,9.371566
1992-09-16,31.25,31.50,31.125,31.375,734200,9.371566
1992-09-15,32.00,32.00,31.375,31.50,913900,9.408903
1992-09-14,32.875,32.875,32.125,32.75,569300,9.634419
1992-09-11,33.00,33.00,32.75,32.875,242500,9.671191
1992-09-10,33.00,33.25,33.00,33.125,210000,9.744736
1992-09-09,33.00,33.125,32.875,32.875,278800,9.671191
1992-09-08,32.875,33.00,32.875,33.00,317300,9.707964
1992-09-04,33.00,33.125,32.875,33.00,242700,9.707964
1992-09-03,33.00,33.00,32.875,33.00,165500,9.707964
1992-09-02,33.00,33.00,32.875,33.00,81000,9.707964
1992-09-01,33.00,33.00,32.875,33.00,90300,9.707964
1992-08-31,33.00,33.125,32.875,33.125,288800,9.744736
1992-08-28,33.125,33.125,33.00,33.125,69900,9.744736
1992-08-27,33.125,33.125,32.875,33.125,156200,9.744736
1992-08-26,33.00,33.125,32.75,33.125,68400,9.744736
1992-08-25,32.75,32.875,32.375,32.875,344400,9.671191
1992-08-24,33.125,33.125,32.75,32.875,224500,9.671191
1992-08-21,33.25,33.375,33.00,33.25,170900,9.781509
1992-08-20,33.50,33.625,33.125,33.25,162200,9.781509
1992-08-19,33.50,33.625,33.375,33.625,60500,9.891827
1992-08-18,33.125,33.50,33.125,33.50,217700,9.855054
1992-08-17,33.375,33.50,33.125,33.25,100800,9.781509
1992-08-14,33.25,33.375,33.125,33.375,113800,9.818282
1992-08-13,33.375,33.375,33.00,33.125,83100,9.744736
1992-08-12,33.25,33.50,33.125,33.25,128400,9.781509
1992-08-11,32.875,33.25,32.875,33.25,377000,9.781509
1992-08-10,32.875,33.00,32.75,33.00,374800,9.707964
1992-08-07,32.875,33.125,32.875,33.00,128200,9.707964
1992-08-06,33.00,33.00,32.875,33.00,161000,9.707964
1992-08-05,33.00,33.125,32.875,33.00,151800,9.707964
1992-08-04,33.125,33.125,33.00,33.125,100800,9.744736
1992-08-03,33.00,33.125,32.875,33.125,113700,9.744736
1992-07-31,33.00,33.125,32.875,33.125,137200,9.744736
1992-07-30,33.00,33.00,32.875,33.00,165400,9.707964
1992-07-29,33.00,33.375,33.00,33.00,451600,9.707964
1992-07-28,32.875,32.875,32.50,32.875,366000,9.671191
1992-07-27,32.375,32.875,32.375,32.75,145700,9.634419
1992-07-24,32.25,32.50,32.25,32.50,91200,9.560873
1992-07-23,32.375,32.375,32.25,32.375,83700,9.524101
1992-07-22,32.25,32.375,32.25,32.375,140000,9.524101
1992-07-21,32.625,32.625,32.25,32.25,154800,9.487328
1992-07-20,32.625,32.75,32.50,32.625,127400,9.597646
1992-07-17,33.00,33.00,32.75,32.875,137300,9.671191
1992-07-16,32.875,32.875,32.625,32.875,147100,9.671191
1992-07-15,32.75,32.875,32.625,32.75,173000,9.634419
1992-07-14,32.75,33.00,32.75,32.875,135100,9.671191
1992-07-13,32.75,32.875,32.75,32.875,154800,9.671191
1992-07-10,32.875,33.00,32.625,32.875,217400,9.671191
1992-07-09,32.875,33.00,32.75,32.75,309300,9.634419
1992-07-08,32.75,33.00,32.625,32.875,253000,9.671191
1992-07-07,32.375,32.875,32.375,32.875,358400,9.671191
1992-07-06,32.00,32.50,31.75,32.50,254700,9.560873
1992-07-02,31.625,32.125,31.625,32.00,270300,9.413783
1992-07-01,31.25,31.625,31.125,31.50,204900,9.266693
1992-06-30,31.25,31.25,31.00,31.25,165700,9.193148
1992-06-29,31.00,31.25,31.00,31.25,78500,9.193148
1992-06-26,31.25,31.25,30.875,31.00,70400,9.119602
1992-06-25,31.375,31.50,31.125,31.25,92000,9.193148
1992-06-24,31.25,31.375,31.125,31.375,161300,9.22992
1992-06-23,30.875,31.25,30.75,31.25,251400,9.193148
1992-06-22,30.75,30.75,30.50,30.75,102300,9.046057
1992-06-19,30.50,30.75,30.50,30.75,135000,9.046057
1992-06-18,31.00,31.125,30.50,30.625,435900,9.009285
1992-06-17,31.00,31.125,30.75,31.125,146000,9.156375
1992-06-16,31.25,31.375,31.00,31.25,125500,9.193148
1992-06-15,30.875,31.375,30.875,31.375,566300,9.22992
1992-06-12,31.50,31.50,31.125,31.125,528800,9.156375
1992-06-11,31.375,31.75,31.25,31.75,338200,9.194618
1992-06-10,31.375,31.875,31.25,31.375,755700,9.08602
1992-06-09,31.50,31.625,31.25,31.25,402100,9.049821
1992-06-08,31.375,31.625,31.00,31.625,446300,9.158419
1992-06-05,31.875,31.875,31.25,31.25,469600,9.049821
1992-06-04,32.25,32.25,31.75,32.00,279500,9.267016
1992-06-03,32.25,32.375,32.125,32.25,428500,9.339415
1992-06-02,32.75,32.875,32.125,32.125,606700,9.303216
1992-06-01,32.875,33.00,32.75,32.75,246800,9.484212
1992-05-29,33.00,33.375,32.75,32.875,277600,9.520411
1992-05-28,32.75,33.125,32.625,33.00,299700,9.556611
1992-05-27,32.75,32.875,32.625,32.625,511100,9.448013
1992-05-26,33.125,33.125,32.75,32.75,200300,9.484212
1992-05-22,33.625,33.875,33.375,33.375,193000,9.665209
1992-05-21,33.75,33.75,33.375,33.625,116800,9.737607
1992-05-20,34.25,34.25,33.625,33.75,556700,9.773806
1992-05-19,33.50,34.25,33.375,34.25,287300,9.918604
1992-05-18,33.50,33.50,33.375,33.50,71000,9.701408
1992-05-15,33.625,33.75,33.25,33.375,231300,9.665209
1992-05-14,34.00,34.00,33.50,33.625,161800,9.737607
1992-05-13,34.125,34.125,33.875,34.00,125300,9.846205
1992-05-12,34.125,34.125,33.875,34.00,142500,9.846205
1992-05-11,34.00,34.125,33.875,34.125,116100,9.882404
1992-05-08,34.00,34.00,33.875,34.00,77000,9.846205
1992-05-07,34.00,34.00,33.875,34.00,207600,9.846205
1992-05-06,33.875,34.125,33.75,34.00,341400,9.846205
1992-05-05,33.875,33.875,33.625,33.875,449600,9.810006
1992-05-04,33.75,33.875,33.625,33.875,141600,9.810006
1992-05-01,33.75,34.00,33.625,33.75,298600,9.773806
1992-04-30,33.50,33.875,33.375,33.875,509100,9.810006
1992-04-29,33.50,33.625,33.25,33.50,142600,9.701408
1992-04-28,33.375,33.75,33.25,33.75,211700,9.773806
1992-04-27,33.50,33.50,33.00,33.25,131800,9.629009
1992-04-24,33.25,33.625,33.25,33.50,246200,9.701408
1992-04-23,33.00,33.25,32.875,33.25,162300,9.629009
1992-04-22,32.75,33.00,32.75,33.00,224600,9.556611
1992-04-21,32.625,32.875,32.625,32.875,174200,9.520411
1992-04-20,32.50,32.75,32.50,32.75,189500,9.484212
1992-04-16,32.625,32.875,32.50,32.875,210900,9.520411
1992-04-15,32.00,32.50,32.00,32.50,145400,9.411814
1992-04-14,31.50,31.875,31.50,31.875,233400,9.230817
1992-04-13,31.875,31.875,31.50,31.625,196500,9.158419
1992-04-10,31.375,31.875,31.375,31.75,181400,9.194618
1992-04-09,30.875,31.375,30.75,31.125,248500,9.013621
1992-04-08,30.75,30.875,30.50,30.75,475800,8.905024
1992-04-07,31.125,31.125,30.25,30.75,205700,8.905024
1992-04-06,31.25,31.375,31.125,31.25,246000,9.049821
1992-04-03,31.00,31.375,31.00,31.375,145100,9.08602
1992-04-02,31.125,31.375,31.00,31.125,88100,9.013621
1992-04-01,30.875,31.25,30.75,31.125,223000,9.013621
1992-03-31,30.75,31.00,30.625,30.875,127900,8.941223
1992-03-30,30.50,30.875,30.50,30.75,88500,8.905024
1992-03-27,30.375,30.75,30.375,30.50,97000,8.832625
1992-03-26,30.625,30.875,30.375,30.375,146700,8.796426
1992-03-25,30.875,30.875,30.50,30.50,131600,8.832625
1992-03-24,31.125,31.125,30.875,31.00,92000,8.977422
1992-03-23,31.125,31.125,30.75,30.875,136600,8.941223
1992-03-20,30.625,31.125,30.625,31.125,589200,9.013621
1992-03-19,30.75,30.875,30.50,30.625,214000,8.868824
1992-03-18,31.00,31.125,30.625,30.75,284700,8.905024
1992-03-17,30.75,31.125,30.75,31.00,544800,8.977422
1992-03-16,30.50,30.75,30.375,30.75,567100,8.905024
1992-03-13,30.50,30.50,30.25,30.25,125000,8.760226
1992-03-12,31.00,31.00,30.75,31.00,170400,8.977422
1992-03-11,31.25,31.375,30.75,30.875,191700,8.941223
1992-03-10,31.125,31.625,31.125,31.375,485900,9.08602
1992-03-09,31.00,31.125,30.75,31.00,136600,8.977422
1992-03-06,31.00,31.125,30.875,31.00,264500,8.977422
1992-03-05,31.50,31.625,31.125,31.125,200900,9.013621
1992-03-04,31.875,31.875,31.375,31.50,209500,9.122219
1992-03-03,31.75,31.875,31.625,31.75,193600,9.194618
1992-03-02,31.875,32.125,31.75,31.875,84500,9.230817
1992-02-28,31.75,31.875,31.625,31.75,123000,9.194618
1992-02-27,31.75,31.875,31.625,31.75,178800,9.194618
1992-02-26,31.625,31.875,31.50,31.875,153600,9.230817
1992-02-25,31.625,31.75,31.375,31.625,131700,9.158419
1992-02-24,31.00,31.625,30.875,31.625,195300,9.158419
1992-02-21,31.625,31.75,31.25,31.25,193600,9.049821
1992-02-20,31.50,31.75,31.50,31.75,120600,9.194618
1992-02-19,32.00,32.00,31.25,31.375,196900,9.08602
1992-02-18,32.125,32.125,31.875,31.875,213900,9.230817
1992-02-14,32.375,32.375,32.125,32.25,131200,9.339415
1992-02-13,32.50,32.75,32.375,32.50,322800,9.411814
1992-02-12,32.625,32.75,32.375,32.625,130500,9.448013
1992-02-11,32.125,32.625,32.125,32.625,133400,9.448013
1992-02-10,31.75,32.25,31.75,32.25,180200,9.339415
1992-02-07,32.25,32.50,31.625,31.75,227600,9.194618
1992-02-06,32.00,32.375,32.00,32.375,152000,9.375614
1992-02-05,31.75,32.375,31.375,32.125,268700,9.303216
1992-02-04,32.00,32.125,31.625,31.625,236300,9.158419
1992-02-03,32.375,32.375,31.875,32.00,132900,9.267016
1992-01-31,32.375,32.625,32.375,32.375,183100,9.375614
1992-01-30,32.50,32.75,32.375,32.375,181800,9.375614
1992-01-29,33.25,33.25,32.50,32.625,347300,9.448013
1992-01-28,33.125,33.25,33.00,33.125,152600,9.59281
1992-01-27,33.25,33.625,33.25,33.375,229800,9.665209
1992-01-24,32.875,33.50,32.875,33.375,191100,9.665209
1992-01-23,33.50,33.50,32.625,32.875,163600,9.520411
1992-01-22,32.75,33.50,32.625,33.50,174800,9.701408
1992-01-21,32.50,32.75,32.375,32.75,116400,9.484212
1992-01-20,32.375,32.625,32.25,32.50,271900,9.411814
1992-01-17,32.50,32.50,32.125,32.25,317400,9.339415
1992-01-16,33.50,33.625,32.75,32.875,173900,9.520411
1992-01-15,33.75,34.125,33.375,33.625,210000,9.737607
1992-01-14,33.375,33.875,33.375,33.75,338900,9.773806
1992-01-13,33.875,34.00,33.375,33.375,288700,9.665209
1992-01-10,34.25,34.375,33.75,33.875,207500,9.810006
1992-01-09,34.75,34.75,34.375,34.375,255700,9.954803
1992-01-08,34.75,34.875,34.625,34.75,195300,10.063401
1992-01-07,34.875,35.00,34.875,35.00,255800,10.135799
1992-01-06,35.125,35.25,34.875,35.00,140400,10.135799
1992-01-03,34.75,35.25,34.50,35.25,212900,10.208198
1992-01-02,34.75,35.00,34.625,34.75,234400,10.063401
1991-12-31,34.50,34.75,34.00,34.75,186900,10.063401
1991-12-30,34.50,34.875,34.50,34.75,164800,10.063401
1991-12-27,34.50,34.50,34.125,34.375,58700,9.954803
1991-12-26,34.125,34.375,34.00,34.25,66800,9.918604
1991-12-24,34.125,34.375,34.125,34.125,157000,9.882404
1991-12-23,33.50,34.25,33.375,34.125,224700,9.882404
1991-12-20,33.00,33.50,32.625,33.375,501200,9.665209
1991-12-19,32.375,32.75,32.25,32.50,335600,9.411814
1991-12-18,32.625,32.625,32.375,32.50,193600,9.411814
1991-12-17,32.75,32.875,32.625,32.625,472600,9.448013
1991-12-16,33.25,33.375,32.75,33.00,118100,9.556611
1991-12-13,33.75,33.75,33.00,33.125,803700,9.59281
1991-12-12,33.75,34.25,33.50,33.75,820600,9.773806
1991-12-11,34.25,34.375,34.125,34.25,362400,9.782494
1991-12-10,34.625,34.875,34.50,34.50,168100,9.853899
1991-12-09,34.625,35.375,34.50,35.00,685400,9.99671
1991-12-06,34.00,34.625,34.00,34.625,189200,9.889602
1991-12-05,33.875,34.125,33.75,34.00,209700,9.711089
1991-12-04,34.00,34.00,33.625,34.00,113100,9.711089
1991-12-03,34.00,34.125,33.875,34.00,240800,9.711089
1991-12-02,33.50,34.125,33.25,33.875,221100,9.675387
1991-11-29,33.375,33.75,33.375,33.50,426400,9.568279
1991-11-27,32.625,33.375,32.375,33.375,653000,9.532577
1991-11-26,32.875,32.875,32.50,32.75,191000,9.354064
1991-11-25,33.125,33.125,32.875,32.875,121100,9.389766
1991-11-22,33.75,33.75,33.00,33.125,345000,9.461172
1991-11-21,33.50,33.75,33.25,33.625,204600,9.603982
1991-11-20,33.50,34.25,33.25,33.625,97700,9.603982
1991-11-19,33.875,33.875,33.125,33.375,116800,9.532577
1991-11-18,33.75,34.00,33.25,34.00,190900,9.711089
1991-11-15,34.125,34.125,33.625,33.625,170600,9.603982
1991-11-14,34.00,34.25,33.875,34.125,246800,9.746792
1991-11-13,33.625,34.125,33.375,34.125,193400,9.746792
1991-11-12,33.375,33.75,33.375,33.625,180800,9.603982
1991-11-11,33.25,33.375,33.125,33.375,134000,9.532577
1991-11-08,33.00,33.375,33.00,33.25,211200,9.496874
1991-11-07,32.75,33.00,32.50,33.00,204100,9.425469
1991-11-06,32.25,32.50,32.125,32.50,128300,9.282659
1991-11-05,32.625,32.625,32.125,32.125,128700,9.175551
1991-11-04,32.75,32.875,32.50,32.625,137400,9.318361
1991-11-01,32.375,32.75,32.125,32.75,223700,9.354064
1991-10-31,32.625,32.875,32.25,32.50,329900,9.282659
1991-10-30,32.50,32.625,32.375,32.625,168300,9.318361
1991-10-29,32.875,32.875,32.375,32.50,227800,9.282659
1991-10-28,32.25,32.875,32.125,32.75,220000,9.354064
1991-10-25,32.00,32.375,32.00,32.25,51100,9.211254
1991-10-24,32.00,32.25,31.75,32.125,74600,9.175551
1991-10-23,32.00,32.125,31.75,32.00,112000,9.139849
1991-10-22,31.875,32.00,31.75,31.875,194700,9.104146
1991-10-21,32.25,32.375,31.875,32.00,171000,9.139849
1991-10-18,32.25,32.50,32.125,32.375,278800,9.246956
1991-10-17,32.50,32.50,32.00,32.25,262400,9.211254
1991-10-16,32.75,32.75,32.50,32.50,139300,9.282659
1991-10-15,32.375,32.75,32.375,32.75,192900,9.354064
1991-10-14,32.125,32.50,32.125,32.375,114300,9.246956
1991-10-11,32.00,32.25,31.875,32.25,135500,9.211254
1991-10-10,31.875,32.00,31.625,32.00,256400,9.139849
1991-10-09,32.00,32.125,31.75,31.875,134300,9.104146
1991-10-08,32.25,32.25,32.00,32.125,355300,9.175551
1991-10-07,31.875,32.25,31.75,32.25,127200,9.211254
1991-10-04,31.625,32.00,31.50,31.875,124500,9.104146
1991-10-03,31.75,31.875,31.50,31.625,74600,9.032741
1991-10-02,32.00,32.25,31.75,31.875,227400,9.104146
1991-10-01,31.75,32.00,31.75,32.00,263800,9.139849
1991-09-30,31.25,31.875,31.125,31.875,179000,9.104146
1991-09-27,31.375,31.50,30.875,31.125,182600,8.889931
1991-09-26,31.375,31.375,31.25,31.25,362800,8.925634
1991-09-25,31.25,31.375,31.125,31.375,129100,8.961336
1991-09-24,30.75,31.25,30.625,31.25,243800,8.925634
1991-09-23,30.50,30.75,30.50,30.625,100000,8.747121
1991-09-20,30.25,30.625,30.25,30.625,287300,8.747121
1991-09-19,30.50,30.50,30.25,30.375,101600,8.675716
1991-09-18,30.25,30.375,30.125,30.375,45000,8.675716
1991-09-17,30.25,30.375,30.125,30.125,83400,8.604311
1991-09-16,30.00,30.375,30.00,30.25,527300,8.640013
1991-09-13,30.375,30.375,29.875,30.125,573000,8.604311
1991-09-12,30.75,30.75,30.625,30.625,311800,8.61288
1991-09-11,30.625,30.75,30.625,30.75,39100,8.648034
1991-09-10,31.00,31.00,30.625,30.75,204700,8.648034
1991-09-09,30.50,30.875,30.50,30.75,69500,8.648034
1991-09-06,30.25,30.625,30.00,30.50,350600,8.577725
1991-09-05,30.50,30.50,30.125,30.25,106400,8.507416
1991-09-04,30.50,30.625,30.375,30.375,103700,8.54257
1991-09-03,30.625,30.75,30.50,30.50,215000,8.577725
1991-08-30,30.625,30.75,30.375,30.50,211100,8.577725
1991-08-29,30.625,30.75,30.375,30.75,169300,8.648034
1991-08-28,30.375,30.625,30.375,30.625,132200,8.61288
1991-08-27,30.50,30.625,30.125,30.375,111400,8.54257
1991-08-26,30.75,30.75,30.50,30.625,192900,8.61288
1991-08-23,30.375,30.75,30.375,30.75,263000,8.648034
1991-08-22,30.375,30.625,30.25,30.625,326100,8.61288
1991-08-21,29.75,30.25,29.75,30.25,154900,8.507416
1991-08-20,29.375,29.75,29.25,29.50,107700,8.296488
1991-08-19,29.00,29.50,29.00,29.25,165900,8.226179
1991-08-16,29.75,29.75,29.375,29.625,123100,8.331643
1991-08-15,29.75,30.00,29.625,29.75,155900,8.366797
1991-08-14,30.00,30.125,29.75,29.875,136800,8.401952
1991-08-13,29.75,30.00,29.50,29.875,172900,8.401952
1991-08-12,29.75,29.875,29.625,29.75,59300,8.366797
1991-08-09,30.00,30.125,29.875,29.875,154000,8.401952
1991-08-08,30.125,30.50,30.00,30.125,366900,8.472261
1991-08-07,30.25,30.375,29.875,30.125,177800,8.472261
1991-08-06,29.625,30.375,29.625,30.375,337100,8.54257
1991-08-05,29.50,29.75,29.375,29.625,509200,8.331643
1991-08-02,29.50,29.625,29.25,29.50,210800,8.296488
1991-08-01,29.875,29.875,29.25,29.375,442900,8.261334
1991-07-31,29.75,29.875,29.50,29.875,131300,8.401952
1991-07-30,29.875,30.00,29.75,29.875,202500,8.401952
1991-07-29,29.50,29.875,29.50,29.875,123200,8.401952
1991-07-26,29.25,29.625,29.25,29.50,136100,8.296488
1991-07-25,29.375,29.375,29.25,29.375,61200,8.261334
1991-07-24,29.25,29.375,29.25,29.375,126500,8.261334
1991-07-23,29.00,29.375,29.00,29.25,300700,8.226179
1991-07-22,29.00,29.125,28.75,29.00,57200,8.15587
1991-07-19,28.875,29.00,28.875,28.875,107000,8.120715
1991-07-18,28.50,28.75,28.375,28.625,113500,8.050406
1991-07-17,28.625,28.875,28.375,28.375,165800,7.980097
1991-07-16,28.75,28.875,28.625,28.75,107000,8.085561
1991-07-15,28.75,28.875,28.625,28.75,102700,8.085561
1991-07-12,28.625,29.00,28.50,28.875,114900,8.120715
1991-07-11,28.625,28.625,28.375,28.625,144800,8.050406
1991-07-10,28.75,28.875,28.50,28.50,105400,8.015251
1991-07-09,29.00,29.00,28.625,28.625,124700,8.050406
1991-07-08,28.50,28.875,28.25,28.375,210500,7.980097
1991-07-05,28.375,28.75,28.25,28.75,77800,8.085561
1991-07-03,28.75,28.875,28.625,28.625,108900,8.050406
1991-07-02,28.875,29.375,28.875,29.25,104800,8.226179
1991-07-01,28.50,29.00,28.50,29.00,181700,8.15587
1991-06-28,28.625,28.625,28.25,28.50,235700,8.015251
1991-06-27,28.625,28.875,28.625,28.75,230100,8.085561
1991-06-26,28.625,29.00,28.50,28.625,158900,8.050406
1991-06-25,28.625,28.75,28.50,28.75,91000,8.085561
1991-06-24,28.875,28.875,28.50,28.625,130900,8.050406
1991-06-21,28.50,28.75,28.50,28.625,171100,8.050406
1991-06-20,28.25,28.625,28.125,28.625,199500,8.050406
1991-06-19,28.375,28.50,28.00,28.25,123800,7.944942
1991-06-18,28.75,28.75,28.50,28.50,106000,8.015251
1991-06-17,28.875,28.875,28.625,28.625,65500,8.050406
1991-06-14,28.625,28.875,28.625,28.625,409700,8.050406
1991-06-13,28.50,28.625,28.375,28.625,645900,8.050406
1991-06-12,29.125,29.125,28.875,29.00,215000,8.023688
1991-06-11,29.00,29.125,28.875,29.125,326600,8.058273
1991-06-10,28.75,28.875,28.625,28.75,78600,7.954518
1991-06-07,28.875,28.875,28.625,28.75,258500,7.954518
1991-06-06,29.125,29.125,28.875,29.125,140600,8.058273
1991-06-05,29.00,29.125,28.875,29.00,141600,8.023688
1991-06-04,29.00,29.125,28.75,29.00,121600,8.023688
1991-06-03,28.875,29.00,28.75,29.00,237600,8.023688
1991-05-31,28.75,28.875,28.625,28.875,126700,7.989103
1991-05-30,28.50,28.625,28.50,28.625,205200,7.919933
1991-05-29,28.50,28.75,28.375,28.625,140800,7.919933
1991-05-28,28.875,28.875,28.50,28.625,141800,7.919933
1991-05-24,28.75,29.125,28.75,28.875,52400,7.989103
1991-05-23,29.125,29.25,28.75,28.75,132300,7.954518
1991-05-22,28.75,29.125,28.75,29.125,225400,8.058273
1991-05-21,28.75,28.875,28.625,28.875,78800,7.989103
1991-05-20,28.625,28.75,28.625,28.75,50300,7.954518
1991-05-17,28.625,28.875,28.50,28.75,93300,7.954518
1991-05-16,28.50,28.625,28.25,28.625,149900,7.919933
1991-05-15,28.25,28.50,28.25,28.25,143600,7.816179
1991-05-14,28.75,28.75,28.25,28.375,247800,7.850764
1991-05-13,29.25,29.25,28.625,28.625,156500,7.919933
1991-05-10,29.50,29.625,28.875,29.00,103800,8.023688
1991-05-09,29.75,29.75,29.375,29.625,146700,8.196612
1991-05-08,29.00,29.50,29.00,29.50,133900,8.162027
1991-05-07,29.125,29.375,29.00,29.00,78200,8.023688
1991-05-06,29.375,29.50,28.875,29.125,90400,8.058273
1991-05-03,29.00,29.375,29.00,29.25,112000,8.092858
1991-05-02,29.625,29.75,29.00,29.00,158800,8.023688
1991-05-01,29.125,29.625,29.00,29.50,156800,8.162027
1991-04-30,28.625,28.875,28.125,28.875,538500,7.989103
1991-04-29,29.00,29.125,28.125,28.125,115200,7.781594
1991-04-26,28.625,29.125,28.625,29.00,86200,8.023688
1991-04-25,28.75,29.00,28.625,29.00,127400,8.023688
1991-04-24,28.50,29.00,28.50,28.75,223200,7.954518
1991-04-23,28.75,28.75,28.375,28.625,155800,7.919933
1991-04-22,29.25,29.25,28.75,28.75,280500,7.954518
1991-04-19,29.50,29.50,29.125,29.125,131400,8.058273
1991-04-18,30.125,30.25,29.375,29.50,270000,8.162027
1991-04-17,30.125,30.375,30.00,30.25,185000,8.369536
1991-04-16,30.125,30.25,30.00,30.25,226800,8.369536
1991-04-15,30.00,30.125,29.875,30.00,319800,8.300367
1991-04-12,29.75,29.875,29.625,29.875,100600,8.265782
1991-04-11,29.25,29.75,29.125,29.625,165400,8.196612
1991-04-10,28.875,29.25,28.875,29.25,212000,8.092858
1991-04-09,28.75,28.875,28.625,28.875,215100,7.989103
1991-04-08,28.50,28.75,28.25,28.75,260400,7.954518
1991-04-05,28.875,28.875,28.25,28.375,242400,7.850764
1991-04-04,28.625,28.875,28.375,28.625,292700,7.919933
1991-04-03,28.875,29.00,28.625,28.75,156000,7.954518
1991-04-02,28.625,29.00,28.625,28.875,237300,7.989103
1991-04-01,28.875,29.00,28.50,28.50,185300,7.885348
1991-03-28,29.00,29.25,28.875,29.00,187400,8.023688
1991-03-27,29.375,29.50,28.875,28.875,152900,7.989103
1991-03-26,29.25,29.50,28.875,29.375,211400,8.127442
1991-03-25,28.75,29.125,28.625,29.125,182200,8.058273
1991-03-22,28.375,28.75,28.375,28.625,142200,7.919933
1991-03-21,28.375,28.625,28.375,28.375,108500,7.850764
1991-03-20,28.375,28.50,28.25,28.50,156600,7.885348
1991-03-19,28.125,28.50,28.00,28.50,1231600,7.885348
1991-03-18,28.50,28.625,28.125,28.125,133200,7.781594
1991-03-15,28.25,28.625,28.125,28.50,364100,7.885348
1991-03-14,28.125,28.375,28.00,28.00,519700,7.747009
1991-03-13,28.50,28.625,28.00,28.125,453300,7.781594
1991-03-12,28.50,29.125,28.50,29.125,311500,7.928233
1991-03-11,28.25,28.625,28.25,28.625,762300,7.792126
1991-03-08,28.25,28.25,27.75,28.00,661700,7.621993
1991-03-07,28.50,28.625,28.375,28.375,176900,7.724073
1991-03-06,28.75,29.25,28.375,28.50,785100,7.7581
1991-03-05,28.625,29.125,28.625,28.875,182100,7.86018
1991-03-04,29.125,29.25,28.75,28.75,188200,7.826153
1991-03-01,29.375,29.50,29.00,29.25,119900,7.96226
1991-02-28,29.50,29.625,29.125,29.375,119800,7.996287
1991-02-27,29.625,29.75,29.50,29.625,172200,8.06434
1991-02-26,30.125,30.25,29.625,29.625,170900,8.06434
1991-02-25,30.375,30.50,30.125,30.25,213800,8.234474
1991-02-22,29.75,30.125,29.75,30.00,177800,8.166421
1991-02-21,29.75,30.00,29.75,29.875,177800,8.132394
1991-02-20,29.875,29.875,29.625,29.875,100000,8.132394
1991-02-19,29.625,29.75,29.625,29.75,171900,8.098367
1991-02-15,29.125,29.75,29.125,29.75,364100,8.098367
1991-02-14,29.50,29.875,29.125,29.125,222200,7.928233
1991-02-13,29.25,29.50,29.125,29.375,372100,7.996287
1991-02-12,29.375,29.75,29.375,29.375,170900,7.996287
1991-02-11,29.125,29.50,29.00,29.50,252600,8.030314
1991-02-08,28.625,29.125,28.625,29.125,217300,7.928233
1991-02-07,29.00,29.125,28.50,28.75,530500,7.826153
1991-02-06,28.875,29.125,28.75,28.875,421700,7.86018
1991-02-05,28.375,29.00,28.375,28.875,481900,7.86018
1991-02-04,28.125,28.50,28.00,28.50,264700,7.7581
1991-02-01,28.25,28.50,28.125,28.125,263100,7.656019
1991-01-31,28.25,28.375,28.00,28.25,700600,7.690046
1991-01-30,28.375,28.50,28.125,28.25,231900,7.690046
1991-01-29,28.625,28.625,28.375,28.375,92200,7.724073
1991-01-28,28.75,28.875,28.625,28.75,136200,7.826153
1991-01-25,28.75,29.00,28.75,28.875,172300,7.86018
1991-01-24,28.75,28.875,28.625,28.625,141900,7.792126
1991-01-23,28.875,28.875,28.50,28.75,158700,7.826153
1991-01-22,28.75,29.00,28.625,28.75,96100,7.826153
1991-01-21,28.75,28.875,28.625,28.75,141000,7.826153
1991-01-18,28.375,29.00,28.375,29.00,197800,7.894207
1991-01-17,28.25,28.875,28.125,28.375,243600,7.724073
1991-01-16,28.00,28.125,27.75,27.875,290300,7.587966
1991-01-15,28.00,28.00,27.875,27.875,199900,7.587966
1991-01-14,28.25,28.375,28.00,28.125,216100,7.656019
1991-01-11,28.50,28.50,28.25,28.375,75800,7.724073
1991-01-10,28.125,28.50,28.125,28.50,105400,7.7581
1991-01-09,28.625,28.75,28.00,28.00,184200,7.621993
1991-01-08,27.875,28.50,27.875,28.50,184800,7.7581
1991-01-07,28.00,28.125,27.75,27.875,126500,7.587966
1991-01-04,28.125,28.125,27.875,28.125,124800,7.656019
1991-01-03,28.25,28.375,28.125,28.125,236600,7.656019
1991-01-02,28.50,28.625,28.25,28.25,197000,7.690046
1990-12-31,28.00,28.375,28.00,28.25,209500,7.690046
1990-12-28,27.875,28.125,27.75,28.00,368200,7.621993
1990-12-27,28.375,28.50,28.125,28.125,110700,7.656019
1990-12-26,28.375,28.375,28.25,28.375,113800,7.724073
1990-12-24,28.375,28.375,28.125,28.25,275300,7.690046
1990-12-21,29.00,29.00,28.25,28.50,429700,7.7581
1990-12-20,29.00,29.00,28.625,29.00,137300,7.894207
1990-12-19,28.875,29.125,28.875,29.125,169800,7.928233
1990-12-18,28.25,28.875,28.25,28.875,252500,7.86018
1990-12-17,28.375,28.50,28.125,28.375,205200,7.724073
1990-12-14,28.75,28.75,28.25,28.50,231900,7.7581
1990-12-13,29.125,29.125,28.625,28.75,374000,7.826153
1990-12-12,29.375,29.75,29.375,29.625,1137200,7.943206
1990-12-11,29.375,29.50,29.25,29.25,484900,7.842659
1990-12-10,29.50,29.625,29.125,29.50,79700,7.90969
1990-12-07,29.625,29.625,28.875,29.50,267700,7.90969
1990-12-06,30.25,30.25,29.50,29.75,469600,7.976721
1990-12-05,29.875,30.00,29.75,30.00,214400,8.043753
1990-12-04,29.625,30.00,29.50,29.875,270400,8.010237
1990-12-03,29.25,29.50,29.25,29.50,105300,7.90969
1990-11-30,29.125,29.50,28.875,29.50,257900,7.90969
1990-11-29,28.875,29.00,28.625,28.75,245300,7.708596
1990-11-28,28.75,29.00,28.75,28.875,316700,7.742112
1990-11-27,28.625,28.75,28.25,28.75,128200,7.708596
1990-11-26,28.375,28.625,28.25,28.625,98600,7.675081
1990-11-23,28.625,28.625,28.50,28.50,77200,7.641565
1990-11-21,28.375,28.625,28.125,28.625,175000,7.675081
1990-11-20,28.50,28.625,28.25,28.625,174300,7.675081
1990-11-19,28.50,28.625,28.375,28.625,130300,7.675081
1990-11-16,28.375,28.50,28.25,28.50,374300,7.641565
1990-11-15,28.375,28.625,28.125,28.375,229100,7.608049
1990-11-14,28.75,28.875,27.75,28.25,412400,7.574534
1990-11-13,29.50,29.50,28.625,28.75,464100,7.708596
1990-11-12,29.25,29.50,29.125,29.375,241800,7.876174
1990-11-09,29.00,29.25,28.875,29.25,182300,7.842659
1990-11-08,28.50,29.00,28.50,28.75,230600,7.708596
1990-11-07,28.50,28.75,28.25,28.375,228300,7.608049
1990-11-06,29.375,29.375,28.75,28.75,184300,7.708596
1990-11-05,29.375,29.50,29.00,29.375,348000,7.876174
1990-11-02,29.375,29.625,29.375,29.50,282600,7.90969
1990-11-01,29.125,29.50,29.125,29.50,441300,7.90969
1990-10-31,29.25,29.50,29.125,29.125,272600,7.809143
1990-10-30,28.625,29.25,28.625,29.25,717600,7.842659
1990-10-29,28.375,28.625,28.25,28.50,147800,7.641565
1990-10-26,28.75,28.75,28.375,28.375,150900,7.608049
1990-10-25,29.50,29.50,28.75,28.75,189400,7.708596
1990-10-24,28.875,29.375,28.875,29.375,249600,7.876174
1990-10-23,29.125,29.125,28.875,29.00,166700,7.775628
1990-10-22,28.25,29.00,28.25,29.00,250400,7.775628
1990-10-19,28.75,28.875,27.875,28.375,301900,7.608049
1990-10-18,29.25,29.50,28.625,28.75,1043900,7.708596
1990-10-17,29.625,29.75,29.25,29.25,388000,7.842659
1990-10-16,29.375,29.75,29.375,29.75,418300,7.976721
1990-10-15,29.25,29.50,28.75,29.375,334400,7.876174
1990-10-12,28.50,29.25,28.50,29.25,376300,7.842659
1990-10-11,28.50,28.625,28.25,28.50,122400,7.641565
1990-10-10,28.50,28.625,28.375,28.50,312000,7.641565
1990-10-09,28.75,28.75,28.625,28.625,67700,7.675081
1990-10-08,28.50,29.00,28.50,28.875,89100,7.742112
1990-10-05,28.375,28.75,28.375,28.625,176400,7.675081
1990-10-04,28.125,28.625,28.00,28.625,152100,7.675081
1990-10-03,28.375,28.625,28.00,28.125,139900,7.541018
1990-10-02,28.375,28.625,28.125,28.125,218800,7.541018
1990-10-01,27.00,28.25,27.00,28.125,262500,7.541018
1990-09-28,26.625,26.875,26.25,26.75,393100,7.172346
1990-09-27,27.00,27.00,26.625,26.75,323000,7.172346
1990-09-26,26.75,26.875,26.50,26.875,220300,7.205862
1990-09-25,26.50,26.625,26.375,26.50,170700,7.105315
1990-09-24,26.625,26.75,26.50,26.50,333000,7.105315
1990-09-21,26.625,26.75,26.375,26.75,329000,7.172346
1990-09-20,26.375,26.625,26.375,26.50,153600,7.105315
1990-09-19,26.50,26.625,26.375,26.50,210400,7.105315
1990-09-18,26.625,26.75,26.375,26.50,168300,7.105315
1990-09-17,27.00,27.00,26.75,26.875,224100,7.205862
1990-09-14,27.125,27.25,26.875,27.125,606400,7.272893
1990-09-13,28.00,28.00,27.75,27.75,825200,7.321155
1990-09-12,27.875,28.00,27.75,28.00,601400,7.387112
1990-09-11,27.75,27.875,27.625,27.875,155100,7.354133
1990-09-10,27.625,27.625,27.50,27.625,297000,7.288177
1990-09-07,27.50,27.625,27.375,27.50,62000,7.255199
1990-09-06,27.375,27.625,27.375,27.50,380800,7.255199
1990-09-05,27.25,27.50,27.125,27.50,189400,7.255199
1990-09-04,27.00,27.375,26.875,27.375,360900,7.222221
1990-08-31,26.75,27.125,26.75,27.125,133100,7.156264
1990-08-30,27.25,27.25,26.75,26.75,250100,7.05733
1990-08-29,26.875,27.25,26.875,27.25,293300,7.189243
1990-08-28,26.75,27.00,26.75,26.875,208000,7.090308
1990-08-27,26.50,26.875,26.50,26.75,185800,7.05733
1990-08-24,26.375,26.375,25.625,26.125,341100,6.892439
1990-08-23,27.00,27.125,26.25,26.25,339300,6.925417
1990-08-22,28.25,28.375,27.875,28.00,462000,7.387112
1990-08-21,28.50,28.625,28.00,28.375,805100,7.486046
1990-08-20,28.00,28.50,27.875,28.50,295700,7.519024
1990-08-17,28.50,28.50,28.00,28.25,198800,7.453068
1990-08-16,28.75,28.875,28.50,28.75,198400,7.584981
1990-08-15,28.75,28.875,28.625,28.75,243700,7.584981
1990-08-14,28.875,29.00,28.75,28.875,79500,7.617959
1990-08-13,28.50,29.00,28.375,28.875,193400,7.617959
1990-08-10,28.125,29.00,28.125,28.625,568100,7.552003
1990-08-09,28.00,28.375,28.00,28.25,345800,7.453068
1990-08-08,27.625,28.125,27.625,28.125,271700,7.42009
1990-08-07,27.875,28.125,27.50,27.50,615700,7.255199
1990-08-06,28.50,28.50,27.50,27.75,606300,7.321155
1990-08-03,29.25,29.25,28.625,28.75,311100,7.584981
1990-08-02,29.125,29.50,29.125,29.375,850900,7.749872
1990-08-01,28.625,29.625,28.625,29.625,980600,7.815828
1990-07-31,27.875,28.75,27.875,28.75,448700,7.584981
1990-07-30,27.875,27.875,27.625,27.875,297000,7.354133
1990-07-27,27.75,27.875,27.50,27.875,164900,7.354133
1990-07-26,27.50,27.875,27.50,27.875,197400,7.354133
1990-07-25,26.875,27.50,26.75,27.50,285700,7.255199
1990-07-24,26.625,26.875,26.50,26.75,287200,7.05733
1990-07-23,26.50,26.625,26.25,26.375,144000,6.958395
1990-07-20,26.50,26.625,26.50,26.50,208700,6.991374
1990-07-19,26.50,26.625,26.375,26.625,126500,7.024352
1990-07-18,26.50,26.50,26.375,26.50,117500,6.991374
1990-07-17,26.625,26.75,26.50,26.625,162100,7.024352
1990-07-16,26.375,26.50,26.25,26.50,136100,6.991374
1990-07-13,26.50,26.75,26.375,26.375,314500,6.958395
1990-07-12,26.25,26.50,26.125,26.50,250300,6.991374
1990-07-11,26.25,26.50,26.125,26.375,339400,6.958395
1990-07-10,26.125,26.25,26.00,26.125,549300,6.892439
1990-07-09,26.00,26.125,26.00,26.125,88900,6.892439
1990-07-06,25.875,26.00,25.75,26.00,400200,6.859461
1990-07-05,26.125,26.125,25.75,25.875,331200,6.826483
1990-07-03,26.25,26.375,26.00,26.25,233000,6.925417
1990-07-02,26.125,26.25,26.00,26.125,155400,6.892439
1990-06-29,25.875,26.125,25.75,26.125,385900,6.892439
1990-06-28,25.75,25.875,25.75,25.75,39300,6.793504
1990-06-27,25.75,25.875,25.625,25.75,127200,6.793504
1990-06-26,26.00,26.00,25.75,25.75,1147300,6.793504
1990-06-25,26.125,26.25,25.875,25.875,83400,6.826483
1990-06-22,26.25,26.625,26.125,26.25,229900,6.925417
1990-06-21,26.125,26.375,26.00,26.25,226200,6.925417
1990-06-20,26.25,26.25,26.00,26.25,160500,6.925417
1990-06-19,26.125,26.25,26.00,26.25,158400,6.925417
1990-06-18,26.50,26.50,25.75,26.00,260200,6.859461
1990-06-15,26.625,26.625,26.25,26.50,397100,6.991374
1990-06-14,26.625,26.75,26.625,26.625,644200,7.024352
1990-06-13,26.625,26.875,26.50,26.75,2206400,7.05733
1990-06-12,27.125,27.125,27.00,27.00,489700,7.005884
1990-06-11,26.875,27.125,26.875,27.125,248500,7.038319
1990-06-08,27.125,27.25,26.625,26.875,368800,6.97345
1990-06-07,27.375,27.375,27.00,27.25,208000,7.070754
1990-06-06,27.25,27.375,27.125,27.125,111800,7.038319
1990-06-05,27.625,27.625,27.25,27.375,209300,7.103188
1990-06-04,27.00,27.50,27.00,27.375,437700,7.103188
1990-06-01,26.625,26.75,26.50,26.75,498300,6.941015
1990-05-31,26.75,27.00,26.50,26.625,585800,6.90858
1990-05-30,27.125,27.125,26.75,26.75,402900,6.941015
1990-05-29,27.00,27.125,27.00,27.125,83400,7.038319
1990-05-25,27.00,27.125,27.00,27.00,55700,7.005884
1990-05-24,27.00,27.25,27.00,27.00,205100,7.005884
1990-05-23,27.00,27.25,26.875,27.125,184400,7.038319
1990-05-22,27.125,27.25,26.875,27.00,175400,7.005884
1990-05-21,26.625,27.00,26.625,27.00,173100,7.005884
1990-05-18,26.75,26.875,26.625,26.75,216800,6.941015
1990-05-17,26.875,27.00,26.75,26.875,139000,6.97345
1990-05-16,26.75,26.875,26.625,26.875,149100,6.97345
1990-05-15,26.75,26.875,26.50,26.75,158000,6.941015
1990-05-14,27.25,27.375,26.625,26.75,400500,6.941015
1990-05-11,26.875,27.25,26.875,27.25,242100,7.070754
1990-05-10,26.375,26.875,26.375,26.75,212000,6.941015
1990-05-09,26.125,26.75,26.125,26.375,757500,6.843711
1990-05-08,25.625,26.125,25.625,26.125,224100,6.778842
1990-05-07,25.50,25.625,25.375,25.625,116300,6.649103
1990-05-04,25.125,25.50,25.125,25.375,218700,6.584234
1990-05-03,24.875,25.125,24.875,25.125,93000,6.519365
1990-05-02,24.75,25.00,24.625,25.00,273900,6.48693
1990-05-01,24.625,24.75,24.50,24.75,116800,6.422061
1990-04-30,24.75,24.875,24.625,24.625,139000,6.389626
1990-04-27,25.00,25.00,24.75,24.75,90200,6.422061
1990-04-26,25.00,25.00,24.75,24.875,106100,6.454495
1990-04-25,25.125,25.125,24.875,24.875,312500,6.454495
1990-04-24,24.75,25.125,24.75,24.875,503900,6.454495
1990-04-23,24.875,25.25,24.625,24.875,367200,6.454495
1990-04-20,25.25,25.25,24.875,24.875,266900,6.454495
1990-04-19,25.25,25.375,25.125,25.25,207300,6.551799
1990-04-18,25.375,25.50,25.25,25.25,141900,6.551799
1990-04-17,25.375,25.50,25.25,25.375,163700,6.584234
1990-04-16,25.375,25.50,25.25,25.375,261500,6.584234
1990-04-12,25.25,25.375,25.25,25.25,120500,6.551799
1990-04-11,25.125,25.375,25.125,25.25,116200,6.551799
1990-04-10,25.25,25.375,25.125,25.125,103400,6.519365
1990-04-09,25.375,25.375,25.25,25.375,286700,6.584234
1990-04-06,25.375,25.375,25.25,25.375,196700,6.584234
1990-04-05,25.125,25.25,25.00,25.125,176600,6.519365
1990-04-04,25.125,25.25,25.00,25.125,68800,6.519365
1990-04-03,25.00,25.25,24.875,25.125,132100,6.519365
1990-04-02,25.00,25.125,24.75,24.875,75600,6.454495
1990-03-30,24.875,25.125,24.75,25.125,225200,6.519365
1990-03-29,25.00,25.00,24.75,25.00,111700,6.48693
1990-03-28,24.75,25.00,24.75,25.00,154100,6.48693
1990-03-27,24.75,24.875,24.625,24.875,80300,6.454495
1990-03-26,24.875,24.875,24.75,24.75,151900,6.422061
1990-03-23,24.875,24.875,24.625,24.75,139700,6.422061
1990-03-22,25.00,25.125,24.625,24.75,197600,6.422061
1990-03-21,25.375,25.375,25.00,25.00,94300,6.48693
1990-03-20,25.25,25.50,25.125,25.375,297200,6.584234
1990-03-19,25.125,25.375,25.00,25.375,228700,6.584234
1990-03-16,25.25,25.25,25.125,25.25,297200,6.551799
1990-03-15,25.25,25.375,25.125,25.25,627600,6.551799
1990-03-14,25.25,25.375,25.25,25.375,124900,6.584234
1990-03-13,25.375,25.50,25.125,25.25,418600,6.551799
1990-03-12,25.375,25.50,25.375,25.50,887800,6.616669
1990-03-09,25.375,25.50,25.375,25.50,1081400,6.616669
1990-03-08,26.00,26.125,25.75,25.875,748300,6.598505
1990-03-07,26.00,26.125,25.875,26.00,151100,6.630382
1990-03-06,25.875,26.125,25.875,26.00,291700,6.630382
1990-03-05,25.75,26.00,25.75,26.00,367000,6.630382
1990-03-02,25.625,25.875,25.50,25.75,797900,6.566628
1990-03-01,25.375,25.625,25.375,25.625,201700,6.534751
1990-02-28,25.50,25.625,25.375,25.375,150800,6.470998
1990-02-27,25.375,25.50,25.25,25.375,140100,6.470998
1990-02-26,25.25,25.50,25.125,25.50,144700,6.502875
1990-02-23,25.00,25.25,25.00,25.25,544300,6.439121
1990-02-22,25.125,25.375,25.125,25.125,694700,6.407244
1990-02-21,25.00,25.25,25.00,25.125,515700,6.407244
1990-02-20,25.25,25.375,25.125,25.25,148700,6.439121
1990-02-16,25.50,25.625,25.375,25.50,146100,6.502875
1990-02-15,25.50,25.625,25.375,25.625,210200,6.534751
1990-02-14,25.50,25.50,25.125,25.375,183100,6.470998
1990-02-13,25.125,25.50,25.125,25.375,453400,6.470998
1990-02-12,25.25,25.375,25.125,25.125,83900,6.407244
1990-02-09,25.00,25.375,25.00,25.375,368900,6.470998
1990-02-08,25.125,25.25,25.00,25.00,121500,6.375367
1990-02-07,25.00,25.25,25.00,25.25,137700,6.439121
1990-02-06,24.875,25.125,24.875,25.00,174700,6.375367
1990-02-05,25.00,25.00,24.875,24.875,152200,6.34349
1990-02-02,25.00,25.25,24.875,25.00,211900,6.375367
1990-02-01,24.625,25.125,24.625,25.125,281600,6.407244
1990-01-31,24.00,24.75,23.875,24.75,340100,6.311614
1990-01-30,23.875,24.00,23.75,23.875,287400,6.088476
1990-01-29,23.875,24.00,23.75,23.875,121400,6.088476
1990-01-26,23.75,24.00,23.75,23.875,484600,6.088476
1990-01-25,23.875,24.00,23.75,23.75,285300,6.056599
1990-01-24,23.75,23.875,23.50,23.75,157800,6.056599
1990-01-23,24.00,24.375,23.875,24.25,153400,6.184106
1990-01-22,24.125,24.375,23.875,23.875,115000,6.088476
1990-01-19,24.125,24.25,23.875,24.125,313000,6.152229
1990-01-18,23.875,24.125,23.75,23.875,303200,6.088476
1990-01-17,24.00,24.125,23.875,24.125,223800,6.152229
1990-01-16,23.875,24.00,23.75,24.00,179400,6.120353
1990-01-15,24.125,24.25,23.875,24.00,237300,6.120353
1990-01-12,24.75,24.75,24.00,24.25,709000,6.184106
1990-01-11,24.875,24.875,24.75,24.875,167100,6.34349
1990-01-10,25.00,25.00,24.75,24.875,230600,6.34349
1990-01-09,24.875,25.00,24.75,25.00,169500,6.375367
1990-01-08,24.75,25.00,24.50,24.75,224900,6.311614
1990-01-05,24.75,25.00,24.625,24.875,397300,6.34349
1990-01-04,25.50,25.50,24.50,25.00,232000,6.375367
1990-01-03,25.50,25.625,25.375,25.50,497500,6.502875
1990-01-02,25.375,25.625,25.25,25.625,284000,6.534751
1989-12-29,25.25,25.375,25.125,25.375,160000,6.470998
1989-12-28,25.25,25.50,25.125,25.375,139500,6.470998
1989-12-27,25.125,25.25,25.00,25.25,134200,6.439121
1989-12-26,25.125,25.25,25.00,25.125,126800,6.407244
1989-12-22,25.375,25.625,25.25,25.375,374000,6.470998
1989-12-21,25.50,25.625,25.25,25.375,184100,6.470998
1989-12-20,25.375,25.625,25.375,25.50,310100,6.502875
1989-12-19,25.25,25.375,24.75,25.375,309400,6.470998
1989-12-18,25.625,25.75,25.125,25.125,638000,6.407244
1989-12-15,25.625,25.625,25.375,25.50,472600,6.502875
1989-12-14,25.50,25.625,25.50,25.625,181200,6.534751
1989-12-13,25.25,25.625,25.25,25.50,395900,6.502875
1989-12-12,25.375,25.875,25.375,25.875,1024200,6.491399
1989-12-11,25.375,25.50,25.375,25.50,165100,6.397321
1989-12-08,25.50,25.50,25.25,25.50,325600,6.397321
1989-12-07,25.50,25.625,25.25,25.375,594500,6.365961
1989-12-06,25.125,25.50,25.125,25.375,748300,6.365961
1989-12-05,25.125,25.25,25.00,25.25,199700,6.334602
1989-12-04,25.00,25.125,25.00,25.125,250300,6.303243
1989-12-01,24.875,25.25,24.75,25.125,612900,6.303243
1989-11-30,24.875,25.00,24.75,25.00,251300,6.271883
1989-11-29,24.75,24.875,24.625,24.75,327700,6.209164
1989-11-28,24.875,24.875,24.75,24.75,384900,6.209164
1989-11-27,25.00,25.125,24.75,24.875,346600,6.240524
1989-11-24,24.875,25.00,24.875,24.875,61400,6.240524
1989-11-22,24.875,25.00,24.75,25.00,95000,6.271883
1989-11-21,24.75,25.00,24.75,24.875,106600,6.240524
1989-11-20,24.875,25.00,24.75,24.75,146100,6.209164
1989-11-17,24.875,25.00,24.75,24.875,139400,6.240524
1989-11-16,24.75,25.00,24.75,25.00,342600,6.271883
1989-11-15,24.75,24.75,24.50,24.75,217900,6.209164
1989-11-14,24.875,25.00,24.625,24.75,203000,6.209164
1989-11-13,24.75,25.00,24.75,24.875,340400,6.240524
1989-11-10,24.625,25.00,24.50,24.875,595600,6.240524
1989-11-09,24.50,24.75,24.25,24.625,233500,6.177805
1989-11-08,24.125,24.50,24.125,24.50,281000,6.146445
1989-11-07,24.00,24.25,23.875,24.125,269200,6.052367
1989-11-06,24.00,24.375,24.00,24.125,411200,6.052367
1989-11-03,24.25,24.375,24.00,24.125,170400,6.052367
1989-11-02,24.25,24.50,24.25,24.25,168400,6.083727
1989-11-01,24.00,24.375,24.00,24.375,211400,6.115086
1989-10-31,23.875,24.125,23.75,24.125,1015600,6.052367
1989-10-30,23.375,23.875,23.375,23.875,351500,5.989648
1989-10-27,23.75,23.75,23.375,23.50,300700,5.89557
1989-10-26,23.50,23.625,23.25,23.625,338100,5.92693
1989-10-25,23.125,23.25,23.00,23.25,230900,5.832851
1989-10-24,23.125,23.125,22.875,23.125,219300,5.801492
1989-10-23,23.25,23.375,23.00,23.00,223500,5.770132
1989-10-20,23.25,23.375,23.125,23.25,181600,5.832851
1989-10-19,23.00,23.375,23.00,23.25,417100,5.832851
1989-10-18,23.00,23.125,22.875,23.00,96700,5.770132
1989-10-17,23.125,23.25,22.75,23.125,458200,5.801492
1989-10-16,23.25,23.375,22.125,23.375,1093400,5.864211
1989-10-13,23.75,24.375,23.375,23.50,510600,5.89557
1989-10-12,23.50,24.00,23.375,23.875,441500,5.989648
1989-10-11,23.375,23.375,23.25,23.375,424700,5.864211
1989-10-10,23.50,23.50,23.25,23.25,168600,5.832851
1989-10-09,23.50,23.50,23.25,23.375,328600,5.864211
1989-10-06,23.375,23.50,23.25,23.50,335200,5.89557
1989-10-05,23.375,23.375,23.25,23.375,247400,5.864211
1989-10-04,23.25,23.375,23.25,23.25,456400,5.832851
1989-10-03,23.00,23.50,23.00,23.375,462300,5.864211
1989-10-02,22.625,23.125,22.50,23.125,319400,5.801492
1989-09-29,22.25,22.625,22.25,22.625,952000,5.676054
1989-09-28,22.375,22.375,22.25,22.25,163800,5.581976
1989-09-27,22.375,22.375,22.125,22.25,224900,5.581976
1989-09-26,22.125,22.50,22.125,22.25,769400,5.581976
1989-09-25,21.75,22.125,21.75,22.00,461500,5.519257
1989-09-22,21.75,21.875,21.625,21.75,512900,5.456538
1989-09-21,21.875,21.875,21.625,21.625,169100,5.425179
1989-09-20,21.625,21.875,21.625,21.75,454500,5.456538
1989-09-19,21.375,21.50,21.25,21.375,872900,5.36246
1989-09-18,21.375,21.50,21.25,21.50,139300,5.393819
1989-09-15,21.375,21.50,21.25,21.50,578800,5.393819
1989-09-14,21.625,21.625,21.375,21.375,393200,5.36246
1989-09-13,22.125,22.25,22.00,22.00,810200,5.413889
1989-09-12,21.875,22.25,21.75,22.25,1109500,5.475411
1989-09-11,21.875,21.875,21.625,21.875,114700,5.383129
1989-09-08,21.625,21.875,21.50,21.875,742200,5.383129
1989-09-07,21.625,21.75,21.50,21.625,168400,5.321607
1989-09-06,21.75,21.75,21.50,21.50,224100,5.290846
1989-09-05,21.875,21.875,21.625,21.625,112400,5.321607
1989-09-01,21.625,21.875,21.625,21.75,230900,5.352368
1989-08-31,21.50,21.75,21.50,21.75,104000,5.352368
1989-08-30,21.50,21.625,21.375,21.50,140400,5.290846
1989-08-29,21.50,21.625,21.375,21.50,98500,5.290846
1989-08-28,21.50,21.625,21.25,21.625,160300,5.321607
1989-08-25,21.50,21.75,21.375,21.50,183500,5.290846
1989-08-24,21.50,21.75,21.50,21.75,172300,5.352368
1989-08-23,21.125,21.50,21.00,21.50,143000,5.290846
1989-08-22,21.25,21.375,21.00,21.00,169200,5.167804
1989-08-21,21.75,21.75,21.25,21.375,100500,5.260086
1989-08-18,21.75,21.75,21.50,21.625,133000,5.321607
1989-08-17,22.00,22.00,21.625,21.875,73500,5.383129
1989-08-16,21.50,22.00,21.375,22.00,418900,5.413889
1989-08-15,21.50,21.625,21.375,21.625,77800,5.321607
1989-08-14,21.625,21.75,21.25,21.375,128100,5.260086
1989-08-11,21.75,22.125,21.75,21.75,819700,5.352368
1989-08-10,21.625,21.75,21.375,21.75,160200,5.352368
1989-08-09,21.375,21.75,21.25,21.75,338800,5.352368
1989-08-08,21.75,21.875,21.375,21.625,186600,5.321607
1989-08-07,21.125,21.875,21.00,21.75,578800,5.352368
1989-08-04,21.25,21.25,20.875,20.875,363500,5.137043
1989-08-03,21.125,21.25,21.125,21.25,61900,5.229325
1989-08-02,21.50,21.50,21.00,21.25,471900,5.229325
1989-08-01,21.50,21.625,21.375,21.50,211100,5.290846
1989-07-31,21.25,21.50,21.25,21.50,145300,5.290846
1989-07-28,21.125,21.375,21.00,21.375,112600,5.260086
1989-07-27,21.00,21.125,20.875,21.125,219600,5.198564
1989-07-26,21.00,21.125,20.875,21.125,214800,5.198564
1989-07-25,20.75,21.00,20.75,21.00,333600,5.167804
1989-07-24,20.875,20.875,20.625,20.875,139700,5.137043
1989-07-21,20.875,21.00,20.75,20.875,205600,5.137043
1989-07-20,21.125,21.125,20.875,20.875,160700,5.137043
1989-07-19,20.875,21.125,20.875,21.125,173700,5.198564
1989-07-18,20.875,21.00,20.75,21.00,149700,5.167804
1989-07-17,20.875,21.00,20.875,21.00,131500,5.167804
1989-07-14,21.25,21.25,21.00,21.125,279300,5.198564
1989-07-13,21.00,21.25,21.00,21.25,277000,5.229325
1989-07-12,21.125,21.25,20.875,21.125,529500,5.198564
1989-07-11,21.25,21.25,21.125,21.25,452300,5.229325
1989-07-10,21.00,21.25,21.00,21.125,844200,5.198564
1989-07-07,21.00,21.125,20.875,21.125,179200,5.198564
1989-07-06,20.875,21.00,20.75,21.00,230700,5.167804
1989-07-05,20.75,21.00,20.625,20.875,230700,5.137043
1989-07-03,20.75,20.75,20.625,20.75,47700,5.106282
1989-06-30,20.75,20.75,20.375,20.75,222800,5.106282
1989-06-29,21.125,21.125,20.75,20.875,306800,5.137043
1989-06-28,21.25,21.25,21.125,21.25,96500,5.229325
1989-06-27,21.25,21.375,21.25,21.25,147200,5.229325
1989-06-26,21.25,21.375,21.125,21.375,328500,5.260086
1989-06-23,21.125,21.375,21.00,21.375,242400,5.260086
1989-06-22,20.75,21.125,20.625,21.125,453300,5.198564
1989-06-21,20.75,20.875,20.625,20.875,250200,5.137043
1989-06-20,20.75,20.875,20.75,20.75,136300,5.106282
1989-06-19,20.875,20.875,20.625,20.875,194400,5.137043
1989-06-16,20.75,20.875,20.75,20.875,472200,5.137043
1989-06-15,20.875,20.875,20.75,20.75,133200,5.106282
1989-06-14,20.75,20.875,20.75,20.875,278600,5.137043
1989-06-13,20.75,20.75,20.50,20.75,468700,5.106282
1989-06-12,20.75,20.75,20.50,20.75,602800,5.106282
1989-06-09,20.50,20.75,20.50,20.625,254700,5.075521
1989-06-08,21.00,21.125,20.875,21.00,387000,5.064447
1989-06-07,20.625,21.00,20.625,21.00,476000,5.064447
1989-06-06,20.375,20.75,20.25,20.625,516200,4.974011
1989-06-05,20.125,20.375,20.125,20.25,208900,4.883574
1989-06-02,19.875,20.25,19.875,20.25,586600,4.883574
1989-06-01,19.875,19.875,19.75,19.75,125300,4.762992
1989-05-31,19.875,19.875,19.75,19.875,182200,4.793138
1989-05-30,20.00,20.00,19.75,19.75,156000,4.762992
1989-05-26,19.875,20.00,19.875,19.875,163400,4.793138
1989-05-25,20.00,20.25,19.875,20.00,245700,4.823283
1989-05-24,19.75,20.00,19.75,20.00,1276600,4.823283
1989-05-23,19.75,19.875,19.625,19.75,546200,4.762992
1989-05-22,20.00,20.00,19.625,19.625,311300,4.732847
1989-05-19,19.875,20.00,19.75,20.00,311400,4.823283
1989-05-18,19.875,20.00,19.75,19.75,233700,4.762992
1989-05-17,19.875,20.00,19.75,20.00,133700,4.823283
1989-05-16,19.75,19.875,19.625,19.875,388100,4.793138
1989-05-15,19.75,19.75,19.50,19.75,306500,4.762992
1989-05-12,19.625,19.875,19.375,19.75,638500,4.762992
1989-05-11,19.25,19.375,19.25,19.25,159200,4.64241
1989-05-10,19.25,19.375,19.125,19.25,132800,4.64241
1989-05-09,19.375,19.50,19.25,19.25,93000,4.64241
1989-05-08,19.50,19.625,19.375,19.375,127100,4.672556
1989-05-05,19.625,19.75,19.50,19.50,184500,4.702701
1989-05-04,19.75,19.75,19.50,19.50,402800,4.702701
1989-05-03,19.50,19.75,19.375,19.75,293700,4.762992
1989-05-02,18.875,19.50,18.875,19.50,435900,4.702701
1989-05-01,19.00,19.00,18.875,19.00,722100,4.582119
1989-04-28,18.75,19.00,18.75,18.875,188900,4.551974
1989-04-27,18.625,18.875,18.625,18.875,966500,4.551974
1989-04-26,18.75,18.75,18.625,18.75,204300,4.521828
1989-04-25,18.625,18.875,18.50,18.625,417700,4.491683
1989-04-24,18.625,18.625,18.50,18.625,167800,4.491683
1989-04-21,18.625,18.75,18.50,18.625,130900,4.491683
1989-04-20,18.50,18.625,18.50,18.50,73300,4.461537
1989-04-19,18.625,18.75,18.50,18.625,127000,4.491683
1989-04-18,18.50,18.75,18.375,18.625,318900,4.491683
1989-04-17,18.50,18.50,18.25,18.50,210100,4.461537
1989-04-14,18.375,18.50,18.25,18.50,132400,4.461537
1989-04-13,18.50,18.50,18.25,18.25,75200,4.401246
1989-04-12,18.375,18.50,18.25,18.375,151700,4.431391
1989-04-11,18.375,18.50,18.25,18.25,138400,4.401246
1989-04-10,18.625,18.625,18.25,18.375,168000,4.431391
1989-04-07,18.375,18.75,18.25,18.625,534400,4.491683
1989-04-06,18.125,18.50,18.125,18.50,288100,4.461537
1989-04-05,17.75,18.25,17.625,18.125,656600,4.3711
1989-04-04,17.625,17.75,17.625,17.625,40700,4.250518
1989-04-03,17.875,17.875,17.625,17.75,124500,4.280664
1989-03-31,17.625,17.875,17.625,17.875,200900,4.310809
1989-03-30,17.75,17.875,17.625,17.625,195100,4.250518
1989-03-29,17.875,17.875,17.75,17.875,107000,4.310809
1989-03-28,17.875,17.875,17.625,17.875,242500,4.310809
1989-03-27,17.75,17.875,17.75,17.875,137300,4.310809
1989-03-23,17.75,17.875,17.75,17.75,190100,4.280664
1989-03-22,17.875,18.00,17.75,17.75,151400,4.280664
1989-03-21,17.75,17.875,17.625,17.75,126500,4.280664
1989-03-20,17.50,17.75,17.50,17.75,254100,4.280664
1989-03-17,17.625,17.75,17.50,17.50,258400,4.220373
1989-03-16,17.75,17.875,17.625,17.75,403400,4.280664
1989-03-15,17.625,17.75,17.625,17.625,235700,4.250518
1989-03-14,17.75,17.875,17.625,17.75,666500,4.280664
1989-03-13,17.625,17.75,17.375,17.625,535100,4.250518
1989-03-10,17.875,17.875,17.125,17.625,172600,4.250518
1989-03-09,17.875,18.25,17.875,18.125,1392400,4.269811
1989-03-08,17.875,18.00,17.875,17.875,102800,4.210917
1989-03-07,17.875,18.00,17.875,17.875,80800,4.210917
1989-03-06,17.875,18.00,17.75,18.00,623500,4.240364
1989-03-03,17.625,17.75,17.625,17.75,144100,4.18147
1989-03-02,17.75,17.75,17.50,17.625,187300,4.152023
1989-03-01,17.625,17.75,17.625,17.625,138400,4.152023
1989-02-28,17.75,17.875,17.625,17.75,190500,4.18147
1989-02-27,17.625,17.75,17.625,17.75,131200,4.18147
1989-02-24,17.875,17.875,17.75,17.75,161100,4.18147
1989-02-23,17.75,17.875,17.75,17.875,87900,4.210917
1989-02-22,17.875,18.00,17.75,17.75,411000,4.18147
1989-02-21,18.00,18.125,18.00,18.00,907500,4.240364
1989-02-17,18.125,18.125,18.00,18.00,99200,4.240364
1989-02-16,18.125,18.125,18.00,18.00,115200,4.240364
1989-02-15,18.00,18.00,17.875,18.00,138700,4.240364
1989-02-14,18.00,18.125,17.75,17.875,124900,4.210917
1989-02-13,17.875,17.875,17.75,17.875,301000,4.210917
1989-02-10,18.00,18.125,17.875,17.875,405900,4.210917
1989-02-09,18.25,18.50,18.125,18.125,210500,4.269811
1989-02-08,18.375,18.50,18.25,18.25,274500,4.299258
1989-02-07,18.125,18.50,18.125,18.50,232100,4.358152
1989-02-06,18.25,18.25,18.125,18.25,152100,4.299258
1989-02-03,18.125,18.25,18.00,18.125,133400,4.269811
1989-02-02,18.125,18.25,18.00,18.125,240400,4.269811
1989-02-01,18.25,18.25,18.125,18.125,128000,4.269811
1989-01-31,18.25,18.25,18.00,18.25,181600,4.299258
1989-01-30,18.00,18.25,17.875,18.25,406900,4.299258
1989-01-27,18.125,18.25,18.00,18.00,240900,4.240364
1989-01-26,18.00,18.125,17.875,18.00,851100,4.240364
1989-01-25,18.00,18.00,17.875,17.875,589600,4.210917
1989-01-24,17.75,18.00,17.75,18.00,182300,4.240364
1989-01-23,17.875,18.00,17.75,18.00,165400,4.240364
1989-01-20,17.875,18.00,17.75,17.875,172100,4.210917
1989-01-19,17.875,18.00,17.75,18.00,235300,4.240364
1989-01-18,17.75,18.00,17.625,18.00,223200,4.240364
1989-01-17,17.75,17.875,17.625,17.75,302300,4.18147
1989-01-16,17.75,17.75,17.625,17.625,181000,4.152023
1989-01-13,17.75,17.875,17.625,17.75,195500,4.18147
1989-01-12,17.75,17.875,17.75,17.75,233500,4.18147
1989-01-11,17.875,18.00,17.75,17.875,331100,4.210917
1989-01-10,18.00,18.125,17.875,17.875,185200,4.210917
1989-01-09,17.875,18.25,17.75,18.00,569900,4.240364
1989-01-06,17.75,17.875,17.625,17.75,350600,4.18147
1989-01-05,17.50,17.75,17.50,17.50,1107500,4.122576
1989-01-04,17.375,17.625,17.375,17.50,529400,4.122576
1989-01-03,17.50,17.50,17.375,17.375,259000,4.093129
1988-12-30,17.375,17.50,17.375,17.375,253800,4.093129
1988-12-29,17.375,17.50,17.25,17.375,494400,4.093129
1988-12-28,17.375,17.375,17.25,17.375,193200,4.093129
1988-12-27,17.375,17.50,17.25,17.25,305100,4.063682
1988-12-23,17.125,17.375,17.125,17.25,539600,4.063682
1988-12-22,17.00,17.375,16.875,17.125,1555800,4.034235
1988-12-21,16.00,16.25,16.00,16.00,83400,3.769213
1988-12-20,16.25,16.25,16.125,16.25,95300,3.828107
1988-12-19,16.00,16.25,16.00,16.125,396100,3.79866
1988-12-16,16.125,16.25,16.125,16.25,275700,3.828107
1988-12-15,16.25,16.25,16.125,16.25,1117100,3.828107
1988-12-14,16.25,16.375,16.00,16.25,1517600,3.828107
1988-12-13,16.625,16.875,16.625,16.875,4867900,3.8764
1988-12-12,16.625,16.75,16.50,16.625,264200,3.818972
1988-12-09,16.625,16.625,16.50,16.50,86800,3.790257
1988-12-08,16.50,16.625,16.50,16.50,129600,3.790257
1988-12-07,16.50,16.625,16.375,16.625,184000,3.818972
1988-12-06,16.25,16.50,16.25,16.50,121800,3.790257
1988-12-05,16.375,16.50,16.25,16.375,184900,3.761543
1988-12-02,16.125,16.375,16.125,16.25,95100,3.732829
1988-12-01,16.375,16.375,16.125,16.25,118900,3.732829
1988-11-30,16.00,16.375,16.00,16.375,216800,3.761543
1988-11-29,15.875,16.125,15.875,16.00,111600,3.675401
1988-11-28,15.875,16.00,15.875,16.00,74000,3.675401
1988-11-25,16.00,16.00,15.875,15.875,86900,3.646687
1988-11-23,16.00,16.125,15.875,16.00,55600,3.675401
1988-11-22,15.75,16.00,15.75,16.00,136000,3.675401
1988-11-21,16.00,16.00,15.75,15.875,179700,3.646687
1988-11-18,16.25,16.375,16.00,16.00,147000,3.675401
1988-11-17,16.25,16.375,16.125,16.25,120300,3.732829
1988-11-16,16.375,16.50,16.25,16.375,150300,3.761543
1988-11-15,16.375,16.50,16.25,16.50,237300,3.790257
1988-11-14,16.50,16.50,16.25,16.375,352400,3.761543
1988-11-11,16.50,16.625,16.375,16.50,145900,3.790257
1988-11-10,16.625,16.625,16.50,16.50,76500,3.790257
1988-11-09,16.50,16.625,16.50,16.50,316400,3.790257
1988-11-08,16.50,16.625,16.375,16.50,100500,3.790257
1988-11-07,16.50,16.625,16.375,16.50,155000,3.790257
1988-11-04,16.625,16.75,16.50,16.75,256200,3.847686
1988-11-03,16.625,16.75,16.50,16.625,220300,3.818972
1988-11-02,16.625,16.75,16.625,16.625,237900,3.818972
1988-11-01,16.50,16.75,16.50,16.75,366100,3.847686
1988-10-31,16.25,16.625,16.25,16.625,240400,3.818972
1988-10-28,16.375,16.50,16.25,16.375,285500,3.761543
1988-10-27,16.25,16.50,16.125,16.25,372200,3.732829
1988-10-26,16.125,16.375,16.00,16.375,556500,3.761543
1988-10-25,16.00,16.125,16.00,16.00,162700,3.675401
1988-10-24,16.00,16.125,16.00,16.125,190200,3.704115
1988-10-21,16.00,16.125,15.875,16.125,213200,3.704115
1988-10-20,15.875,16.125,15.75,16.125,216500,3.704115
1988-10-19,16.00,16.00,15.75,15.875,215600,3.646687
1988-10-18,15.875,16.00,15.75,16.00,315700,3.675401
1988-10-17,15.75,15.875,15.75,15.875,118800,3.646687
1988-10-14,16.00,16.00,15.75,15.75,152600,3.617973
1988-10-13,15.875,16.00,15.75,15.875,219900,3.646687
1988-10-12,16.00,16.00,15.75,15.75,301700,3.617973
1988-10-11,15.875,16.125,15.875,16.125,321000,3.704115
1988-10-10,16.125,16.25,15.875,16.00,323500,3.675401
1988-10-07,15.875,16.25,15.75,16.25,637600,3.732829
1988-10-06,15.50,15.875,15.25,15.875,554100,3.646687
1988-10-05,15.375,15.625,15.25,15.50,631600,3.560545
1988-10-04,14.625,15.625,14.625,15.375,1124200,3.531831
1988-10-03,14.625,14.625,14.375,14.50,162700,3.330832
1988-09-30,14.75,14.75,14.50,14.50,279600,3.330832
1988-09-29,14.625,15.00,14.625,14.625,660000,3.359546
1988-09-28,14.875,14.875,14.625,14.75,147600,3.38826
1988-09-27,14.75,15.00,14.75,14.75,329700,3.38826
1988-09-26,14.50,14.75,14.375,14.75,223800,3.38826
1988-09-23,14.75,14.875,14.50,14.625,249600,3.359546
1988-09-22,14.875,14.875,14.75,14.875,146400,3.416975
1988-09-21,14.75,15.00,14.75,15.00,236300,3.445689
1988-09-20,14.625,14.875,14.625,14.75,156100,3.38826
1988-09-19,14.75,14.875,14.625,14.625,309000,3.359546
1988-09-16,14.625,14.875,14.625,14.875,386200,3.416975
1988-09-15,14.875,15.50,14.75,14.75,1268900,3.38826
1988-09-14,15.00,15.00,14.75,15.00,7784700,3.445689
1988-09-13,15.375,15.50,15.375,15.50,21766300,3.464066
1988-09-12,15.375,15.50,15.25,15.375,633600,3.43613
1988-09-09,15.25,15.50,15.125,15.375,855600,3.43613
1988-09-08,15.125,15.375,15.125,15.375,224900,3.43613
1988-09-07,15.25,15.25,15.125,15.25,178300,3.408194
1988-09-06,15.125,15.25,15.125,15.125,147100,3.380258
1988-09-02,15.00,15.25,15.00,15.25,407200,3.408194
1988-09-01,14.875,15.00,14.75,14.875,339700,3.324386
1988-08-31,15.00,15.125,14.875,14.875,417200,3.324386
1988-08-30,14.875,15.00,14.75,15.00,188100,3.352322
1988-08-29,14.75,14.875,14.75,14.75,150500,3.29645
1988-08-26,14.75,14.875,14.625,14.875,147700,3.324386
1988-08-25,14.625,14.875,14.50,14.75,444300,3.29645
1988-08-24,14.375,14.625,14.375,14.625,187500,3.268514
1988-08-23,14.25,14.50,14.25,14.375,95400,3.212642
1988-08-22,14.375,14.50,14.25,14.375,185400,3.212642
1988-08-19,14.25,14.375,14.25,14.375,162800,3.212642
1988-08-18,14.25,14.50,14.25,14.25,211000,3.184706
1988-08-17,14.125,14.375,14.125,14.375,343600,3.212642
1988-08-16,14.125,14.375,14.125,14.125,190800,3.15677
1988-08-15,14.125,14.25,14.125,14.125,53200,3.15677
1988-08-12,14.125,14.25,14.125,14.25,379600,3.184706
1988-08-11,14.125,14.25,14.00,14.25,123000,3.184706
1988-08-10,14.25,14.25,14.00,14.125,166500,3.15677
1988-08-09,14.375,14.50,14.125,14.25,601000,3.184706
1988-08-08,14.50,14.50,14.375,14.50,146900,3.240578
1988-08-05,14.50,14.50,14.375,14.50,99400,3.240578
1988-08-04,14.375,14.50,14.375,14.50,207900,3.240578
1988-08-03,14.125,14.375,14.125,14.25,162500,3.184706
1988-08-02,14.00,14.375,14.00,14.125,162500,3.15677
1988-08-01,14.125,14.125,14.00,14.00,112400,3.128834
1988-07-29,14.125,14.125,14.00,14.125,276400,3.15677
1988-07-28,13.875,14.125,13.875,14.00,166800,3.128834
1988-07-27,13.875,13.875,13.75,13.75,151100,3.072961
1988-07-26,13.75,13.875,13.625,13.75,184000,3.072961
1988-07-25,13.75,13.75,13.50,13.625,144500,3.045025
1988-07-22,14.00,14.00,13.625,13.625,209300,3.045025
1988-07-21,14.125,14.125,13.875,13.875,185600,3.100897
1988-07-20,14.25,14.25,14.00,14.125,357000,3.15677
1988-07-19,14.50,14.50,14.125,14.125,120200,3.15677
1988-07-18,14.625,14.625,14.375,14.375,179500,3.212642
1988-07-15,14.50,14.625,14.375,14.50,544100,3.240578
1988-07-14,14.625,14.625,14.50,14.625,114800,3.268514
1988-07-13,14.50,14.625,14.375,14.625,275100,3.268514
1988-07-12,14.625,14.625,14.375,14.375,181900,3.212642
1988-07-11,14.50,14.625,14.375,14.50,349300,3.240578
1988-07-08,14.375,14.50,14.375,14.50,895200,3.240578
1988-07-07,14.25,14.50,14.25,14.50,301400,3.240578
1988-07-06,14.375,14.50,14.25,14.375,416700,3.212642
1988-07-05,14.25,14.375,14.125,14.375,457600,3.212642
1988-07-01,14.00,14.25,14.00,14.25,358900,3.184706
1988-06-30,14.125,14.125,14.00,14.125,341100,3.15677
1988-06-29,14.00,14.125,13.875,14.125,482800,3.15677
1988-06-28,13.75,14.00,13.75,14.00,821600,3.128834
1988-06-27,13.50,13.875,13.375,13.875,657800,3.100897
1988-06-24,13.50,13.625,13.375,13.50,810600,3.017089
1988-06-23,13.50,13.625,13.375,13.375,313400,2.989153
1988-06-22,13.50,13.625,13.375,13.50,433100,3.017089
1988-06-21,13.25,13.50,13.25,13.375,247800,2.989153
1988-06-20,13.375,13.375,13.25,13.375,124500,2.989153
1988-06-17,13.25,13.375,13.125,13.375,332100,2.989153
1988-06-16,13.25,13.50,13.25,13.25,137300,2.961217
1988-06-15,13.25,13.375,13.25,13.375,178500,2.989153
1988-06-14,13.25,13.50,13.25,13.25,469300,2.961217
1988-06-13,13.125,13.25,13.00,13.125,501800,2.933281
1988-06-10,13.375,13.50,13.00,13.00,1203700,2.905345
1988-06-09,13.875,14.00,13.875,13.875,30726000,2.92613
1988-06-08,13.875,14.00,13.75,14.00,344500,2.952491
1988-06-07,14.00,14.00,13.75,13.875,206000,2.92613
1988-06-06,13.875,14.00,13.875,14.00,128000,2.952491
1988-06-03,14.00,14.125,13.50,13.875,292600,2.92613
1988-06-02,13.75,14.00,13.75,13.875,219300,2.92613
1988-06-01,13.625,13.875,13.625,13.875,1020000,2.92613
1988-05-31,13.50,13.75,13.375,13.75,356600,2.899768
1988-05-27,13.50,13.50,13.375,13.50,344900,2.847045
1988-05-26,13.375,13.50,13.25,13.50,401900,2.847045
1988-05-25,13.125,13.50,13.125,13.25,340100,2.794322
1988-05-24,12.75,13.125,12.75,13.125,1051900,2.767961
1988-05-23,12.75,12.875,12.625,12.75,156100,2.688876
1988-05-20,12.50,12.875,12.50,12.75,259300,2.688876
1988-05-19,12.50,12.625,12.375,12.50,161400,2.636153
1988-05-18,12.625,12.75,12.50,12.50,189400,2.636153
1988-05-17,12.75,12.875,12.625,12.625,631100,2.662515
1988-05-16,12.375,12.75,12.375,12.75,369000,2.688876
1988-05-13,12.25,12.50,12.25,12.50,155800,2.636153
1988-05-12,12.125,12.375,12.00,12.375,392900,2.609792
1988-05-11,12.125,12.25,12.00,12.125,219900,2.557068
1988-05-10,12.125,12.25,12.00,12.125,271600,2.557068
1988-05-09,12.375,12.50,12.00,12.125,586300,2.557068
1988-05-06,12.625,12.625,12.50,12.50,246500,2.636153
1988-05-05,12.50,12.625,12.375,12.50,525000,2.636153
1988-05-04,12.75,12.875,12.50,12.50,610700,2.636153
1988-05-03,12.875,13.00,12.625,12.75,448100,2.688876
1988-05-02,13.125,13.25,12.75,13.00,502600,2.741599
1988-04-29,13.125,13.25,13.125,13.125,150300,2.767961
1988-04-28,13.125,13.25,13.125,13.25,178400,2.794322
1988-04-27,13.125,13.25,13.125,13.25,138200,2.794322
1988-04-26,13.25,13.375,13.125,13.25,258600,2.794322
1988-04-25,13.375,13.50,13.125,13.125,296400,2.767961
1988-04-22,13.25,13.375,13.25,13.375,161100,2.820684
1988-04-21,13.125,13.375,13.125,13.25,251800,2.794322
1988-04-20,13.125,13.25,13.125,13.25,185600,2.794322
1988-04-19,13.25,13.375,13.125,13.125,308100,2.767961
1988-04-18,13.50,13.50,13.25,13.25,191700,2.794322
1988-04-15,13.375,13.50,13.25,13.375,303200,2.820684
1988-04-14,13.625,13.75,13.375,13.50,299200,2.847045
1988-04-13,13.625,13.75,13.625,13.625,137200,2.873407
1988-04-12,13.875,13.875,13.625,13.75,242300,2.899768
1988-04-11,13.625,13.875,13.50,13.875,187700,2.92613
1988-04-08,13.625,13.625,13.50,13.625,482200,2.873407
1988-04-07,13.625,13.625,13.50,13.50,173200,2.847045
1988-04-06,13.50,13.625,13.375,13.625,329900,2.873407
1988-04-05,13.625,13.625,13.50,13.625,183700,2.873407
1988-04-04,13.625,13.625,13.50,13.625,156700,2.873407
1988-03-31,13.625,13.625,13.50,13.625,132500,2.873407
1988-03-30,13.625,13.625,13.50,13.50,152900,2.847045
1988-03-29,13.50,13.625,13.50,13.50,139200,2.847045
1988-03-28,13.625,13.625,13.50,13.50,220200,2.847045
1988-03-25,13.625,13.75,13.50,13.50,225000,2.847045
1988-03-24,13.625,13.75,13.50,13.625,218800,2.873407
1988-03-23,13.625,13.875,13.625,13.75,403100,2.899768
1988-03-22,13.75,13.75,13.625,13.75,116300,2.899768
1988-03-21,14.00,14.00,13.625,13.625,175000,2.873407
1988-03-18,14.00,14.00,13.75,14.00,371700,2.952491
1988-03-17,13.875,14.00,13.875,14.00,162800,2.952491
1988-03-16,13.75,14.00,13.75,13.875,228300,2.92613
1988-03-15,13.75,13.875,13.75,13.875,181400,2.92613
1988-03-14,13.75,13.875,13.625,13.75,303600,2.899768
1988-03-11,13.50,13.75,13.50,13.75,542000,2.899768
1988-03-10,13.625,13.75,13.50,13.50,765800,2.847045
1988-03-09,14.25,14.25,14.00,14.125,11371500,2.890278
1988-03-08,14.25,14.375,14.125,14.125,7401500,2.890278
1988-03-07,14.375,14.50,14.25,14.25,448500,2.915856
1988-03-04,14.50,14.625,14.25,14.50,432100,2.967011
1988-03-03,14.50,14.625,14.50,14.625,89200,2.992589
1988-03-02,14.50,14.625,14.375,14.50,152900,2.967011
1988-03-01,14.375,14.50,14.25,14.375,226900,2.941434
1988-02-29,14.375,14.50,14.25,14.50,252400,2.967011
1988-02-26,14.25,14.375,14.125,14.375,114600,2.941434
1988-02-25,14.25,14.50,14.25,14.25,210300,2.915856
1988-02-24,14.375,14.50,14.375,14.375,232700,2.941434
1988-02-23,14.125,14.50,14.125,14.375,187900,2.941434
1988-02-22,14.125,14.25,14.00,14.125,325600,2.890278
1988-02-19,14.125,14.375,14.00,14.375,150400,2.941434
1988-02-18,14.00,14.125,14.00,14.125,104900,2.890278
1988-02-17,14.25,14.25,14.00,14.00,172900,2.8647
1988-02-16,14.125,14.125,14.00,14.125,353500,2.890278
1988-02-12,14.125,14.25,13.875,14.00,371700,2.8647
1988-02-11,14.50,14.50,14.00,14.25,526700,2.915856
1988-02-10,14.375,14.50,14.25,14.50,170000,2.967011
1988-02-09,14.50,14.50,14.25,14.375,271500,2.941434
1988-02-08,14.50,14.625,14.375,14.625,203600,2.992589
1988-02-05,14.50,14.75,14.50,14.625,131400,2.992589
1988-02-04,14.625,14.75,14.375,14.625,260700,2.992589
1988-02-03,15.00,15.00,14.25,14.75,306000,3.018167
1988-02-02,15.00,15.125,14.625,15.00,263700,3.069322
1988-02-01,15.375,15.375,15.00,15.125,398300,3.0949
1988-01-29,14.875,15.25,14.75,15.25,465500,3.120477
1988-01-28,14.625,14.875,14.50,14.875,222500,3.043744
1988-01-27,14.625,14.75,14.50,14.50,250800,2.967011
1988-01-26,14.625,14.75,14.50,14.50,253300,2.967011
1988-01-25,14.50,14.625,14.375,14.625,390200,2.992589
1988-01-22,14.375,14.50,14.25,14.50,378400,2.967011
1988-01-21,14.50,14.50,14.375,14.50,258000,2.967011
1988-01-20,14.375,14.375,14.25,14.25,212200,2.915856
1988-01-19,14.25,14.375,14.125,14.25,233200,2.915856
1988-01-18,14.375,14.50,14.25,14.25,244300,2.915856
1988-01-15,14.25,14.50,14.125,14.25,362800,2.915856
1988-01-14,14.125,14.125,14.00,14.125,241900,2.890278
1988-01-13,13.875,14.125,13.75,14.00,257400,2.8647
1988-01-12,13.875,14.00,13.75,13.875,219700,2.839123
1988-01-11,13.875,13.875,13.50,13.75,246900,2.813545
1988-01-08,14.375,14.375,13.75,14.00,218200,2.8647
1988-01-07,14.625,14.625,14.25,14.375,189900,2.941434
1988-01-06,14.50,14.625,14.125,14.375,302500,2.941434
1988-01-05,14.125,14.375,14.00,14.375,356000,2.941434
1988-01-04,13.50,14.00,13.50,13.875,315200,2.839123
1987-12-31,13.375,13.375,13.125,13.375,304400,2.736812
1987-12-30,13.50,13.50,13.125,13.25,703300,2.711234
1987-12-29,13.75,13.75,13.375,13.50,336400,2.76239
1987-12-28,13.625,13.75,13.625,13.75,231800,2.813545
1987-12-24,14.125,14.125,13.75,13.75,234000,2.813545
1987-12-23,14.00,14.125,13.875,14.00,273700,2.8647
1987-12-22,13.875,14.00,13.625,14.00,223900,2.8647
1987-12-21,13.875,14.00,13.75,13.875,464300,2.839123
1987-12-18,13.75,13.75,13.625,13.75,367000,2.813545
1987-12-17,13.875,13.875,13.625,13.75,221300,2.813545
1987-12-16,13.875,14.00,13.75,14.00,173800,2.8647
1987-12-15,13.50,13.75,13.50,13.75,498700,2.813545
1987-12-14,13.50,13.625,13.375,13.50,316000,2.76239
1987-12-11,13.50,13.50,13.25,13.50,502600,2.76239
1987-12-10,13.625,13.625,13.375,13.375,637500,2.736812
1987-12-09,14.125,14.25,14.00,14.125,37595800,2.804337
1987-12-08,14.125,14.625,14.00,14.125,149600,2.804337
1987-12-07,13.875,14.125,13.875,14.125,253500,2.804337
1987-12-04,14.00,14.125,13.875,14.00,277200,2.77952
1987-12-03,14.125,14.125,13.875,13.875,203900,2.754703
1987-12-02,14.25,14.25,13.875,14.125,575400,2.804337
1987-12-01,14.00,14.25,14.00,14.125,432600,2.804337
1987-11-30,14.00,14.125,13.75,13.875,4888700,2.754703
1987-11-27,14.00,14.125,14.00,14.125,92200,2.804337
1987-11-25,14.125,14.25,14.00,14.125,180400,2.804337
1987-11-24,14.00,14.25,14.00,14.125,221700,2.804337
1987-11-23,14.00,14.00,13.75,14.00,261600,2.77952
1987-11-20,13.75,13.875,13.625,13.875,239700,2.754703
1987-11-19,14.00,14.125,13.75,13.875,375100,2.754703
1987-11-18,14.125,14.25,14.00,14.00,159700,2.77952
1987-11-17,14.25,14.375,14.00,14.25,460000,2.829154
1987-11-16,14.25,14.50,14.125,14.25,449700,2.829154
1987-11-13,14.25,14.25,14.00,14.00,153400,2.77952
1987-11-12,14.125,14.25,14.00,14.25,146500,2.829154
1987-11-11,14.00,14.125,14.00,14.00,260000,2.77952
1987-11-10,14.125,14.25,13.875,14.00,285500,2.77952
1987-11-09,14.50,14.625,14.125,14.25,220900,2.829154
1987-11-06,14.625,14.75,14.50,14.625,356500,2.903606
1987-11-05,14.50,14.625,14.25,14.375,332800,2.853971
1987-11-04,14.50,14.625,14.125,14.50,184400,2.878789
1987-11-03,14.375,14.50,14.25,14.375,180100,2.853971
1987-11-02,14.25,14.50,14.125,14.25,201800,2.829154
1987-10-30,14.50,14.625,14.125,14.125,782300,2.804337
1987-10-29,14.375,14.50,14.25,14.375,198700,2.853971
1987-10-28,14.125,14.25,14.00,14.125,254200,2.804337
1987-10-27,14.375,14.50,14.25,14.25,227900,2.829154
1987-10-26,14.375,14.375,13.75,14.125,276400,2.804337
1987-10-23,14.25,14.625,14.125,14.50,198500,2.878789
1987-10-22,14.25,14.50,14.00,14.25,552200,2.829154
1987-10-21,14.25,14.875,14.25,14.625,439100,2.903606
1987-10-20,13.25,14.00,12.875,13.75,706000,2.729886
1987-10-19,14.00,14.125,12.50,13.25,824500,2.630617
1987-10-16,14.625,14.875,14.00,14.00,429600,2.77952
1987-10-15,14.50,14.875,14.375,14.625,226000,2.903606
1987-10-14,14.875,14.875,14.625,14.75,152300,2.928423
1987-10-13,14.50,14.875,14.50,14.875,185600,2.95324
1987-10-12,14.50,14.625,14.375,14.50,187800,2.878789
1987-10-09,14.50,14.75,14.375,14.50,151200,2.878789
1987-10-08,14.50,14.625,14.50,14.625,159500,2.903606
1987-10-07,14.50,14.625,14.375,14.50,292200,2.878789
1987-10-06,14.625,14.625,14.50,14.50,332600,2.878789
1987-10-05,14.625,14.75,14.50,14.50,212600,2.878789
1987-10-02,14.50,14.75,14.50,14.75,584600,2.928423
1987-10-01,14.625,14.625,14.375,14.50,373900,2.878789
1987-09-30,14.75,14.75,14.50,14.50,343100,2.878789
1987-09-29,14.75,14.875,14.625,14.625,228000,2.903606
1987-09-28,14.875,14.875,14.625,14.875,180900,2.95324
1987-09-25,14.875,14.875,14.50,14.75,280900,2.928423
1987-09-24,15.00,15.00,14.75,14.75,170600,2.928423
1987-09-23,14.875,15.00,14.75,15.00,328200,2.978057
1987-09-22,14.875,14.875,14.50,14.875,678400,2.95324
1987-09-21,14.75,14.875,14.625,14.625,415500,2.903606
1987-09-18,15.00,15.00,14.75,14.75,1250000,2.928423
1987-09-17,14.75,15.00,14.625,14.75,1200000,2.928423
1987-09-16,15.375,15.50,15.25,15.25,33940000,2.944306
1987-09-15,15.50,15.625,15.25,15.50,589800,2.992573
1987-09-14,15.375,15.50,15.25,15.50,15690000,2.992573
1987-09-11,15.25,15.375,15.125,15.25,219700,2.944306
1987-09-10,15.25,15.375,15.125,15.125,413800,2.920172
1987-09-09,15.375,15.375,15.00,15.25,525600,2.944306
1987-09-08,15.125,15.25,15.125,15.25,248900,2.944306
1987-09-04,15.25,15.375,15.00,15.125,469800,2.920172
1987-09-03,15.25,15.25,15.00,15.25,338900,2.944306
1987-09-02,15.375,15.375,15.00,15.125,579300,2.920172
1987-09-01,15.50,15.50,15.25,15.25,350800,2.944306
1987-08-31,15.375,15.50,15.375,15.50,223600,2.992573
1987-08-28,15.625,15.875,15.00,15.50,4994000,2.992573
1987-08-27,15.875,15.875,15.75,15.875,139900,3.064974
1987-08-26,15.875,16.00,15.75,15.875,283900,3.064974
1987-08-25,16.00,16.00,15.75,15.875,523800,3.064974
1987-08-24,15.875,16.00,15.75,16.00,156300,3.089108
1987-08-21,16.00,16.125,15.75,15.75,225000,3.04084
1987-08-20,16.00,16.00,15.75,16.00,750900,3.089108
1987-08-19,15.875,16.00,15.75,15.875,181200,3.064974
1987-08-18,16.00,16.00,15.75,15.875,209500,3.064974
1987-08-17,15.875,16.125,15.875,16.00,548900,3.089108
1987-08-14,15.75,16.125,15.75,16.00,624500,3.089108
1987-08-13,15.50,16.00,15.375,15.875,1010000,3.064974
1987-08-12,15.25,15.625,15.25,15.50,396500,2.992573
1987-08-11,15.125,15.375,15.00,15.375,489900,2.968439
1987-08-10,15.125,15.25,15.00,15.25,329200,2.944306
1987-08-07,15.50,15.50,15.00,15.125,397400,2.920172
1987-08-06,15.50,15.50,15.25,15.50,242300,2.992573
1987-08-05,15.375,15.50,15.25,15.50,331400,2.992573
1987-08-04,15.125,15.375,15.125,15.25,208900,2.944306
1987-08-03,15.25,15.25,15.125,15.125,333100,2.920172
1987-07-31,15.125,15.25,15.00,15.25,367800,2.944306
1987-07-30,15.25,15.375,15.125,15.125,186900,2.920172
1987-07-29,15.125,15.25,15.00,15.25,242400,2.944306
1987-07-28,15.25,15.25,15.00,15.25,684000,2.944306
1987-07-27,15.375,15.50,15.125,15.375,285000,2.968439
1987-07-24,15.125,15.375,15.125,15.375,291900,2.968439
1987-07-23,15.375,15.50,15.125,15.25,397700,2.944306
1987-07-22,15.75,15.875,15.25,15.375,487500,2.968439
1987-07-21,15.875,16.00,15.625,15.75,338400,3.04084
1987-07-20,16.125,16.125,15.75,15.75,333700,3.04084
1987-07-17,16.375,16.50,16.00,16.125,1440000,3.113241
1987-07-16,16.125,16.50,16.00,16.375,312100,3.161509
1987-07-15,16.00,16.25,16.00,16.125,218100,3.113241
1987-07-14,16.25,16.25,16.00,16.125,216700,3.113241
1987-07-13,16.375,16.375,16.25,16.375,223000,3.161509
1987-07-10,16.375,16.50,16.375,16.50,121200,3.185642
1987-07-09,16.375,16.625,16.25,16.375,353600,3.161509
1987-07-08,16.25,16.375,16.125,16.375,435300,3.161509
1987-07-07,16.00,16.25,16.00,16.125,284000,3.113241
1987-07-06,16.25,16.375,16.00,16.25,225900,3.137375
1987-07-02,16.375,16.375,16.25,16.375,120300,3.161509
1987-07-01,16.125,16.375,16.125,16.25,191200,3.137375
1987-06-30,16.375,16.375,16.125,16.25,154900,3.137375
1987-06-29,16.25,16.375,16.125,16.375,110900,3.161509
1987-06-26,16.375,16.50,16.00,16.125,127400,3.113241
1987-06-25,16.375,16.50,16.25,16.375,173000,3.161509
1987-06-24,16.25,16.50,16.125,16.25,214700,3.137375
1987-06-23,16.125,16.50,16.00,16.25,526200,3.137375
1987-06-22,16.125,16.25,16.00,16.125,462600,3.113241
1987-06-19,16.375,16.375,16.00,16.125,1940000,3.113241
1987-06-18,16.375,16.375,16.125,16.375,309300,3.161509
1987-06-17,16.375,16.375,16.125,16.125,175900,3.113241
1987-06-16,16.375,16.375,16.125,16.375,147300,3.161509
1987-06-15,16.375,16.50,16.25,16.25,139200,3.137375
1987-06-12,16.375,16.50,16.25,16.50,1250000,3.185642
1987-06-11,16.25,16.50,16.25,16.375,1380000,3.161509
1987-06-10,16.25,16.625,16.25,16.25,1340000,3.137375
1987-06-09,17.125,17.125,16.75,17.125,12290000,3.225222
1987-06-08,17.125,17.125,17.00,17.125,119500,3.225222
1987-06-05,17.00,17.25,17.00,17.00,237700,3.20168
1987-06-04,17.00,17.25,16.875,17.00,135400,3.20168
1987-06-03,16.875,17.125,16.75,17.00,642400,3.20168
1987-06-02,16.75,16.875,16.375,16.875,255500,3.178138
1987-06-01,16.875,16.875,16.625,16.625,143100,3.131055
1987-05-29,16.75,16.875,16.625,16.875,276900,3.178138
1987-05-28,16.25,16.625,16.125,16.50,335000,3.107513
1987-05-27,16.25,16.25,16.125,16.125,223200,3.036887
1987-05-26,16.125,16.375,16.00,16.125,178000,3.036887
1987-05-22,16.00,16.125,15.875,16.00,192400,3.013346
1987-05-21,16.00,16.00,15.875,16.00,267100,3.013346
1987-05-20,16.00,16.125,15.75,15.875,319400,2.989804
1987-05-19,16.625,16.625,16.00,16.00,357400,3.013346
1987-05-18,16.625,16.75,16.25,16.625,137600,3.131055
1987-05-15,16.75,16.875,16.375,16.375,238000,3.083971
1987-05-14,17.00,17.00,16.75,17.00,615100,3.20168
1987-05-13,16.875,17.00,16.75,16.875,128200,3.178138
1987-05-12,17.00,17.00,16.75,16.75,93200,3.154596
1987-05-11,16.875,17.125,16.75,17.00,313000,3.20168
1987-05-08,17.125,17.125,16.625,16.875,324500,3.178138
1987-05-07,17.125,17.25,16.875,17.00,717700,3.20168
1987-05-06,16.875,17.375,16.875,17.25,395200,3.248763
1987-05-05,17.00,17.00,16.875,16.875,283100,3.178138
1987-05-04,17.00,17.00,16.75,16.875,292100,3.178138
1987-05-01,16.875,17.00,16.75,16.875,156500,3.178138
1987-04-30,16.625,17.125,16.50,17.00,200400,3.20168
1987-04-29,16.50,16.75,16.375,16.625,173000,3.131055
1987-04-28,16.125,16.50,16.125,16.25,231700,3.060429
1987-04-27,16.375,16.625,16.125,16.25,302300,3.060429
1987-04-24,16.50,16.625,16.25,16.50,223700,3.107513
1987-04-23,16.50,16.75,16.125,16.625,198600,3.131055
1987-04-22,17.00,17.25,16.50,16.75,209700,3.154596
1987-04-21,16.875,17.125,16.625,17.00,215600,3.20168
1987-04-20,16.875,17.00,16.625,17.00,260600,3.20168
1987-04-16,16.75,16.75,16.50,16.75,550100,3.154596
1987-04-15,16.00,16.625,15.875,16.625,329300,3.131055
1987-04-14,16.875,17.00,15.75,16.00,588900,3.013346
1987-04-13,17.125,17.25,16.875,16.875,164800,3.178138
1987-04-10,16.875,17.125,16.75,17.125,187300,3.225222
1987-04-09,17.25,17.25,16.875,17.00,282000,3.20168
1987-04-08,17.25,17.375,17.125,17.125,271200,3.225222
1987-04-07,17.625,17.625,17.25,17.25,140200,3.248763
1987-04-06,17.75,17.875,17.50,17.625,179600,3.319389
1987-04-03,17.50,17.875,17.25,17.75,473800,3.34293
1987-04-02,17.50,17.50,17.25,17.50,231300,3.295847
1987-04-01,17.25,17.375,17.00,17.375,191600,3.272305
1987-03-31,17.375,17.50,17.25,17.375,553900,3.272305
1987-03-30,17.625,17.625,17.375,17.375,218200,3.272305
1987-03-27,17.875,18.00,17.625,17.75,209600,3.34293
1987-03-26,17.875,17.875,17.75,17.75,183000,3.34293
1987-03-25,17.75,17.875,17.625,17.75,407200,3.34293
1987-03-24,17.625,17.75,17.50,17.625,161100,3.319389
1987-03-23,17.625,17.75,17.375,17.50,475900,3.295847
1987-03-20,17.625,17.625,17.375,17.625,486100,3.319389
1987-03-19,17.625,17.625,17.375,17.625,397700,3.319389
1987-03-18,17.75,17.875,17.50,17.50,267400,3.295847
1987-03-17,17.50,17.50,17.25,17.50,791100,3.295847
1987-03-16,17.50,18.50,17.25,17.50,139100,3.295847
1987-03-13,17.50,17.625,17.375,17.50,218600,3.295847
1987-03-12,17.25,17.50,17.25,17.375,214400,3.272305
1987-03-11,17.375,17.50,17.00,17.25,1050000,3.248763
1987-03-10,17.25,17.625,17.25,17.375,1300000,3.272305
1987-03-09,18.125,18.375,17.875,18.00,9970000,3.310914
1987-03-06,18.50,18.875,18.00,18.125,501300,3.333906
1987-03-05,18.625,18.75,18.50,18.50,380000,3.402884
1987-03-04,18.625,18.75,18.50,18.625,188500,3.425876
1987-03-03,18.625,18.625,18.375,18.50,129600,3.402884
1987-03-02,18.75,18.75,18.50,18.50,243600,3.402884
1987-02-27,18.75,18.875,18.625,18.75,236200,3.448868
1987-02-26,18.75,18.875,18.625,18.625,234400,3.425876
1987-02-25,18.75,18.875,18.75,18.875,223700,3.471861
1987-02-24,18.625,19.00,18.625,18.875,137100,3.471861
1987-02-23,18.75,18.875,18.375,18.625,157600,3.425876
1987-02-20,18.50,18.875,18.50,18.75,235400,3.448868
1987-02-19,18.50,18.625,18.375,18.50,173700,3.402884
1987-02-18,18.625,18.625,18.375,18.50,252500,3.402884
1987-02-17,18.50,18.625,18.375,18.625,405200,3.425876
1987-02-13,18.25,18.625,18.00,18.375,844800,3.379891
1987-02-12,18.375,18.375,18.125,18.25,229800,3.356899
1987-02-11,18.00,18.375,18.00,18.25,308300,3.356899
1987-02-10,18.00,18.125,17.875,18.00,788700,3.310914
1987-02-09,18.375,18.375,18.00,18.125,419100,3.333906
1987-02-06,18.25,18.75,18.125,18.25,213900,3.356899
1987-02-05,18.25,18.50,18.25,18.375,313300,3.379891
1987-02-04,18.375,18.375,18.25,18.25,358600,3.356899
1987-02-03,18.25,18.375,18.25,18.25,179000,3.356899
1987-02-02,18.25,18.375,18.125,18.25,184800,3.356899
1987-01-30,18.375,18.375,18.125,18.25,157800,3.356899
1987-01-29,18.50,18.50,18.25,18.375,356700,3.379891
1987-01-28,18.375,18.50,18.125,18.50,455400,3.402884
1987-01-27,18.375,18.50,18.125,18.375,531500,3.379891
1987-01-26,18.375,18.50,18.25,18.375,765100,3.379891
1987-01-23,18.625,18.875,18.375,18.50,885500,3.402884
1987-01-22,18.25,18.75,18.25,18.625,670100,3.425876
1987-01-21,18.50,18.75,18.375,18.375,652200,3.379891
1987-01-20,18.25,18.625,18.25,18.50,1090000,3.402884
1987-01-19,18.125,18.375,18.00,18.375,174300,3.379891
1987-01-16,18.00,18.25,17.75,18.125,456600,3.333906
1987-01-15,18.00,18.125,17.75,18.00,502200,3.310914
1987-01-14,18.375,18.375,17.875,18.00,664700,3.310914
1987-01-13,18.125,18.50,18.125,18.375,907700,3.379891
1987-01-12,18.375,18.375,18.125,18.375,435200,3.379891
1987-01-09,17.875,18.375,17.875,18.375,424800,3.379891
1987-01-08,17.875,18.00,17.75,18.00,365300,3.310914
1987-01-07,17.50,17.75,17.50,17.625,291300,3.241936
1987-01-06,17.50,17.75,17.375,17.625,449200,3.241936
1987-01-05,17.50,17.625,17.375,17.50,280000,3.218944
1987-01-02,16.50,17.25,16.50,17.25,536500,3.172959
1986-12-31,16.75,16.75,16.375,16.50,461900,3.035004
1986-12-30,16.75,16.875,16.625,16.75,183500,3.080989
1986-12-29,16.75,16.875,16.625,16.75,257200,3.080989
1986-12-26,16.875,16.875,16.75,16.75,128300,3.080989
1986-12-24,16.875,16.875,16.75,16.75,227400,3.080989
1986-12-23,17.125,17.125,16.625,16.75,1000000,3.080989
1986-12-22,17.125,17.25,17.00,17.125,564100,3.149967
1986-12-19,17.375,17.50,17.00,17.25,523800,3.172959
1986-12-18,17.375,17.50,17.25,17.50,344700,3.218944
1986-12-17,17.50,17.625,17.375,17.375,213500,3.195951
1986-12-16,17.50,17.625,17.375,17.50,262400,3.218944
1986-12-15,17.50,17.50,17.375,17.50,200700,3.218944
1986-12-12,17.625,17.75,17.375,17.50,1780000,3.218944
1986-12-11,17.75,17.75,17.375,17.625,1690000,3.241936
1986-12-10,17.75,17.875,17.375,17.75,3730000,3.264929
1986-12-09,18.25,18.50,18.125,18.125,3860000,3.256651
1986-12-08,18.375,18.375,18.125,18.125,278400,3.256651
1986-12-05,18.375,18.50,18.125,18.25,358000,3.279111
1986-12-04,18.375,18.50,18.25,18.50,396700,3.32403
1986-12-03,18.375,18.50,18.25,18.50,366700,3.32403
1986-12-02,18.125,18.50,18.00,18.50,639400,3.32403
1986-12-01,18.00,18.125,17.875,18.00,267900,3.234192
1986-11-28,18.00,18.125,17.875,18.125,121700,3.256651
1986-11-26,17.75,18.00,17.625,18.00,399600,3.234192
1986-11-25,18.00,18.00,17.75,17.75,229600,3.189272
1986-11-24,17.75,18.00,17.625,18.00,194900,3.234192
1986-11-21,17.625,17.875,17.50,17.875,204500,3.211732
1986-11-20,17.50,17.625,17.375,17.625,144900,3.166813
1986-11-19,17.25,17.50,17.125,17.50,209600,3.144353
1986-11-18,17.50,17.75,17.125,17.25,313000,3.099434
1986-11-17,17.50,17.625,17.50,17.50,110800,3.144353
1986-11-14,17.50,17.875,17.00,17.50,200500,3.144353
1986-11-13,17.375,17.625,17.375,17.50,341600,3.144353
1986-11-12,17.25,17.50,17.125,17.375,233100,3.121893
1986-11-11,17.50,17.50,17.125,17.25,160600,3.099434
1986-11-10,17.50,17.625,17.375,17.375,147500,3.121893
1986-11-07,17.625,17.625,17.375,17.50,774900,3.144353
1986-11-06,17.625,17.75,17.125,17.625,227500,3.166813
1986-11-05,17.875,17.875,17.50,17.75,226100,3.189272
1986-11-04,17.75,17.875,17.625,17.625,262900,3.166813
1986-11-03,17.875,18.00,17.625,17.625,183000,3.166813
1986-10-31,18.00,18.00,17.625,17.875,158200,3.211732
1986-10-30,17.75,18.25,17.75,18.00,549400,3.234192
1986-10-29,17.25,17.50,17.25,17.50,125800,3.144353
1986-10-28,17.25,17.50,17.125,17.25,277300,3.099434
1986-10-27,17.125,17.375,17.125,17.25,659700,3.099434
1986-10-24,17.25,17.375,17.125,17.25,159000,3.099434
1986-10-23,17.00,17.25,16.875,17.25,301200,3.099434
1986-10-22,16.875,17.00,16.875,16.875,100000,3.032055
1986-10-21,17.00,17.125,16.875,17.00,352300,3.054514
1986-10-20,16.875,17.00,16.75,16.875,229000,3.032055
1986-10-17,16.625,16.875,16.625,16.875,134100,3.032055
1986-10-16,16.75,17.00,16.625,16.875,169200,3.032055
1986-10-15,16.75,16.875,16.50,16.75,220100,3.009595
1986-10-14,16.875,17.00,16.75,16.75,236300,3.009595
1986-10-13,16.875,16.875,16.625,16.75,222600,3.009595
1986-10-10,16.875,17.00,16.625,16.75,274000,3.009595
1986-10-09,16.875,17.00,16.75,17.00,330200,3.054514
1986-10-08,16.875,17.00,16.75,16.875,184800,3.032055
1986-10-07,16.75,16.875,16.00,16.875,412600,3.032055
1986-10-06,16.50,16.625,16.375,16.50,233800,2.964676
1986-10-03,16.50,16.75,16.375,16.375,220000,2.942216
1986-10-02,16.50,16.625,16.375,16.375,212600,2.942216
1986-10-01,16.625,16.75,16.375,16.625,300500,2.987135
1986-09-30,16.50,16.75,16.50,16.50,121600,2.964676
1986-09-29,16.625,16.75,16.50,16.50,110100,2.964676
1986-09-26,16.50,16.75,16.50,16.625,193600,2.987135
1986-09-25,17.00,17.00,16.375,16.75,609900,3.009595
1986-09-24,16.875,17.00,16.75,17.00,262800,3.054514
1986-09-23,16.875,17.00,16.75,16.75,141400,3.009595
1986-09-22,16.875,16.875,16.625,16.75,172800,3.009595
1986-09-19,16.50,16.75,16.25,16.75,363700,3.009595
1986-09-18,16.75,16.875,16.50,16.625,446500,2.987135
1986-09-17,16.875,17.125,16.75,16.875,833400,3.032055
1986-09-16,17.25,17.50,17.125,17.50,4050000,3.068889
1986-09-15,17.50,17.50,17.00,17.375,9310000,3.046968
1986-09-12,17.625,17.625,17.375,17.50,453300,3.068889
1986-09-11,18.00,18.125,17.375,17.50,939600,3.068889
1986-09-10,17.875,18.125,17.75,18.00,305800,3.156571
1986-09-09,18.00,18.25,17.75,18.00,1010000,3.156571
1986-09-08,18.00,18.25,18.00,18.00,389700,3.156571
1986-09-05,18.375,18.50,17.875,18.00,1220000,3.156571
1986-09-04,18.00,18.50,17.875,18.50,614900,3.244254
1986-09-03,18.125,18.25,17.875,18.00,426400,3.156571
1986-09-02,18.125,18.375,18.00,18.00,344400,3.156571
1986-08-29,17.875,18.00,17.75,18.00,238300,3.156571
1986-08-28,17.625,18.00,17.375,17.75,574500,3.11273
1986-08-27,17.50,17.75,17.50,17.625,521100,3.090809
1986-08-26,17.75,17.875,17.125,17.50,838200,3.068889
1986-08-25,18.25,18.25,17.875,18.00,265000,3.156571
1986-08-22,18.25,18.375,18.00,18.25,474500,3.200412
1986-08-21,18.25,18.50,18.125,18.25,533400,3.200412
1986-08-20,17.875,18.50,17.75,18.375,836300,3.222333
1986-08-19,17.75,18.00,17.625,17.875,377700,3.13465
1986-08-18,17.875,17.875,17.625,17.75,218000,3.11273
1986-08-15,17.50,17.875,17.375,17.875,252300,3.13465
1986-08-14,17.375,17.625,17.25,17.50,250800,3.068889
1986-08-13,17.375,17.50,17.125,17.375,406200,3.046968
1986-08-12,17.125,17.375,17.125,17.375,245100,3.046968
1986-08-11,17.125,17.25,17.00,17.125,148500,3.003127
1986-08-08,17.125,17.25,16.875,17.00,270300,2.981206
1986-08-07,16.50,17.375,16.125,17.25,716800,3.025047
1986-08-06,16.625,16.875,16.50,16.75,635600,2.937365
1986-08-05,16.75,16.75,16.50,16.625,154300,2.915444
1986-08-04,16.625,16.75,16.375,16.625,434900,2.915444
1986-08-01,16.875,16.875,16.625,16.75,391900,2.937365
1986-07-31,17.125,17.125,16.75,16.75,679000,2.937365
1986-07-30,17.25,17.375,17.00,17.125,246700,3.003127
1986-07-29,17.25,17.50,17.125,17.125,253000,3.003127
1986-07-28,17.50,17.50,17.25,17.375,302500,3.046968
1986-07-25,17.25,17.625,17.125,17.50,632500,3.068889
1986-07-24,17.125,17.375,17.125,17.25,216900,3.025047
1986-07-23,17.00,17.25,16.875,17.25,397400,3.025047
1986-07-22,16.875,17.00,16.75,16.875,381300,2.959285
1986-07-21,16.375,16.875,16.25,16.75,381900,2.937365
1986-07-18,16.625,16.75,16.25,16.375,264500,2.871603
1986-07-17,16.50,16.75,16.375,16.75,1240000,2.937365
1986-07-16,16.875,16.875,16.50,16.50,238600,2.893523
1986-07-15,17.25,17.625,16.75,16.875,1060000,2.959285
1986-07-14,17.125,17.375,17.00,17.375,365800,3.046968
1986-07-11,16.875,17.125,16.75,17.00,375900,2.981206
1986-07-10,16.625,16.75,16.375,16.75,254600,2.937365
1986-07-09,16.50,16.625,16.375,16.50,177000,2.893523
1986-07-08,16.50,16.625,16.25,16.375,218600,2.871603
1986-07-07,16.50,16.50,16.375,16.50,544200,2.893523
1986-07-03,16.50,16.875,16.25,16.375,378600,2.871603
1986-07-02,16.625,16.75,16.50,16.625,421000,2.915444
1986-07-01,16.375,16.625,16.375,16.625,299300,2.915444
1986-06-30,16.25,16.50,16.125,16.50,996900,2.893523
1986-06-27,16.125,16.50,16.125,16.25,189200,2.849682
1986-06-26,16.00,16.25,15.875,16.125,369400,2.827762
1986-06-25,16.125,16.25,16.00,16.00,386700,2.805841
1986-06-24,16.00,16.50,15.875,16.25,169800,2.849682
1986-06-23,16.125,16.25,15.875,16.00,161300,2.805841
1986-06-20,16.00,16.25,15.875,16.25,389100,2.849682
1986-06-19,16.25,16.25,15.875,16.00,549900,2.805841
1986-06-18,16.375,16.625,16.25,16.375,351400,2.871603
1986-06-17,16.50,16.875,16.375,16.50,210300,2.893523
1986-06-16,16.50,16.625,16.25,16.50,242800,2.893523
1986-06-13,16.375,16.50,16.125,16.375,2660000,2.871603
1986-06-12,16.375,16.75,16.25,16.375,440200,2.871603
1986-06-11,16.75,16.875,16.625,16.625,4354000,2.841791
1986-06-10,16.625,16.75,16.50,16.75,539300,2.863158
1986-06-09,16.875,16.875,16.50,16.625,122200,2.841791
1986-06-06,16.75,16.875,16.50,16.875,197500,2.884525
1986-06-05,16.75,16.75,16.50,16.50,165800,2.820424
1986-06-04,17.00,17.00,16.375,16.625,506200,2.841791
1986-06-03,16.50,17.125,16.50,16.875,228600,2.884525
1986-06-02,17.00,17.00,16.50,16.50,562000,2.820424
1986-05-30,17.00,17.125,16.75,17.00,435500,2.905892
1986-05-29,17.00,17.125,16.875,17.00,205900,2.905892
1986-05-28,17.00,17.25,17.00,17.125,339100,2.927258
1986-05-27,16.75,17.00,16.75,17.00,314700,2.905892
1986-05-23,16.75,16.875,16.75,16.75,126200,2.863158
1986-05-22,16.50,16.875,16.50,16.875,229800,2.884525
1986-05-21,16.875,17.00,16.375,16.375,528300,2.799057
1986-05-20,16.875,17.00,16.75,17.00,150600,2.905892
1986-05-19,17.125,17.125,16.875,17.00,331800,2.905892
1986-05-16,17.00,17.25,16.875,17.00,202500,2.905892
1986-05-15,17.125,17.375,17.00,17.00,510300,2.905892
1986-05-14,16.75,17.25,16.75,17.00,253800,2.905892
1986-05-13,16.75,17.00,16.75,16.875,236600,2.884525
1986-05-12,16.625,16.875,16.625,16.75,483400,2.863158
1986-05-09,16.75,16.875,16.375,16.875,792800,2.884525
1986-05-08,16.875,17.00,16.625,16.625,173100,2.841791
1986-05-07,17.125,17.125,16.50,16.875,376800,2.884525
1986-05-06,17.50,17.50,17.00,17.25,230400,2.948625
1986-05-05,17.50,17.625,17.25,17.50,246100,2.991359
1986-05-02,17.50,17.75,17.375,17.50,352000,2.991359
1986-05-01,17.00,17.375,16.875,17.375,399600,2.969992
1986-04-30,17.375,17.375,17.00,17.00,360900,2.905892
1986-04-29,17.50,17.625,17.00,17.50,578100,2.991359
1986-04-28,17.875,18.00,17.50,17.75,677000,3.034093
1986-04-25,18.00,18.125,17.875,18.00,227200,3.076826
1986-04-24,17.875,18.25,17.875,17.875,233300,3.055459
1986-04-23,18.00,18.125,17.75,18.00,190400,3.076826
1986-04-22,18.375,18.50,17.875,18.125,418400,3.098193
1986-04-21,18.875,18.875,18.50,18.625,178400,3.183661
1986-04-18,18.75,18.875,18.625,18.875,347500,3.226394
1986-04-17,18.75,18.875,18.625,18.875,439900,3.226394
1986-04-16,18.875,19.00,18.75,18.75,283300,3.205027
1986-04-15,18.75,18.875,18.625,18.875,379600,3.226394
1986-04-14,18.875,19.00,18.75,18.75,353700,3.205027
1986-04-11,19.125,19.25,18.875,18.875,760500,3.226394
1986-04-10,18.875,19.00,18.875,18.875,174100,3.226394
1986-04-09,18.50,19.125,18.375,18.875,1160000,3.226394
1986-04-08,18.125,18.375,18.00,18.375,556400,3.140927
1986-04-07,17.875,18.00,17.625,17.875,514200,3.055459
1986-04-04,17.75,18.125,17.75,18.00,655700,3.076826
1986-04-03,17.25,17.875,17.125,17.75,2328000,3.034093
1986-04-02,17.75,17.75,16.50,17.00,1933000,2.905892
1986-04-01,18.50,18.625,17.75,17.875,424700,3.055459
1986-03-31,18.25,18.625,18.125,18.50,480000,3.162294
1986-03-27,18.25,18.375,18.00,18.125,471900,3.098193
1986-03-26,17.75,18.125,17.75,18.00,537900,3.076826
1986-03-25,17.625,17.875,17.50,17.875,296300,3.055459
1986-03-24,17.375,17.875,17.25,17.50,513600,2.991359
1986-03-21,18.00,18.125,17.50,17.625,2627000,3.012726
1986-03-20,18.00,18.00,17.75,18.00,233000,3.076826
1986-03-19,18.75,18.875,18.625,18.75,4514000,3.133235
1986-03-18,18.625,18.875,18.50,18.75,252300,3.133235
1986-03-17,18.75,19.00,18.625,18.75,2628000,3.133235
1986-03-14,18.75,19.00,18.75,19.00,315800,3.175011
1986-03-13,18.75,19.00,18.625,18.75,823900,3.133235
