Date,Open,High,Low,Close,Volume,Adj Close
2015-10-09,2.38,2.40,2.36,2.36,19800,2.36
2015-10-08,2.28,2.41,2.25,2.36,53100,2.36
2015-10-07,2.40,2.43,2.33,2.33,20500,2.33
2015-10-06,2.32,2.45,2.29,2.40,11900,2.40
2015-10-05,2.41,2.42,2.32,2.34,2700,2.34
2015-10-02,2.35,2.37,2.30,2.36,15900,2.36
2015-10-01,2.36,2.39,2.35,2.38,3500,2.38
2015-09-30,2.44,2.47,2.38,2.39,19600,2.39
2015-09-29,2.46,2.46,2.37,2.40,17600,2.40
2015-09-28,2.51,2.54,2.44,2.45,6200,2.45
2015-09-25,2.54,2.54,2.49,2.49,2400,2.49
2015-09-24,2.47,2.47,2.41,2.43,8500,2.43
2015-09-23,2.50,2.50,2.47,2.47,4300,2.47
2015-09-22,2.52,2.57,2.50,2.51,5100,2.51
2015-09-21,2.47,2.62,2.47,2.52,31800,2.52
2015-09-18,2.50,2.61,2.48,2.49,13900,2.49
2015-09-17,2.50,2.61,2.50,2.53,17400,2.53
2015-09-16,2.54,2.60,2.50,2.52,17900,2.52
2015-09-15,2.50,2.53,2.50,2.52,3300,2.52
2015-09-14,2.49,2.55,2.49,2.50,9900,2.50
2015-09-11,2.43,2.52,2.39,2.48,43700,2.48
2015-09-10,2.43,2.44,2.41,2.44,32400,2.44
2015-09-09,2.41,2.44,2.40,2.44,24400,2.44
2015-09-08,2.39,2.44,2.38,2.39,22900,2.39
2015-09-04,2.44,2.45,2.42,2.44,15500,2.44
2015-09-03,2.38,2.44,2.38,2.44,9300,2.44
2015-09-02,2.44,2.45,2.35,2.39,17900,2.39
2015-09-01,2.40,2.44,2.39,2.44,24200,2.44
2015-08-31,2.40,2.46,2.39,2.44,26800,2.44
2015-08-28,2.39,2.51,2.39,2.46,30100,2.46
2015-08-27,2.52,2.52,2.42,2.46,7000,2.46
2015-08-26,2.50,2.51,2.32,2.46,48400,2.46
2015-08-25,2.50,2.50,2.46,2.46,6900,2.46
2015-08-24,2.49,2.51,2.43,2.43,43700,2.43
2015-08-21,2.65,2.65,2.50,2.57,38100,2.57
2015-08-20,2.68,2.71,2.66,2.69,15800,2.69
2015-08-19,2.70,2.71,2.68,2.71,5600,2.71
2015-08-18,2.71,2.74,2.67,2.72,27600,2.72
2015-08-17,2.73,2.74,2.71,2.74,35500,2.74
2015-08-14,2.75,2.75,2.67,2.71,66900,2.71
2015-08-13,2.69,2.73,2.65,2.72,21100,2.72
2015-08-12,2.64,2.73,2.63,2.73,13800,2.73
2015-08-11,2.66,2.73,2.62,2.69,5200,2.69
2015-08-10,2.63,2.73,2.61,2.69,24900,2.69
2015-08-07,2.61,2.69,2.61,2.64,6100,2.64
2015-08-06,2.64,2.68,2.62,2.64,16800,2.64
2015-08-05,2.62,2.69,2.61,2.69,6600,2.69
2015-08-04,2.71,2.71,2.61,2.65,10700,2.65
2015-08-03,2.72,2.73,2.61,2.73,20000,2.73
2015-07-31,2.75,2.78,2.69,2.72,17900,2.72
2015-07-30,2.70,2.79,2.68,2.79,19100,2.79
2015-07-29,2.80,2.80,2.70,2.71,11400,2.71
2015-07-28,2.80,2.84,2.69,2.69,15700,2.69
2015-07-27,2.91,2.91,2.80,2.82,13600,2.82
2015-07-24,2.75,2.90,2.75,2.88,62900,2.88
2015-07-23,2.76,2.79,2.76,2.77,6800,2.77
2015-07-22,2.79,2.79,2.75,2.79,16800,2.79
2015-07-21,2.67,2.79,2.67,2.79,10100,2.79
2015-07-20,2.77,2.79,2.66,2.73,29900,2.73
2015-07-17,2.69,2.74,2.68,2.73,15700,2.73
2015-07-16,2.85,2.85,2.71,2.72,36400,2.72
2015-07-15,2.74,2.79,2.67,2.79,22200,2.79
2015-07-14,2.68,2.79,2.68,2.77,7400,2.77
2015-07-13,2.61,2.71,2.61,2.68,14600,2.68
2015-07-10,2.51,2.68,2.51,2.67,31000,2.67
2015-07-09,2.55,2.62,2.50,2.50,48700,2.50
2015-07-08,2.61,2.69,2.50,2.50,60700,2.50
2015-07-07,2.71,2.73,2.62,2.63,57700,2.63
2015-07-06,2.71,2.74,2.68,2.68,24100,2.68
2015-07-02,2.73,2.73,2.68,2.69,7300,2.69
2015-07-01,2.70,2.71,2.69,2.69,4600,2.69
2015-06-30,2.64,2.69,2.50,2.64,55200,2.64
2015-06-29,2.70,2.77,2.60,2.62,65000,2.62
2015-06-26,2.84,2.90,2.70,2.76,47800,2.76
2015-06-25,2.92,2.94,2.80,2.80,18700,2.80
2015-06-24,2.94,2.94,2.89,2.89,14600,2.89
2015-06-23,2.90,2.99,2.90,2.90,14400,2.90
2015-06-22,2.87,2.95,2.81,2.90,16900,2.90
2015-06-19,2.95,2.98,2.80,2.80,46300,2.80
2015-06-18,2.91,2.92,2.86,2.87,19200,2.87
2015-06-17,2.94,2.99,2.81,2.85,38300,2.85
2015-06-16,2.70,2.90,2.70,2.87,78700,2.87
2015-06-15,2.61,2.74,2.61,2.71,54100,2.71
2015-06-12,2.68,2.80,2.55,2.69,125300,2.69
2015-06-11,2.86,2.90,2.60,2.64,258800,2.64
2015-06-10,2.92,3.01,2.85,2.89,54500,2.89
2015-06-09,3.02,3.02,2.86,2.94,48100,2.94
2015-06-08,3.24,3.24,2.95,3.03,71600,3.03
2015-06-05,3.15,3.25,3.10,3.19,146500,3.19
2015-06-04,3.21,3.28,3.09,3.09,109700,3.09
2015-06-03,3.20,3.29,3.12,3.28,46400,3.28
2015-06-02,2.74,3.26,2.60,3.23,359200,3.23
2015-06-01,3.19,3.24,3.12,3.18,43500,3.18
2015-05-29,3.08,3.20,3.02,3.15,42500,3.15
2015-05-28,3.09,3.15,3.09,3.15,21600,3.15
2015-05-27,3.05,3.19,3.05,3.11,68700,3.11
2015-05-26,3.00,3.01,2.87,3.01,31400,3.01
2015-05-22,3.20,3.22,2.87,3.00,137400,3.00
2015-05-21,3.30,3.35,3.03,3.18,104300,3.18
2015-05-20,3.08,3.38,3.08,3.23,196500,3.23
2015-05-19,2.91,3.41,2.84,3.10,253900,3.10
2015-05-18,2.75,3.00,2.71,2.88,166500,2.88
2015-05-15,2.40,3.00,2.34,2.68,449500,2.68
2015-05-14,2.04,2.18,2.03,2.07,56000,2.07
2015-05-13,2.12,2.12,2.05,2.07,41300,2.07
2015-05-12,2.20,2.25,2.13,2.19,57400,2.19
2015-05-11,2.28,2.31,2.20,2.20,30500,2.20
2015-05-08,2.37,2.38,2.22,2.28,35000,2.28
2015-05-07,2.29,2.31,2.24,2.30,8500,2.30
2015-05-06,2.27,2.28,2.27,2.27,9700,2.27
2015-05-05,2.30,2.37,2.22,2.31,28300,2.31
2015-05-04,2.25,2.35,2.25,2.35,11200,2.35
2015-05-01,2.17,2.26,2.17,2.21,7100,2.21
2015-04-30,2.30,2.30,2.17,2.17,46500,2.17
2015-04-29,2.30,2.32,2.25,2.25,9500,2.25
2015-04-28,2.26,2.35,2.26,2.28,7600,2.28
2015-04-27,2.27,2.27,2.25,2.25,13100,2.25
2015-04-24,2.26,2.35,2.18,2.27,17600,2.27
2015-04-23,2.21,2.29,2.19,2.27,8900,2.27
2015-04-22,2.25,2.25,2.19,2.23,14500,2.23
2015-04-21,2.25,2.26,2.22,2.26,7200,2.26
2015-04-20,2.28,2.28,2.18,2.24,36100,2.24
2015-04-17,2.23,2.28,2.23,2.25,9900,2.25
2015-04-16,2.27,2.27,2.19,2.25,16600,2.25
2015-04-15,2.23,2.29,2.16,2.27,33500,2.27
2015-04-14,2.24,2.25,2.17,2.18,54500,2.18
2015-04-13,2.28,2.32,2.20,2.27,31600,2.27
2015-04-10,2.27,2.38,2.21,2.28,51100,2.28
2015-04-09,2.44,2.44,2.30,2.30,15300,2.30
2015-04-08,2.43,2.43,2.37,2.40,7000,2.40
2015-04-07,2.33,2.45,2.31,2.45,28000,2.45
2015-04-06,2.37,2.37,2.25,2.26,38200,2.26
2015-04-02,2.31,2.43,2.25,2.35,69000,2.35
2015-04-01,2.39,2.43,2.30,2.30,40300,2.30
2015-03-31,2.39,2.44,2.39,2.44,8200,2.44
2015-03-30,2.40,2.45,2.39,2.43,12400,2.43
2015-03-27,2.42,2.51,2.40,2.42,10200,2.42
2015-03-26,2.45,2.48,2.40,2.40,8300,2.40
2015-03-25,2.50,2.59,2.42,2.48,26600,2.48
2015-03-24,2.57,2.69,2.46,2.46,125400,2.46
2015-03-23,2.64,2.69,2.59,2.65,11000,2.65
2015-03-20,2.63,2.72,2.63,2.64,29300,2.64
2015-03-19,2.68,2.69,2.59,2.67,35200,2.67
2015-03-18,2.61,2.71,2.50,2.71,43100,2.71
2015-03-17,2.54,2.66,2.52,2.59,53500,2.59
2015-03-16,2.46,2.65,2.45,2.56,128400,2.56
2015-03-13,2.80,2.80,2.21,2.56,303200,2.56
2015-03-12,3.11,3.25,3.06,3.10,36300,3.10
2015-03-11,3.16,3.23,3.07,3.10,17700,3.10
2015-03-10,3.16,3.28,3.11,3.15,47100,3.15
2015-03-09,3.34,3.34,3.17,3.19,61800,3.19
2015-03-06,3.25,3.30,3.19,3.26,52500,3.26
2015-03-05,3.27,3.34,3.20,3.28,26500,3.28
2015-03-04,3.49,3.49,3.26,3.30,64900,3.30
2015-03-03,3.49,3.55,3.31,3.40,38700,3.40
2015-03-02,3.40,3.57,3.35,3.52,70000,3.52
2015-02-27,3.65,3.68,3.30,3.30,235200,3.30
2015-02-26,3.52,3.74,3.40,3.65,130000,3.65
2015-02-25,3.49,3.55,3.39,3.49,55400,3.49
2015-02-24,3.16,3.54,3.14,3.45,109000,3.45
2015-02-23,3.16,3.20,3.13,3.14,34900,3.14
2015-02-20,3.14,3.22,3.14,3.21,12300,3.21
2015-02-19,3.12,3.19,3.09,3.15,6600,3.15
2015-02-18,3.12,3.20,3.06,3.17,31000,3.17
2015-02-17,3.19,3.22,3.00,3.16,116300,3.16
2015-02-13,3.16,3.22,3.15,3.22,42300,3.22
2015-02-12,3.20,3.20,3.09,3.16,40200,3.16
2015-02-11,3.11,3.25,3.11,3.21,73700,3.21
2015-02-10,3.14,3.15,3.07,3.12,19500,3.12
2015-02-09,3.15,3.18,3.06,3.12,30900,3.12
2015-02-06,3.16,3.18,3.07,3.11,20100,3.11
2015-02-05,3.07,3.18,3.07,3.18,32200,3.18
2015-02-04,3.00,3.18,3.00,3.10,89200,3.10
2015-02-03,2.97,3.02,2.92,3.02,56900,3.02
2015-02-02,2.99,3.00,2.90,2.97,22300,2.97
2015-01-30,2.97,2.99,2.88,2.95,22500,2.95
2015-01-29,2.83,2.93,2.67,2.92,41900,2.92
2015-01-28,2.85,3.05,2.80,2.87,45400,2.87
2015-01-27,2.90,2.99,2.85,2.89,53700,2.89
2015-01-26,2.71,2.99,2.67,2.90,187800,2.90
2015-01-23,2.54,2.70,2.45,2.65,69000,2.65
2015-01-22,2.53,2.58,2.46,2.49,39000,2.49
2015-01-21,2.54,2.60,2.45,2.46,46600,2.46
2015-01-20,2.58,2.59,2.48,2.59,39600,2.59
2015-01-16,2.42,2.58,2.34,2.48,10800,2.48
2015-01-15,2.45,2.59,2.37,2.47,88300,2.47
2015-01-14,2.41,2.55,2.41,2.53,30200,2.53
2015-01-13,2.59,2.60,2.51,2.51,44500,2.51
2015-01-12,2.51,2.56,2.51,2.55,24200,2.55
2015-01-09,2.46,2.57,2.40,2.53,90500,2.53
2015-01-08,2.46,2.47,2.34,2.38,49300,2.38
2015-01-07,2.33,2.48,2.33,2.37,35800,2.37
2015-01-06,2.43,2.44,2.31,2.32,36400,2.32
2015-01-05,2.45,2.50,2.40,2.42,60100,2.42
2015-01-02,2.31,2.41,2.31,2.40,9500,2.40
2014-12-31,2.33,2.36,2.24,2.32,51600,2.32
2014-12-30,2.30,2.38,2.22,2.29,40000,2.29
2014-12-29,2.38,2.40,2.32,2.32,18200,2.32
2014-12-26,2.30,2.40,2.29,2.34,23400,2.34
2014-12-24,2.30,2.36,2.30,2.30,13800,2.30
2014-12-23,2.39,2.39,2.23,2.30,53800,2.30
2014-12-22,2.37,2.42,2.37,2.40,38100,2.40
2014-12-19,2.41,2.45,2.35,2.40,29100,2.40
2014-12-18,2.42,2.48,2.35,2.42,24900,2.42
2014-12-17,2.28,2.44,2.26,2.42,32400,2.42
2014-12-16,2.28,2.33,2.20,2.26,23200,2.26
2014-12-15,2.22,2.30,2.21,2.26,22500,2.26
2014-12-12,2.23,2.26,2.16,2.21,83000,2.21
2014-12-11,2.38,2.38,2.25,2.27,27300,2.27
2014-12-10,2.35,2.42,2.29,2.30,10300,2.30
2014-12-09,2.25,2.36,2.23,2.35,29600,2.35
2014-12-08,2.42,2.42,2.13,2.26,96300,2.26
2014-12-05,2.41,2.43,2.40,2.42,20500,2.42
2014-12-04,2.40,2.42,2.40,2.42,14000,2.42
2014-12-03,2.41,2.43,2.40,2.40,18200,2.40
2014-12-02,2.44,2.44,2.41,2.41,19900,2.41
2014-12-01,2.40,2.44,2.40,2.43,12900,2.43
2014-11-28,2.44,2.46,2.41,2.41,3400,2.41
2014-11-26,2.40,2.46,2.40,2.45,8100,2.45
2014-11-25,2.42,2.43,2.40,2.40,23800,2.40
2014-11-24,2.41,2.48,2.41,2.44,4600,2.44
2014-11-21,2.48,2.48,2.40,2.41,14400,2.41
2014-11-20,2.40,2.49,2.40,2.41,19900,2.41
2014-11-19,2.42,2.47,2.41,2.41,12400,2.41
2014-11-18,2.50,2.50,2.42,2.42,15400,2.42
2014-11-17,2.53,2.54,2.40,2.45,94000,2.45
2014-11-14,2.60,2.70,2.50,2.53,74700,2.53
2014-11-13,2.65,2.78,2.65,2.73,64800,2.73
2014-11-12,2.71,2.73,2.63,2.63,33500,2.63
2014-11-11,2.57,2.74,2.57,2.67,59200,2.67
2014-11-10,2.52,2.54,2.50,2.50,45400,2.50
2014-11-07,2.61,2.67,2.50,2.55,13200,2.55
2014-11-06,2.62,2.71,2.60,2.61,7900,2.61
2014-11-05,2.66,2.71,2.65,2.66,5200,2.66
2014-11-04,2.69,2.74,2.63,2.66,35100,2.66
2014-11-03,2.70,2.70,2.61,2.63,41800,2.63
2014-10-31,2.60,2.75,2.60,2.65,83400,2.65
2014-10-30,2.62,2.74,2.60,2.65,55500,2.65
2014-10-29,2.42,2.60,2.42,2.60,81000,2.60
2014-10-28,2.40,2.46,2.40,2.43,12500,2.43
2014-10-27,2.49,2.49,2.40,2.41,14100,2.41
2014-10-24,2.31,2.47,2.31,2.47,48400,2.47
2014-10-23,2.36,2.48,2.34,2.34,43800,2.34
2014-10-22,2.42,2.48,2.36,2.36,36400,2.36
2014-10-21,2.39,2.49,2.34,2.45,12100,2.45
2014-10-20,2.38,2.48,2.25,2.35,59500,2.35
2014-10-17,2.39,2.49,2.37,2.44,62300,2.44
2014-10-16,2.36,2.40,2.21,2.33,20700,2.33
2014-10-15,2.28,2.37,2.20,2.34,73600,2.34
2014-10-14,2.47,2.47,2.26,2.29,60700,2.29
2014-10-13,2.35,2.55,2.30,2.47,103300,2.47
2014-10-10,2.22,2.34,2.17,2.33,84400,2.33
2014-10-09,1.93,2.33,1.91,2.15,168000,2.15
2014-10-08,2.09,2.09,1.86,1.86,177400,1.86
2014-10-07,2.13,2.15,2.09,2.14,50300,2.14
2014-10-06,2.26,2.30,2.13,2.18,65500,2.18
2014-10-03,2.28,2.33,2.28,2.33,2700,2.33
2014-10-02,2.28,2.34,2.27,2.30,19600,2.30
2014-10-01,2.34,2.37,2.28,2.34,31100,2.34
2014-09-30,2.35,2.38,2.34,2.35,3000,2.35
2014-09-29,2.41,2.41,2.34,2.38,10100,2.38
2014-09-26,2.50,2.50,2.36,2.39,88200,2.39
2014-09-25,2.37,2.40,2.31,2.36,26800,2.36
2014-09-24,2.38,2.41,2.38,2.39,5200,2.39
2014-09-23,2.40,2.42,2.37,2.40,33400,2.40
2014-09-22,2.45,2.49,2.38,2.40,26400,2.40
2014-09-19,2.35,2.48,2.21,2.44,124800,2.44
2014-09-18,2.40,2.40,2.37,2.37,14300,2.37
2014-09-17,2.42,2.44,2.40,2.42,37500,2.42
2014-09-16,2.45,2.48,2.35,2.45,41000,2.45
2014-09-15,2.52,2.55,2.46,2.46,57000,2.46
2014-09-12,2.50,2.57,2.50,2.54,21800,2.54
2014-09-11,2.55,2.57,2.50,2.53,31600,2.53
2014-09-10,2.51,2.59,2.50,2.51,52000,2.51
2014-09-09,2.67,2.67,2.51,2.54,48200,2.54
2014-09-08,2.70,2.73,2.66,2.66,20300,2.66
2014-09-05,2.73,2.73,2.70,2.73,3700,2.73
2014-09-04,2.72,2.73,2.70,2.73,11300,2.73
2014-09-03,2.73,2.73,2.69,2.73,5200,2.73
2014-09-02,2.73,2.76,2.72,2.75,17400,2.75
2014-08-29,2.70,2.76,2.68,2.70,77000,2.70
2014-08-28,2.69,2.71,2.66,2.70,10700,2.70
2014-08-27,2.65,2.69,2.64,2.68,24900,2.68
2014-08-26,2.72,2.74,2.66,2.70,19800,2.70
2014-08-25,2.74,2.77,2.70,2.71,23400,2.71
2014-08-22,2.70,2.81,2.70,2.75,69800,2.75
2014-08-21,2.64,2.71,2.64,2.70,9900,2.70
2014-08-20,2.65,2.73,2.64,2.68,24000,2.68
2014-08-19,2.61,2.71,2.61,2.68,73600,2.68
2014-08-18,2.72,2.75,2.60,2.60,17700,2.60
2014-08-15,2.72,2.73,2.68,2.72,58400,2.72
2014-08-14,2.60,2.79,2.51,2.70,58800,2.70
2014-08-13,2.67,2.75,2.63,2.66,119400,2.66
2014-08-12,2.71,2.72,2.65,2.68,51500,2.68
2014-08-11,2.55,2.71,2.55,2.66,71700,2.66
2014-08-08,2.57,2.65,2.53,2.53,95100,2.53
2014-08-07,2.65,2.66,2.50,2.58,37300,2.58
2014-08-06,2.46,2.72,2.46,2.59,125000,2.59
2014-08-05,2.38,2.50,2.37,2.50,100100,2.50
2014-08-04,2.32,2.37,2.32,2.36,46200,2.36
2014-08-01,2.32,2.33,2.30,2.32,36500,2.32
2014-07-31,2.34,2.34,2.30,2.34,29300,2.34
2014-07-30,2.31,2.33,2.25,2.32,37000,2.32
2014-07-29,2.33,2.35,2.29,2.32,36600,2.32
2014-07-28,2.33,2.33,2.25,2.30,35700,2.30
2014-07-25,2.22,2.35,2.19,2.32,121400,2.32
2014-07-24,2.09,2.22,2.09,2.19,59800,2.19
2014-07-23,2.08,2.20,2.01,2.12,115400,2.12
2014-07-22,2.08,2.13,2.07,2.09,54800,2.09
2014-07-21,2.25,2.32,2.02,2.09,170100,2.09
2014-07-18,2.28,2.34,2.15,2.25,127400,2.25
2014-07-17,2.21,2.28,2.21,2.25,28600,2.25
2014-07-16,2.20,2.27,2.20,2.24,30900,2.24
2014-07-15,2.20,2.23,2.16,2.21,48800,2.21
2014-07-14,2.18,2.20,2.14,2.17,52400,2.17
2014-07-11,2.12,2.19,2.12,2.17,28600,2.17
2014-07-10,2.13,2.27,2.11,2.16,48300,2.16
2014-07-09,2.20,2.21,2.08,2.16,63200,2.16
2014-07-08,2.28,2.28,2.17,2.19,44000,2.19
2014-07-07,2.23,2.29,2.15,2.29,97800,2.29
2014-07-03,2.21,2.27,2.18,2.27,83400,2.27
2014-07-02,2.20,2.28,2.11,2.28,183000,2.28
2014-07-01,2.23,2.27,2.12,2.16,73000,2.16
2014-06-30,2.34,2.34,2.19,2.23,26300,2.23
2014-06-27,2.30,2.37,2.19,2.28,92100,2.28
2014-06-26,2.36,2.37,2.27,2.30,41100,2.30
2014-06-25,2.40,2.45,2.28,2.32,84200,2.32
2014-06-24,2.50,2.50,2.42,2.43,50600,2.43
2014-06-23,2.40,2.47,2.26,2.47,136800,2.47
2014-06-20,2.45,2.54,2.45,2.50,37300,2.50
2014-06-19,2.48,2.50,2.43,2.48,19200,2.48
2014-06-18,2.42,2.50,2.42,2.46,14600,2.46
2014-06-17,2.40,2.50,2.40,2.45,10600,2.45
2014-06-16,2.42,2.49,2.42,2.43,57900,2.43
2014-06-13,2.41,2.42,2.30,2.39,70000,2.39
2014-06-12,2.30,2.52,2.26,2.44,114600,2.44
2014-06-11,2.29,2.39,2.27,2.27,98200,2.27
2014-06-10,2.40,2.40,2.32,2.34,31800,2.34
2014-06-09,2.33,2.41,2.33,2.37,14900,2.37
2014-06-06,2.41,2.49,2.17,2.38,187500,2.38
2014-06-05,2.47,2.47,2.32,2.33,148800,2.33
2014-06-04,2.58,2.58,2.33,2.48,183400,2.48
2014-06-03,2.72,2.72,2.54,2.61,106600,2.61
2014-06-02,2.74,2.82,2.63,2.75,204600,2.75
2014-05-30,2.72,2.81,2.66,2.74,201300,2.74
2014-05-29,2.69,2.73,2.69,2.69,13100,2.69
2014-05-28,2.71,2.71,2.67,2.67,9800,2.67
2014-05-27,2.74,2.77,2.68,2.70,23300,2.70
2014-05-23,2.67,2.81,2.67,2.75,68000,2.75
2014-05-22,2.62,2.71,2.62,2.70,18500,2.70
2014-05-21,2.64,2.67,2.61,2.61,18800,2.61
2014-05-20,2.66,2.68,2.64,2.64,38200,2.64
2014-05-19,2.65,2.73,2.63,2.69,47800,2.69
2014-05-16,2.61,2.72,2.61,2.68,46400,2.68
2014-05-15,2.69,2.69,2.60,2.61,48700,2.61
2014-05-14,2.71,2.80,2.61,2.62,121000,2.62
2014-05-13,2.89,2.91,2.80,2.83,67500,2.83
2014-05-12,2.82,2.92,2.71,2.82,142800,2.82
2014-05-09,2.60,2.77,2.55,2.66,184900,2.66
2014-05-08,2.60,2.66,2.51,2.51,51700,2.51
2014-05-07,2.68,2.75,2.60,2.60,79800,2.60
2014-05-06,2.65,2.72,2.61,2.70,150300,2.70
2014-05-05,2.66,2.77,2.60,2.67,405000,2.67
2014-05-02,2.46,2.48,2.42,2.42,28100,2.42
2014-05-01,2.42,2.47,2.41,2.41,29600,2.41
2014-04-30,2.41,2.48,2.41,2.41,39200,2.41
2014-04-29,2.43,2.47,2.41,2.41,19200,2.41
2014-04-28,2.48,2.50,2.42,2.42,13400,2.42
2014-04-25,2.41,2.50,2.40,2.49,51400,2.49
2014-04-24,2.46,2.46,2.40,2.40,24600,2.40
2014-04-23,2.47,2.48,2.46,2.46,37500,2.46
2014-04-22,2.48,2.52,2.47,2.49,23300,2.49
2014-04-21,2.51,2.51,2.43,2.49,99600,2.49
2014-04-17,2.56,2.56,2.43,2.53,22200,2.53
2014-04-16,2.47,2.55,2.41,2.55,28700,2.55
2014-04-15,2.45,2.48,2.41,2.41,65600,2.41
2014-04-14,2.51,2.63,2.45,2.46,48800,2.46
2014-04-11,2.57,2.60,2.46,2.46,43000,2.46
2014-04-10,2.60,2.60,2.49,2.53,36500,2.53
2014-04-09,2.52,2.62,2.47,2.62,58100,2.62
2014-04-08,2.54,2.57,2.48,2.48,47800,2.48
2014-04-07,2.56,2.56,2.42,2.42,60300,2.42
2014-04-04,2.60,2.65,2.50,2.56,90000,2.56
2014-04-03,2.53,2.60,2.49,2.59,121900,2.59
2014-04-02,2.47,2.55,2.44,2.48,59600,2.48
2014-04-01,2.48,2.55,2.45,2.47,51800,2.47
2014-03-31,2.51,2.55,2.44,2.52,71100,2.52
2014-03-28,2.46,2.57,2.42,2.42,44900,2.42
2014-03-27,2.50,2.59,2.41,2.46,105300,2.46
2014-03-26,2.35,3.05,2.35,2.45,1148900,2.45
2014-03-25,2.29,2.34,2.29,2.29,33800,2.29
2014-03-24,2.34,2.37,2.28,2.29,52200,2.29
2014-03-21,2.32,2.36,2.32,2.34,51500,2.34
2014-03-20,2.39,2.44,2.32,2.34,28300,2.34
2014-03-19,2.37,2.40,2.33,2.38,72400,2.38
2014-03-18,2.35,2.39,2.35,2.39,40300,2.39
2014-03-17,2.41,2.41,2.35,2.39,62500,2.39
2014-03-14,2.45,2.60,2.38,2.45,132800,2.45
2014-03-13,2.28,2.44,2.26,2.39,144900,2.39
2014-03-12,2.45,2.45,2.30,2.35,116800,2.35
2014-03-11,2.34,2.45,2.22,2.35,182600,2.35
2014-03-10,2.36,2.58,2.20,2.31,345600,2.31
2014-03-07,2.52,2.60,2.31,2.38,487300,2.38
2014-03-06,2.68,2.85,2.68,2.73,52500,2.73
2014-03-05,2.66,2.72,2.65,2.65,17200,2.65
2014-03-04,2.74,2.74,2.63,2.70,19200,2.70
2014-03-03,2.66,2.72,2.58,2.72,29300,2.72
2014-02-28,2.71,2.74,2.66,2.66,18100,2.66
2014-02-27,2.68,2.73,2.66,2.66,24900,2.66
2014-02-26,2.67,2.70,2.65,2.66,11000,2.66
2014-02-25,2.63,2.74,2.63,2.70,39600,2.70
2014-02-24,2.69,2.79,2.64,2.65,19800,2.65
2014-02-21,2.71,2.72,2.63,2.71,24900,2.71
2014-02-20,2.71,2.75,2.65,2.68,54000,2.68
2014-02-19,2.65,2.75,2.65,2.68,28900,2.68
2014-02-18,2.62,2.70,2.62,2.63,26000,2.63
2014-02-14,2.60,2.75,2.58,2.65,29100,2.65
2014-02-13,2.68,2.70,2.60,2.63,40100,2.63
2014-02-12,2.69,2.77,2.62,2.72,35400,2.72
2014-02-11,2.56,2.69,2.53,2.69,25400,2.69
2014-02-10,2.65,2.69,2.56,2.59,48600,2.59
2014-02-07,2.75,2.75,2.52,2.68,97300,2.68
2014-02-06,2.75,3.04,2.68,2.77,97200,2.77
2014-02-05,2.86,2.89,2.78,2.84,64400,2.84
2014-02-04,2.90,2.95,2.86,2.88,47300,2.88
2014-02-03,3.00,3.03,2.90,2.90,33700,2.90
2014-01-31,3.01,3.04,2.95,2.96,24100,2.96
2014-01-30,2.95,3.09,2.91,3.09,86600,3.09
2014-01-29,2.92,3.00,2.92,2.94,41100,2.94
2014-01-28,3.00,3.00,2.92,2.95,21200,2.95
2014-01-27,3.02,3.04,2.95,3.01,39200,3.01
2014-01-24,3.10,3.13,3.00,3.03,27600,3.03
2014-01-23,3.15,3.18,3.01,3.12,61000,3.12
2014-01-22,3.05,3.11,3.02,3.05,43300,3.05
2014-01-21,3.02,3.07,2.96,3.07,21800,3.07
2014-01-17,3.19,3.19,2.96,3.06,46700,3.06
2014-01-16,3.31,3.40,3.07,3.15,92200,3.15
2014-01-15,3.27,3.35,3.15,3.30,132700,3.30
2014-01-14,3.26,3.46,3.13,3.29,62400,3.29
2014-01-13,3.36,3.43,3.27,3.28,76600,3.28
2014-01-10,3.20,3.55,3.12,3.38,339400,3.38
2014-01-09,3.01,3.25,3.01,3.25,115800,3.25
2014-01-08,2.94,3.16,2.92,3.01,122600,3.01
2014-01-07,2.86,3.08,2.86,2.94,87800,2.94
2014-01-06,2.91,2.96,2.86,2.88,60300,2.88
2014-01-03,2.85,2.96,2.79,2.86,23400,2.86
2014-01-02,2.85,2.98,2.84,2.87,43700,2.87
2013-12-31,2.71,2.83,2.70,2.83,57600,2.83
2013-12-30,2.64,2.81,2.64,2.73,70200,2.73
2013-12-27,2.66,2.77,2.62,2.75,50400,2.75
2013-12-26,2.70,2.70,2.60,2.70,55900,2.70
2013-12-24,2.62,2.68,2.59,2.68,27100,2.68
2013-12-23,2.57,2.65,2.53,2.62,80200,2.62
2013-12-20,2.52,2.64,2.52,2.57,146200,2.57
2013-12-19,2.59,2.59,2.51,2.55,64900,2.55
2013-12-18,2.56,2.60,2.53,2.60,99900,2.60
2013-12-17,2.52,2.58,2.50,2.58,109700,2.58
2013-12-16,2.53,2.57,2.53,2.55,8600,2.55
2013-12-13,2.51,2.59,2.50,2.56,45200,2.56
2013-12-12,2.55,2.64,2.52,2.52,48900,2.52
2013-12-11,2.59,2.64,2.57,2.57,51900,2.57
2013-12-10,2.50,2.59,2.50,2.54,45300,2.54
2013-12-09,2.61,2.66,2.51,2.51,20200,2.51
2013-12-06,2.55,2.69,2.54,2.63,22400,2.63
2013-12-05,2.58,2.69,2.55,2.57,66500,2.57
2013-12-04,2.61,2.67,2.61,2.61,15400,2.61
2013-12-03,2.65,2.70,2.59,2.64,40400,2.64
2013-12-02,2.60,2.69,2.60,2.64,60200,2.64
2013-11-29,2.66,2.70,2.61,2.63,17300,2.63
2013-11-27,2.61,2.71,2.61,2.71,32900,2.71
2013-11-26,2.68,2.69,2.63,2.64,27700,2.64
2013-11-25,2.71,2.71,2.60,2.70,52200,2.70
2013-11-22,2.67,2.70,2.56,2.67,56600,2.67
2013-11-21,2.63,2.70,2.63,2.67,21200,2.67
2013-11-20,2.63,2.69,2.63,2.64,21500,2.64
2013-11-19,2.72,2.82,2.58,2.62,83600,2.62
2013-11-18,2.63,2.75,2.60,2.73,57300,2.73
2013-11-15,2.62,2.66,2.56,2.63,71900,2.63
2013-11-14,2.70,2.75,2.53,2.64,103600,2.64
2013-11-13,2.73,2.82,2.62,2.71,151100,2.71
2013-11-12,2.80,2.87,2.76,2.81,33700,2.81
2013-11-11,2.78,2.84,2.53,2.84,30300,2.84
2013-11-08,2.61,2.78,2.59,2.78,26600,2.78
2013-11-07,2.68,2.68,2.50,2.63,225500,2.63
2013-11-06,2.71,2.72,2.67,2.72,35600,2.72
2013-11-05,2.76,2.76,2.70,2.71,28200,2.71
2013-11-04,2.81,2.88,2.75,2.75,31100,2.75
2013-11-01,2.75,2.80,2.75,2.78,15100,2.78
2013-10-31,2.80,2.81,2.75,2.75,33300,2.75
2013-10-30,2.81,2.84,2.76,2.83,56800,2.83
2013-10-29,2.86,2.86,2.79,2.84,20700,2.84
2013-10-28,2.86,2.89,2.80,2.86,30400,2.86
2013-10-25,2.90,2.90,2.85,2.90,13100,2.90
2013-10-24,2.90,2.91,2.86,2.91,11500,2.91
2013-10-23,2.85,2.90,2.78,2.90,20700,2.90
2013-10-22,2.85,2.87,2.81,2.86,42700,2.86
2013-10-21,2.92,2.94,2.81,2.87,29800,2.87
2013-10-18,2.90,2.98,2.89,2.98,3700,2.98
2013-10-17,2.87,2.98,2.86,2.94,27500,2.94
2013-10-16,2.80,2.90,2.75,2.85,79900,2.85
2013-10-15,2.94,2.98,2.91,2.95,14800,2.95
2013-10-14,2.96,2.99,2.93,2.96,20200,2.96
2013-10-11,2.95,3.00,2.95,2.96,31300,2.96
2013-10-10,2.95,2.98,2.93,2.93,39900,2.93
2013-10-09,2.96,2.98,2.92,2.95,9700,2.95
2013-10-08,2.96,2.99,2.96,2.96,12700,2.96
2013-10-07,2.94,2.98,2.94,2.95,11400,2.95
2013-10-04,2.93,2.98,2.92,2.94,20700,2.94
2013-10-03,2.92,3.00,2.92,2.93,18000,2.93
2013-10-02,3.01,3.04,2.98,2.98,34500,2.98
2013-10-01,3.02,3.07,3.02,3.04,18300,3.04
2013-09-30,3.01,3.09,3.00,3.01,37600,3.01
2013-09-27,3.05,3.08,3.01,3.07,23500,3.07
2013-09-26,3.06,3.07,3.05,3.06,21200,3.06
2013-09-25,3.12,3.12,3.05,3.08,22200,3.08
2013-09-24,3.07,3.16,3.07,3.12,33800,3.12
2013-09-23,3.02,3.11,3.02,3.10,22100,3.10
2013-09-20,3.05,3.09,3.02,3.02,73500,3.02
2013-09-19,3.02,3.10,3.02,3.07,153600,3.07
2013-09-18,3.01,3.06,2.98,3.02,135800,3.02
2013-09-17,3.07,3.07,2.96,3.05,38000,3.05
2013-09-16,2.99,3.08,2.99,3.07,24600,3.07
2013-09-13,3.03,3.04,3.00,3.02,23400,3.02
2013-09-12,3.05,3.05,3.01,3.05,15800,3.05
2013-09-11,3.04,3.05,2.99,3.05,26100,3.05
2013-09-10,3.04,3.06,2.98,3.02,37800,3.02
2013-09-09,2.98,3.08,2.98,3.04,37200,3.04
2013-09-06,2.99,3.04,2.96,3.00,8000,3.00
2013-09-05,3.00,3.01,2.94,2.99,19500,2.99
2013-09-04,2.91,3.06,2.91,3.01,49000,3.01
2013-09-03,2.91,3.02,2.91,2.95,25800,2.95
2013-08-30,3.01,3.01,2.94,2.94,10500,2.94
2013-08-29,2.97,3.04,2.97,2.98,50000,2.98
2013-08-28,2.87,2.98,2.87,2.96,38000,2.96
2013-08-27,2.91,2.94,2.87,2.88,13100,2.88
2013-08-26,2.94,2.98,2.92,2.92,37700,2.92
2013-08-23,2.85,2.99,2.84,2.90,31700,2.90
2013-08-22,2.96,2.98,2.85,2.86,33500,2.86
2013-08-21,2.89,2.92,2.87,2.89,21200,2.89
2013-08-20,2.87,2.90,2.76,2.87,92500,2.87
2013-08-19,2.85,2.99,2.84,2.84,35000,2.84
2013-08-16,2.94,2.98,2.87,2.87,36300,2.87
2013-08-15,3.05,3.05,2.89,2.93,70100,2.93
2013-08-14,3.10,3.10,2.96,3.00,78900,3.00
2013-08-13,3.05,3.05,3.01,3.03,23300,3.03
2013-08-12,3.03,3.13,3.00,3.04,53800,3.04
2013-08-09,3.06,3.08,3.03,3.03,19300,3.03
2013-08-08,3.10,3.15,3.06,3.06,55300,3.06
2013-08-07,3.09,3.10,3.06,3.07,22900,3.07
2013-08-06,3.11,3.18,3.07,3.11,42100,3.11
2013-08-05,3.10,3.20,3.05,3.10,72400,3.10
2013-08-02,3.29,3.29,2.82,3.01,456300,3.01
2013-08-01,3.69,3.71,3.58,3.65,83500,3.65
2013-07-31,3.58,3.77,3.58,3.66,171400,3.66
2013-07-30,3.49,3.55,3.48,3.52,133500,3.52
2013-07-29,3.52,3.52,3.47,3.48,7900,3.48
2013-07-26,3.45,3.55,3.45,3.52,29300,3.52
2013-07-25,3.50,3.55,3.46,3.51,34000,3.51
2013-07-24,3.45,3.50,3.44,3.45,10200,3.45
2013-07-23,3.48,3.53,3.43,3.45,34400,3.45
2013-07-22,3.54,3.55,3.44,3.47,34400,3.47
2013-07-19,3.50,3.58,3.50,3.54,8200,3.54
2013-07-18,3.55,3.59,3.51,3.51,7400,3.51
2013-07-17,3.57,3.61,3.55,3.55,10900,3.55
2013-07-16,3.56,3.61,3.55,3.55,5200,3.55
2013-07-15,3.65,3.67,3.56,3.60,20400,3.60
2013-07-12,3.61,3.65,3.51,3.65,30400,3.65
2013-07-11,3.52,3.54,3.44,3.54,54000,3.54
2013-07-10,3.50,3.50,3.45,3.48,50800,3.48
2013-07-09,3.51,3.51,3.46,3.50,64900,3.50
2013-07-08,3.55,3.60,3.46,3.52,40600,3.52
2013-07-05,3.45,3.50,3.45,3.50,12100,3.50
2013-07-03,3.50,3.55,3.42,3.47,12700,3.47
2013-07-02,3.53,3.56,3.50,3.51,12800,3.51
2013-07-01,3.61,3.65,3.51,3.51,8600,3.51
2013-06-28,3.57,3.60,3.47,3.56,30200,3.56
2013-06-27,3.66,3.69,3.55,3.61,29000,3.61
2013-06-26,3.47,3.63,3.41,3.63,27700,3.63
2013-06-25,3.47,3.50,3.44,3.44,12800,3.44
2013-06-24,3.44,3.44,3.40,3.44,39000,3.44
2013-06-21,3.51,3.55,3.40,3.47,68000,3.47
2013-06-20,3.60,3.61,3.53,3.53,30700,3.53
2013-06-19,3.72,3.76,3.61,3.61,18700,3.61
2013-06-18,3.73,3.78,3.68,3.68,10400,3.68
2013-06-17,3.75,3.78,3.65,3.78,30300,3.78
2013-06-14,3.80,3.80,3.65,3.72,71300,3.72
2013-06-13,3.78,3.79,3.68,3.78,47300,3.78
2013-06-12,3.72,3.77,3.63,3.74,58600,3.74
2013-06-11,3.85,3.85,3.61,3.69,100900,3.69
2013-06-10,3.85,3.90,3.75,3.83,84800,3.83
2013-06-07,3.84,3.91,3.81,3.81,48300,3.81
2013-06-06,3.77,3.90,3.75,3.85,34200,3.85
2013-06-05,3.77,3.82,3.62,3.72,42900,3.72
2013-06-04,3.85,3.87,3.70,3.71,33300,3.71
2013-06-03,3.92,3.92,3.74,3.80,66800,3.80
2013-05-31,3.90,3.94,3.82,3.89,90000,3.89
2013-05-30,3.60,3.95,3.60,3.87,301500,3.87
2013-05-29,3.44,3.56,3.41,3.56,26800,3.56
2013-05-28,3.56,3.56,3.40,3.47,60300,3.47
2013-05-24,3.45,3.50,3.42,3.48,21400,3.48
2013-05-23,3.50,3.50,3.41,3.43,39200,3.43
2013-05-22,3.63,3.63,3.44,3.48,72100,3.48
2013-05-21,3.72,3.75,3.64,3.65,57500,3.65
2013-05-20,3.66,3.85,3.65,3.69,97400,3.69
2013-05-17,3.72,3.72,3.61,3.62,75900,3.62
2013-05-16,3.92,3.95,3.52,3.68,146200,3.68
2013-05-15,3.37,4.00,3.35,3.90,252600,3.90
2013-05-14,3.50,3.51,3.38,3.43,44400,3.43
2013-05-13,3.50,3.50,3.37,3.50,83800,3.50
2013-05-10,3.70,3.70,3.23,3.52,254200,3.52
2013-05-09,3.80,3.82,3.60,3.67,62300,3.67
2013-05-08,3.69,3.81,3.69,3.80,75900,3.80
2013-05-07,3.65,3.70,3.60,3.67,79100,3.67
2013-05-06,3.77,3.77,3.55,3.65,44200,3.65
2013-05-03,3.52,3.54,3.51,3.54,33000,3.54
2013-05-02,3.50,3.54,3.49,3.51,27400,3.51
2013-05-01,3.57,3.61,3.47,3.47,45200,3.47
2013-04-30,3.69,3.69,3.46,3.57,26400,3.57
2013-04-29,3.39,3.53,3.39,3.45,37300,3.45
2013-04-26,3.32,3.41,3.29,3.34,16400,3.34
2013-04-25,3.25,3.30,3.22,3.30,20400,3.30
2013-04-24,3.20,3.25,3.17,3.23,20900,3.23
2013-04-23,3.16,3.23,3.16,3.20,40800,3.20
2013-04-22,3.12,3.21,3.12,3.16,21900,3.16
2013-04-19,3.15,3.20,3.00,3.14,42800,3.14
2013-04-18,3.19,3.21,3.12,3.12,63300,3.12
2013-04-17,3.19,3.24,3.16,3.17,27500,3.17
2013-04-16,3.21,3.28,3.17,3.17,16200,3.17
2013-04-15,3.26,3.27,3.18,3.18,68400,3.18
2013-04-12,3.24,3.29,3.22,3.26,49500,3.26
2013-04-11,3.30,3.37,3.23,3.29,112600,3.29
2013-04-10,3.30,3.46,3.28,3.30,144900,3.30
2013-04-09,3.35,3.39,3.32,3.36,22900,3.36
2013-04-08,3.30,3.40,3.30,3.38,88300,3.38
2013-04-05,3.25,3.34,3.20,3.25,73100,3.25
2013-04-04,3.22,3.32,3.18,3.25,55800,3.25
2013-04-03,3.22,3.24,3.18,3.23,70100,3.23
2013-04-02,3.33,3.34,3.18,3.18,160500,3.18
2013-04-01,3.44,3.45,3.30,3.31,7400,3.31
2013-03-28,3.42,3.45,3.42,3.43,16100,3.43
2013-03-27,3.44,3.48,3.42,3.42,50900,3.42
2013-03-26,3.42,3.49,3.42,3.46,22600,3.46
2013-03-25,3.43,3.50,3.36,3.44,69500,3.44
2013-03-22,3.23,3.40,3.23,3.38,114900,3.38
2013-03-21,3.23,3.28,3.20,3.23,97700,3.23
2013-03-20,3.25,3.25,3.16,3.21,45700,3.21
2013-03-19,3.24,3.30,3.13,3.18,132600,3.18
2013-03-18,3.22,3.27,3.16,3.17,79300,3.17
2013-03-15,3.25,3.25,3.19,3.20,125400,3.20
2013-03-14,3.59,3.59,3.24,3.28,42600,3.28
2013-03-13,3.47,3.50,3.24,3.30,136800,3.30
2013-03-12,3.95,3.95,3.35,3.47,208600,3.47
2013-03-11,4.04,4.09,3.91,4.05,111500,4.05
2013-03-08,4.05,4.10,3.96,4.01,107500,4.01
2013-03-07,3.99,4.06,3.99,4.03,69400,4.03
2013-03-06,3.82,4.05,3.80,3.99,115200,3.99
2013-03-05,3.79,3.85,3.72,3.83,44900,3.83
2013-03-04,3.50,3.90,3.50,3.78,104500,3.78
2013-03-01,3.13,3.50,3.13,3.50,91600,3.50
2013-02-28,3.19,3.24,3.10,3.18,52300,3.18
2013-02-27,3.17,3.27,3.17,3.20,38500,3.20
2013-02-26,3.15,3.20,3.10,3.17,38800,3.17
2013-02-25,3.20,3.25,3.12,3.15,26100,3.15
2013-02-22,3.16,3.25,3.16,3.20,44500,3.20
2013-02-21,3.16,3.20,3.15,3.18,16400,3.18
2013-02-20,3.18,3.22,3.15,3.16,37800,3.16
2013-02-19,3.15,3.20,3.15,3.17,32800,3.17
2013-02-15,3.20,3.20,3.15,3.17,17200,3.17
2013-02-14,3.15,3.20,3.11,3.20,38400,3.20
2013-02-13,3.23,3.23,3.15,3.16,79000,3.16
2013-02-12,3.32,3.32,3.18,3.24,44500,3.24
2013-02-11,3.32,3.37,3.26,3.35,49900,3.35
2013-02-08,3.25,3.48,3.20,3.29,56900,3.29
2013-02-07,3.29,3.31,3.21,3.24,12900,3.24
2013-02-06,3.30,3.33,3.26,3.31,11500,3.31
2013-02-05,3.31,3.37,3.31,3.31,27600,3.31
2013-02-04,3.32,3.32,3.27,3.30,7900,3.30
2013-02-01,3.25,3.32,3.23,3.31,18600,3.31
2013-01-31,3.22,3.28,3.20,3.25,17900,3.25
2013-01-30,3.33,3.36,3.24,3.27,15300,3.27
2013-01-29,3.38,3.38,3.27,3.33,18200,3.33
2013-01-28,3.39,3.44,3.31,3.33,74400,3.33
2013-01-25,3.47,3.57,3.41,3.44,34900,3.44
2013-01-24,3.46,3.61,3.46,3.52,20700,3.52
2013-01-23,3.51,3.55,3.44,3.47,29700,3.47
2013-01-22,3.63,3.63,3.54,3.54,20700,3.54
2013-01-18,3.65,3.68,3.62,3.65,21600,3.65
2013-01-17,3.62,3.72,3.58,3.66,24100,3.66
2013-01-16,3.52,3.65,3.50,3.60,15600,3.60
2013-01-15,3.50,3.57,3.49,3.53,13600,3.53
2013-01-14,3.58,3.64,3.52,3.56,15500,3.56
2013-01-11,3.50,3.60,3.50,3.57,21200,3.57
2013-01-10,3.58,3.58,3.44,3.44,23500,3.44
2013-01-09,3.37,3.53,3.36,3.52,16500,3.52
2013-01-08,3.42,3.49,3.37,3.37,16800,3.37
2013-01-07,3.53,3.54,3.42,3.44,12200,3.44
2013-01-04,3.41,3.57,3.41,3.53,18100,3.53
2013-01-03,3.66,3.76,3.47,3.53,64400,3.53
2013-01-02,3.60,3.70,3.58,3.69,26600,3.69
2012-12-31,3.48,3.57,3.41,3.57,39200,3.57
2012-12-28,3.49,3.57,3.45,3.47,26000,3.47
2012-12-27,3.53,3.55,3.42,3.51,31800,3.51
2012-12-26,3.55,3.64,3.37,3.49,31800,3.49
2012-12-24,3.56,3.59,3.53,3.58,3000,3.58
2012-12-21,3.51,3.73,3.45,3.63,55500,3.63
2012-12-20,3.71,3.75,3.67,3.69,23700,3.69
2012-12-19,3.64,3.70,3.64,3.70,400,3.70
2012-12-18,3.60,3.65,3.60,3.65,4600,3.65
2012-12-17,3.60,3.63,3.55,3.63,14400,3.53
2012-12-14,3.52,3.61,3.52,3.61,18800,3.510551
2012-12-13,3.54,3.59,3.50,3.52,27000,3.42303
2012-12-12,3.42,3.50,3.42,3.48,14500,3.384132
2012-12-11,3.24,3.47,3.24,3.37,74100,3.277162
2012-12-10,3.21,3.27,3.21,3.24,24900,3.150744
2012-12-07,3.25,3.29,3.20,3.27,18600,3.179917
2012-12-06,3.38,3.39,3.16,3.22,43500,3.131295
2012-12-05,3.36,3.45,3.36,3.40,10100,3.306336
2012-12-04,3.30,3.59,3.30,3.39,30800,3.296612
2012-12-03,3.33,3.35,3.29,3.32,135500,3.22854
2012-11-30,3.30,3.40,3.27,3.35,70400,3.257713
2012-11-29,3.27,3.35,3.25,3.30,35800,3.209091
2012-11-28,3.24,3.30,3.20,3.21,56300,3.12157
2012-11-27,3.25,3.32,3.25,3.29,17400,3.199366
2012-11-26,3.28,3.34,3.20,3.23,31900,3.141019
2012-11-23,3.19,3.34,3.19,3.27,15400,3.179917
2012-11-21,3.19,3.32,3.13,3.21,35600,3.12157
2012-11-20,3.38,3.38,3.15,3.21,31000,3.12157
2012-11-19,3.21,3.39,3.21,3.27,29700,3.179917
2012-11-16,3.10,3.20,3.09,3.20,58500,3.111846
2012-11-15,3.25,3.33,3.06,3.10,354700,3.014601
2012-11-14,3.30,3.40,3.26,3.26,40800,3.170193
2012-11-13,3.27,3.46,3.21,3.34,38200,3.247989
2012-11-12,3.65,3.70,3.22,3.25,308600,3.160468
2012-11-09,3.40,3.73,3.39,3.63,62500,3.53
2012-11-08,3.51,3.53,3.27,3.34,94800,3.247989
2012-11-07,3.86,3.86,3.43,3.49,236400,3.393857
2012-11-06,4.43,4.43,3.84,3.91,346200,3.802287
2012-11-05,4.42,4.82,4.42,4.80,66200,4.667769
2012-11-02,4.49,4.57,4.45,4.46,11800,4.337135
2012-11-01,4.44,4.63,4.38,4.49,17400,4.366308
2012-10-31,4.35,4.56,4.19,4.37,56400,4.249614
2012-10-26,4.48,4.56,4.39,4.39,26800,4.269063
2012-10-25,4.45,4.52,4.42,4.44,14700,4.317686
2012-10-24,4.43,4.50,4.39,4.45,16300,4.32741
2012-10-23,4.35,4.50,4.22,4.45,22700,4.32741
2012-10-22,4.50,4.66,4.50,4.50,34400,4.376033
2012-10-19,4.61,4.64,4.45,4.51,27500,4.385758
2012-10-18,4.58,4.66,4.48,4.58,18900,4.453829
2012-10-17,4.84,4.84,4.54,4.54,94600,4.414931
2012-10-16,4.58,4.84,4.54,4.79,62400,4.658044
2012-10-15,4.28,4.56,4.20,4.56,63700,4.43438
2012-10-12,3.97,4.31,3.97,4.26,111100,4.142645
2012-10-11,3.96,3.99,3.80,3.83,50800,3.72449
2012-10-10,4.07,4.07,3.87,3.97,40000,3.860634
2012-10-09,4.16,4.21,4.05,4.05,41200,3.93843
2012-10-08,4.23,4.28,4.17,4.19,28400,4.074573
2012-10-05,4.17,4.28,4.16,4.23,36700,4.113471
2012-10-04,4.12,4.27,4.12,4.18,25000,4.064848
2012-10-03,4.07,4.20,4.07,4.13,15200,4.016226
2012-10-02,4.10,4.13,4.05,4.06,12600,3.948154
2012-10-01,4.11,4.16,4.05,4.09,23500,3.977328
2012-09-28,4.16,4.17,4.08,4.12,14200,4.006501
2012-09-27,4.15,4.20,4.01,4.16,36000,4.045399
2012-09-26,4.13,4.22,4.11,4.13,33300,4.016226
2012-09-25,4.11,4.16,4.10,4.10,45100,3.987052
2012-09-24,4.10,4.22,4.10,4.13,46200,4.016226
2012-09-21,4.13,4.20,4.10,4.13,57600,4.016226
2012-09-20,3.78,4.19,3.78,4.12,30100,4.006501
2012-09-19,4.23,4.30,4.22,4.22,63300,4.103746
2012-09-18,4.30,4.35,4.16,4.17,163500,4.055124
2012-09-17,4.57,4.57,4.23,4.35,84800,4.230165
2012-09-14,4.58,4.68,4.55,4.59,53100,4.463554
2012-09-13,4.73,4.81,4.58,4.60,53900,4.473278
2012-09-12,4.75,4.88,4.70,4.70,40300,4.570523
2012-09-11,4.93,4.98,4.76,4.79,47900,4.658044
2012-09-10,4.90,4.96,4.78,4.83,184900,4.696942
2012-09-07,4.55,4.66,4.55,4.66,27800,4.531625
2012-09-06,4.62,4.76,4.57,4.62,32700,4.492727
2012-09-05,4.46,4.60,4.43,4.54,40300,4.414931
2012-09-04,4.50,4.55,4.41,4.47,33100,4.346859
2012-08-31,4.56,4.60,4.32,4.55,91200,4.424656
2012-08-30,4.73,4.73,4.50,4.55,69100,4.424656
2012-08-29,4.86,4.86,4.66,4.75,47500,4.619146
2012-08-28,4.78,4.93,4.78,4.82,197300,4.687218
2012-08-27,4.32,4.84,4.32,4.78,174800,4.64832
2012-08-24,4.32,4.42,4.30,4.33,59700,4.210716
2012-08-23,4.24,4.35,4.24,4.30,52900,4.181543
2012-08-22,4.20,4.29,4.19,4.25,115500,4.13292
2012-08-21,4.25,4.26,4.16,4.23,88200,4.113471
2012-08-20,4.30,4.32,4.10,4.22,98400,4.103746
2012-08-17,3.94,4.22,3.94,4.22,108300,4.103746
2012-08-16,3.86,3.93,3.82,3.90,56800,3.792562
2012-08-15,4.18,4.30,3.76,3.79,227200,3.685592
2012-08-14,4.00,4.17,3.90,4.13,168200,4.016226
2012-08-13,3.57,4.14,3.48,3.92,281900,3.812011
2012-08-10,3.16,3.60,3.15,3.53,284700,3.432755
2012-08-09,3.03,3.13,3.01,3.01,110900,2.92708
2012-08-08,3.02,3.08,3.02,3.03,61100,2.946529
2012-08-07,2.92,3.07,2.92,3.07,43800,2.985427
2012-08-06,2.95,2.97,2.88,2.88,49300,2.800661
2012-08-03,2.96,2.97,2.91,2.95,29000,2.868733
2012-08-02,2.80,2.97,2.80,2.92,44000,2.839559
2012-08-01,2.95,2.95,2.84,2.86,55500,2.781212
2012-07-31,2.90,2.95,2.86,2.90,17000,2.82011
2012-07-30,3.00,3.04,2.86,2.90,20700,2.82011
2012-07-27,2.93,2.99,2.89,2.98,15800,2.897906
2012-07-26,2.86,2.95,2.86,2.90,33800,2.82011
2012-07-25,2.91,2.94,2.85,2.92,64300,2.839559
2012-07-24,3.02,3.03,2.89,2.91,34400,2.829835
2012-07-23,2.99,3.04,2.97,3.01,18700,2.92708
2012-07-20,3.05,3.07,3.02,3.06,32000,2.975702
2012-07-19,2.99,3.11,2.99,3.07,33800,2.985427
2012-07-18,2.96,3.04,2.96,2.99,24600,2.907631
2012-07-17,3.00,3.01,2.96,2.97,15100,2.888182
2012-07-16,3.02,3.06,2.96,3.00,34300,2.917355
2012-07-13,3.05,3.10,3.02,3.05,8000,2.965978
2012-07-12,3.10,3.11,3.01,3.05,22000,2.965978
2012-07-11,3.10,3.13,3.10,3.10,23700,3.014601
2012-07-10,3.10,3.15,3.06,3.10,61100,3.014601
2012-07-09,3.09,3.15,3.07,3.07,21700,2.985427
2012-07-06,3.17,3.17,3.07,3.10,74200,3.014601
2012-07-05,3.15,3.20,3.12,3.18,26000,3.092397
2012-07-03,3.10,3.18,3.10,3.13,19200,3.043774
2012-07-02,3.13,3.13,3.07,3.10,16300,3.014601
2012-06-29,3.18,3.18,3.06,3.09,73600,3.004876
2012-06-28,3.10,3.13,3.07,3.07,40700,2.985427
2012-06-27,3.07,3.17,3.06,3.16,48700,3.072948
2012-06-26,3.02,3.10,3.02,3.06,100700,2.975702
2012-06-25,2.92,3.02,2.92,2.97,101600,2.888182
2012-06-22,2.87,3.10,2.83,2.94,1996000,2.859008
2012-06-21,2.96,2.98,2.82,2.82,215600,2.742314
2012-06-20,2.93,3.03,2.93,2.97,88600,2.888182
2012-06-19,3.07,3.11,2.92,2.95,144700,2.868733
2012-06-18,3.05,3.10,3.01,3.05,81300,2.965978
2012-06-15,3.10,3.13,2.94,3.11,139200,3.024325
2012-06-14,2.98,3.12,2.96,3.12,105200,3.03405
2012-06-13,2.97,3.06,2.92,2.95,69400,2.868733
2012-06-12,2.93,2.98,2.91,2.96,60300,2.878457
2012-06-11,3.13,3.15,2.85,2.88,109100,2.800661
2012-06-08,3.09,3.11,3.03,3.09,49600,3.004876
2012-06-07,3.29,3.30,3.08,3.10,90800,3.014601
2012-06-06,3.19,3.26,3.07,3.25,149300,3.160468
2012-06-05,3.02,3.18,3.01,3.17,65600,3.082672
2012-06-04,2.98,3.15,2.98,3.04,85800,2.956253
2012-06-01,3.05,3.05,2.93,2.96,81600,2.878457
2012-05-31,3.14,3.15,2.96,3.11,157900,3.024325
2012-05-30,2.99,3.24,2.99,3.03,105800,2.946529
2012-05-29,2.95,3.09,2.90,3.03,83000,2.946529
2012-05-25,2.87,2.94,2.82,2.92,47600,2.839559
2012-05-24,2.92,2.94,2.82,2.86,46100,2.781212
2012-05-23,2.87,2.94,2.87,2.93,88700,2.849284
2012-05-22,2.93,2.97,2.86,2.90,84700,2.82011
2012-05-21,2.87,2.95,2.85,2.93,67400,2.849284
2012-05-18,2.77,2.92,2.77,2.86,74000,2.781212
2012-05-17,2.89,3.00,2.79,2.81,102500,2.73259
2012-05-16,2.91,3.00,2.85,2.88,57700,2.800661
2012-05-15,2.87,2.92,2.80,2.86,52300,2.781212
2012-05-14,2.93,2.94,2.85,2.85,46600,2.771488
2012-05-11,2.96,3.00,2.76,2.97,105000,2.888182
2012-05-10,3.01,3.05,2.96,2.98,106100,2.897906
2012-05-09,2.97,3.07,2.92,2.99,48900,2.907631
2012-05-08,2.88,3.13,2.80,3.02,69300,2.936804
2012-05-07,2.96,2.97,2.84,2.85,85800,2.771488
2012-05-04,2.99,3.03,2.92,2.96,55700,2.878457
2012-05-03,3.00,3.13,2.98,3.02,125000,2.936804
2012-05-02,3.09,3.13,2.93,3.02,89900,2.936804
2012-05-01,3.10,3.30,3.10,3.11,167000,3.024325
2012-04-30,3.10,3.16,3.10,3.11,71500,3.024325
2012-04-27,3.07,3.13,2.97,3.09,71800,3.004876
2012-04-26,3.03,3.08,3.01,3.08,25500,2.995151
2012-04-25,2.98,3.09,2.98,3.05,72800,2.965978
2012-04-24,2.99,3.07,2.93,2.98,123300,2.897906
2012-04-23,2.92,3.00,2.86,2.95,46600,2.868733
2012-04-20,2.96,3.03,2.91,2.98,90700,2.897906
2012-04-19,2.86,2.92,2.81,2.87,33800,2.790937
2012-04-18,2.90,2.95,2.85,2.86,44500,2.781212
2012-04-17,2.83,2.94,2.83,2.93,74300,2.849284
2012-04-16,2.82,2.92,2.75,2.80,44600,2.722865
2012-04-13,2.86,2.96,2.80,2.82,55000,2.742314
2012-04-12,2.88,2.92,2.82,2.88,64200,2.800661
2012-04-11,2.79,2.97,2.79,2.89,96400,2.810386
2012-04-10,2.71,3.01,2.70,2.75,195400,2.674242
2012-04-09,2.94,2.94,2.70,2.70,199900,2.62562
2012-04-05,3.04,3.16,2.94,2.96,91600,2.878457
2012-04-04,3.07,3.10,3.01,3.06,74500,2.975702
2012-04-03,3.22,3.24,3.08,3.08,97700,2.995151
2012-04-02,3.24,3.34,3.20,3.25,102200,3.160468
2012-03-30,3.31,3.36,3.25,3.25,61700,3.160468
2012-03-29,3.34,3.45,3.30,3.32,70800,3.22854
2012-03-28,3.39,3.39,3.32,3.38,44900,3.286887
2012-03-27,3.36,3.45,3.33,3.39,72200,3.296612
2012-03-26,3.47,3.47,3.27,3.35,47900,3.257713
2012-03-23,3.34,3.42,3.30,3.42,40100,3.325785
2012-03-22,3.30,3.37,3.25,3.36,80600,3.267438
2012-03-21,3.30,3.43,3.30,3.36,50300,3.267438
2012-03-20,3.36,3.39,3.26,3.27,67800,3.179917
2012-03-19,3.47,3.52,3.36,3.40,49300,3.306336
2012-03-16,3.59,3.59,3.41,3.45,115700,3.354959
2012-03-15,3.30,3.63,3.30,3.53,175200,3.432755
2012-03-14,3.61,3.74,3.45,3.62,132700,3.520275
2012-03-13,3.34,3.59,3.30,3.59,102600,3.491102
2012-03-12,3.28,3.30,3.18,3.28,87600,3.189642
2012-03-09,3.27,3.29,3.19,3.28,40700,3.189642
2012-03-08,3.15,3.33,3.09,3.29,92300,3.199366
2012-03-07,3.17,3.24,3.05,3.12,74500,3.03405
2012-03-06,3.02,3.29,3.02,3.15,157600,3.063223
2012-03-05,3.12,3.23,2.93,3.02,165200,2.936804
2012-03-02,3.38,3.45,3.00,3.12,167300,3.03405
2012-03-01,3.20,3.47,3.20,3.39,238400,3.296612
2012-02-29,3.38,3.42,3.17,3.17,158000,3.082672
2012-02-28,3.57,3.57,3.38,3.40,164500,3.306336
2012-02-27,3.50,3.69,3.40,3.58,126200,3.481377
2012-02-24,3.82,3.89,3.50,3.56,136600,3.461928
2012-02-23,3.72,3.86,3.55,3.82,196700,3.714766
2012-02-22,4.00,4.05,3.80,3.82,108200,3.714766
2012-02-21,4.11,4.15,3.96,4.00,54800,3.889807
2012-02-17,4.14,4.18,4.05,4.11,37300,3.996777
2012-02-16,4.09,4.19,4.01,4.12,54100,4.006501
2012-02-15,4.29,4.29,4.02,4.11,62000,3.996777
2012-02-14,4.32,4.41,4.20,4.23,69400,4.113471
2012-02-13,4.33,4.43,4.33,4.37,55300,4.249614
2012-02-10,4.50,4.53,4.15,4.26,107300,4.142645
2012-02-09,4.64,4.65,4.52,4.55,38600,4.424656
2012-02-08,4.60,4.64,4.52,4.62,41800,4.492727
2012-02-07,4.71,4.71,4.56,4.56,55000,4.43438
2012-02-06,4.69,4.74,4.52,4.71,62500,4.580248
2012-02-03,4.70,4.70,4.47,4.67,106900,4.54135
2012-02-02,4.61,4.68,4.51,4.57,49700,4.444105
2012-02-01,4.56,4.62,4.53,4.59,72400,4.463554
2012-01-31,4.59,4.59,4.51,4.53,18600,4.405207
2012-01-30,4.57,4.59,4.43,4.56,49100,4.43438
2012-01-27,4.56,4.68,4.56,4.68,63900,4.551074
2012-01-26,4.60,4.60,4.48,4.57,63100,4.444105
2012-01-25,4.55,4.61,4.42,4.58,42400,4.453829
2012-01-24,4.53,4.59,4.30,4.55,61100,4.424656
2012-01-23,4.44,4.67,4.44,4.56,87700,4.43438
2012-01-20,4.12,4.50,4.12,4.44,157700,4.317686
2012-01-19,4.02,4.19,3.95,4.17,87800,4.055124
2012-01-18,3.96,4.10,3.95,4.04,66600,3.928705
2012-01-17,4.00,4.00,3.93,3.98,42800,3.870358
2012-01-13,3.94,3.99,3.92,3.97,17600,3.860634
2012-01-12,3.92,3.99,3.88,3.98,50400,3.870358
2012-01-11,3.86,3.92,3.84,3.90,48100,3.792562
2012-01-10,3.97,3.97,3.87,3.91,50400,3.802287
2012-01-09,3.89,3.91,3.85,3.90,40400,3.792562
2012-01-06,3.86,3.92,3.86,3.88,44600,3.773113
2012-01-05,3.83,3.91,3.83,3.88,27600,3.773113
2012-01-04,3.83,3.90,3.80,3.85,29000,3.743939
2012-01-03,3.85,3.89,3.82,3.88,49900,3.773113
2011-12-30,3.74,3.79,3.69,3.70,46200,3.598072
2011-12-29,3.79,3.84,3.70,3.76,44300,3.656419
2011-12-28,3.88,3.92,3.77,3.79,36200,3.685592
2011-12-27,3.87,3.93,3.83,3.91,37700,3.802287
2011-12-23,3.96,3.96,3.84,3.90,26100,3.792562
2011-12-22,3.89,3.96,3.84,3.96,58900,3.850909
2011-12-21,3.77,3.88,3.77,3.87,61200,3.763388
2011-12-20,3.81,3.84,3.79,3.84,67000,3.734215
2011-12-19,3.84,3.86,3.71,3.72,46700,3.617521
2011-12-16,3.86,3.87,3.75,3.80,128400,3.695317
2011-12-15,3.85,3.88,3.74,3.82,66900,3.714766
2011-12-14,3.75,3.80,3.70,3.80,72400,3.695317
2011-12-13,3.95,3.96,3.75,3.79,63500,3.685592
2011-12-12,3.80,3.93,3.73,3.89,65000,3.782838
2011-12-09,3.70,3.97,3.65,3.85,199500,3.743939
2011-12-08,3.92,3.95,3.70,3.70,140400,3.598072
2011-12-07,4.05,4.05,3.95,3.96,74700,3.850909
2011-12-06,4.13,4.14,4.01,4.08,32100,3.967603
2011-12-05,4.22,4.22,4.00,4.15,76400,4.035675
2011-12-02,4.22,4.28,4.08,4.14,47400,4.02595
2011-12-01,4.16,4.34,4.16,4.16,78300,4.045399
2011-11-30,4.24,4.24,4.08,4.20,156400,4.084297
2011-11-29,4.05,4.09,3.95,3.97,104400,3.860634
2011-11-28,3.91,4.10,3.78,4.07,167000,3.957879
2011-11-25,3.76,3.86,3.70,3.70,58600,3.598072
2011-11-23,3.98,4.01,3.71,3.78,156000,3.675868
2011-11-22,3.90,4.10,3.90,4.03,139200,3.918981
2011-11-21,4.18,4.18,3.90,3.92,197100,3.812011
2011-11-18,4.18,4.34,4.18,4.24,52600,4.123195
2011-11-17,4.35,4.38,4.18,4.22,101100,4.103746
2011-11-16,4.48,4.52,4.27,4.33,152600,4.210716
2011-11-15,4.11,4.43,4.06,4.40,192100,4.278788
2011-11-14,4.76,4.76,4.10,4.14,256400,4.02595
2011-11-11,4.59,4.94,4.50,4.71,332300,4.580248
2011-11-10,4.28,4.42,4.11,4.37,173700,4.249614
2011-11-09,4.38,4.59,4.29,4.30,309900,4.181543
2011-11-08,4.15,4.68,4.06,4.60,250000,4.473278
2011-11-07,3.97,4.13,3.93,4.09,85700,3.977328
2011-11-04,3.98,4.01,3.90,4.00,30100,3.889807
2011-11-03,4.01,4.03,3.86,4.03,79100,3.918981
2011-11-02,4.11,4.11,3.85,3.97,96800,3.860634
2011-11-01,3.96,4.07,3.89,3.89,144200,3.782838
2011-10-31,4.31,4.40,4.18,4.22,205800,4.103746
2011-10-28,4.31,4.48,4.23,4.42,89400,4.298237
2011-10-27,4.21,4.40,3.94,4.32,228500,4.200992
2011-10-26,4.04,4.04,3.87,3.96,78100,3.850909
2011-10-25,3.98,4.00,3.92,3.96,62900,3.850909
2011-10-24,4.10,4.10,3.91,4.05,62900,3.93843
2011-10-21,4.08,4.08,3.97,4.03,59600,3.918981
2011-10-20,4.01,4.01,3.91,3.96,68900,3.850909
2011-10-19,4.02,4.09,3.95,4.01,94300,3.899532
2011-10-18,4.05,4.16,3.96,4.04,120600,3.928705
2011-10-17,4.44,4.44,4.00,4.03,194300,3.918981
2011-10-14,4.16,4.45,4.12,4.42,219400,4.298237
2011-10-13,3.93,4.10,3.84,4.10,65100,3.987052
2011-10-12,3.94,4.15,3.88,3.97,164800,3.860634
2011-10-11,3.98,4.21,3.27,3.91,366200,3.802287
2011-10-10,2.97,3.98,2.97,3.98,446900,3.870358
2011-10-07,2.97,3.00,2.85,2.90,72200,2.82011
2011-10-06,2.75,3.00,2.75,2.94,130000,2.859008
2011-10-05,2.66,2.79,2.48,2.79,62000,2.713141
2011-10-04,2.36,2.70,2.28,2.67,139300,2.596446
2011-10-03,2.60,2.69,2.33,2.37,286600,2.304711
2011-09-30,2.63,2.77,2.60,2.63,66600,2.557548
2011-09-29,2.71,2.75,2.61,2.69,75300,2.615895
2011-09-28,2.90,2.91,2.63,2.63,163600,2.557548
2011-09-27,2.92,2.92,2.75,2.86,178500,2.781212
2011-09-26,2.84,2.85,2.70,2.77,118100,2.693691
2011-09-23,2.77,2.82,2.71,2.80,98300,2.722865
2011-09-22,2.80,2.88,2.64,2.78,344900,2.703416
2011-09-21,2.98,3.16,2.74,2.76,174500,2.683967
2011-09-20,3.11,3.14,2.86,2.94,225900,2.859008
2011-09-19,3.07,3.11,3.00,3.06,86400,2.975702
2011-09-16,3.24,3.24,3.07,3.16,157300,3.072948
2011-09-15,3.15,3.34,3.04,3.21,161600,3.12157
2011-09-14,2.96,3.14,2.83,3.08,122600,2.995151
2011-09-13,3.05,3.05,2.73,2.91,236600,2.829835
2011-09-12,2.99,3.08,2.99,3.03,72300,2.946529
2011-09-09,3.14,3.19,2.92,3.03,272900,2.946529
2011-09-08,3.30,3.35,3.10,3.18,103500,3.092397
2011-09-07,3.42,3.45,3.22,3.32,138200,3.22854
2011-09-06,3.18,3.45,3.10,3.30,95400,3.209091
2011-09-02,3.39,3.39,3.16,3.21,161600,3.12157
2011-09-01,3.55,3.57,3.44,3.47,61500,3.374408
2011-08-31,3.61,3.63,3.46,3.53,101100,3.432755
2011-08-30,3.59,3.63,3.50,3.56,80300,3.461928
2011-08-29,3.47,3.63,3.42,3.62,154100,3.520275
2011-08-26,3.16,3.43,3.16,3.39,106200,3.296612
2011-08-25,3.60,3.60,3.16,3.17,187100,3.082672
2011-08-24,3.73,3.75,3.27,3.51,205300,3.413306
2011-08-23,3.48,4.15,3.37,3.74,189600,3.63697
2011-08-22,3.48,3.59,3.30,3.39,116400,3.296612
2011-08-19,3.35,3.58,3.33,3.34,101800,3.247989
2011-08-18,3.60,3.69,3.42,3.44,167000,3.345234
2011-08-17,3.92,4.05,3.71,3.73,79700,3.627245
2011-08-16,4.11,4.20,3.91,3.91,120500,3.802287
2011-08-15,3.69,4.32,3.56,4.14,216700,4.02595
2011-08-12,4.13,4.13,3.62,3.64,146700,3.539725
2011-08-11,3.63,4.10,3.56,3.97,143900,3.860634
2011-08-10,3.54,3.62,3.30,3.50,163100,3.403581
2011-08-09,3.15,3.64,3.15,3.59,328600,3.491102
2011-08-08,3.57,3.77,3.10,3.11,401400,3.024325
2011-08-05,3.91,4.00,3.55,3.75,251700,3.646694
2011-08-04,4.31,4.31,3.83,3.83,335500,3.72449
2011-08-03,3.85,4.37,3.77,4.31,382000,4.191267
2011-08-02,4.48,4.50,3.80,3.85,516500,3.743939
2011-08-01,4.47,4.69,4.39,4.50,164100,4.376033
2011-07-29,4.68,4.69,4.38,4.45,515600,4.32741
2011-07-28,4.78,4.84,4.66,4.73,251500,4.599697
2011-07-27,4.84,4.89,4.73,4.77,218700,4.638595
2011-07-26,4.89,4.99,4.78,4.89,127400,4.755289
2011-07-25,5.05,5.05,4.76,4.82,85500,4.687218
2011-07-22,4.99,5.01,4.75,4.88,350000,4.745565
2011-07-21,5.52,5.60,4.72,4.93,895700,4.794187
2011-07-20,5.90,6.49,5.80,6.34,220500,6.165345
2011-07-19,5.75,5.93,5.75,5.92,86400,5.756915
2011-07-18,5.92,5.92,5.64,5.68,137100,5.523526
2011-07-15,5.80,5.90,5.69,5.87,103000,5.708292
2011-07-14,5.95,6.01,5.66,5.79,102900,5.630496
2011-07-13,5.77,6.10,5.70,6.02,158000,5.85416
2011-07-12,5.68,5.98,5.61,5.71,121300,5.5527
2011-07-11,5.95,6.00,5.75,5.78,136000,5.620772
2011-07-08,6.05,6.28,5.75,6.04,157300,5.873609
2011-07-07,5.91,6.35,5.86,6.08,148400,5.912507
2011-07-06,5.77,5.95,5.70,5.89,105200,5.727741
2011-07-05,5.91,5.99,5.81,5.85,132900,5.688843
2011-07-01,6.13,6.13,5.81,5.95,154500,5.786088
2011-06-30,5.89,6.22,5.86,6.07,151400,5.902783
2011-06-29,5.92,6.30,5.87,5.98,140900,5.815262
2011-06-28,5.36,6.09,5.36,6.01,255400,5.844436
2011-06-27,5.50,5.76,5.47,5.68,283600,5.523526
2011-06-24,5.25,5.82,5.20,5.53,2030200,5.377659
2011-06-23,4.95,5.47,4.85,5.27,288800,5.124821
2011-06-22,4.56,5.12,4.56,4.97,292400,4.833085
2011-06-21,4.61,4.72,4.41,4.63,288100,4.502452
2011-06-20,4.75,4.78,4.61,4.66,82900,4.531625
2011-06-17,4.72,4.85,4.58,4.71,175600,4.580248
2011-06-16,4.75,4.79,4.54,4.68,201200,4.551074
2011-06-15,4.63,4.84,4.50,4.73,208700,4.599697
2011-06-14,4.78,4.83,4.42,4.60,647500,4.473278
2011-06-13,5.54,5.83,4.68,4.73,407000,4.599697
2011-06-10,5.93,5.93,5.45,5.60,232100,5.44573
2011-06-09,6.02,6.13,5.78,5.88,116700,5.718017
2011-06-08,6.19,6.23,5.95,6.02,73300,5.85416
2011-06-07,5.90,6.45,5.90,6.23,158200,6.058375
2011-06-06,6.31,6.42,5.83,5.93,168600,5.766639
2011-06-03,6.43,6.58,6.28,6.37,119900,6.194518
2011-06-02,6.30,6.59,6.23,6.52,89000,6.340386
2011-06-01,6.43,6.54,6.31,6.33,82900,6.15562
2011-05-31,6.49,6.71,6.30,6.55,142100,6.36956
2011-05-27,6.76,6.98,6.45,6.45,136000,6.272314
2011-05-26,6.32,6.86,6.28,6.76,102500,6.573774
2011-05-25,6.18,6.46,6.05,6.32,199200,6.145896
2011-05-24,6.49,6.61,6.11,6.13,148000,5.96113
2011-05-23,6.28,6.47,6.16,6.31,166500,6.136171
2011-05-20,6.85,6.89,6.37,6.53,378500,6.35011
2011-05-19,7.10,7.15,6.81,6.89,111000,6.700193
2011-05-18,7.15,7.36,6.96,7.01,226300,6.816887
2011-05-17,7.28,7.28,6.90,7.12,218800,6.923857
2011-05-16,8.02,8.02,7.20,7.22,408500,7.021102
2011-05-13,7.75,7.99,7.42,7.88,189500,7.66292
2011-05-12,7.74,7.95,7.41,7.88,114400,7.66292
2011-05-11,7.72,7.91,7.66,7.75,95300,7.536501
2011-05-10,7.70,8.04,7.52,7.75,126600,7.536501
2011-05-09,7.47,7.82,7.01,7.67,191100,7.458705
2011-05-06,7.46,7.64,7.29,7.52,76000,7.312838
2011-05-05,7.42,7.48,7.06,7.36,178900,7.157245
2011-05-04,7.83,7.95,7.41,7.50,215000,7.293389
2011-05-03,7.85,7.95,7.72,7.84,200300,7.624022
2011-05-02,8.09,8.09,7.90,7.95,77000,7.730992
2011-04-29,8.05,8.09,7.91,8.05,63000,7.828237
2011-04-28,8.06,8.06,7.95,8.02,84400,7.799064
2011-04-27,8.09,8.17,7.92,8.09,55700,7.867135
2011-04-26,8.08,8.18,7.89,8.08,230000,7.857411
2011-04-25,8.20,8.20,7.98,8.10,176400,7.87686
2011-04-21,7.58,8.15,7.58,8.15,411300,7.925482
2011-04-20,8.04,8.44,8.04,8.32,215900,8.090799
2011-04-19,7.92,8.06,7.75,8.01,161700,7.789339
2011-04-18,8.12,8.12,7.27,7.90,322400,7.682369
2011-04-15,8.07,8.24,8.01,8.06,121500,7.837962
2011-04-14,8.11,8.15,7.96,8.06,128400,7.837962
2011-04-13,8.16,8.30,8.05,8.12,122900,7.896309
2011-04-12,8.61,8.92,8.00,8.09,421100,7.867135
2011-04-11,8.66,8.94,8.41,8.63,414700,8.392259
2011-04-08,8.28,8.54,8.14,8.48,413000,8.246391
2011-04-07,7.79,8.14,7.75,8.14,330500,7.915758
2011-04-06,7.52,7.78,7.44,7.75,250300,7.536501
2011-04-05,7.35,7.63,7.34,7.46,175000,7.254491
2011-04-04,7.22,7.38,7.15,7.38,163800,7.176694
2011-04-01,7.22,7.27,7.08,7.17,146400,6.97248
2011-03-31,7.06,7.23,6.86,7.15,145300,6.953031
2011-03-30,7.06,7.20,7.05,7.07,79200,6.875234
2011-03-29,7.18,7.31,6.85,7.07,280800,6.875234
2011-03-28,6.96,7.27,6.92,7.19,213000,6.991929
2011-03-25,6.68,7.04,6.56,6.96,383400,6.768265
2011-03-24,6.58,6.97,6.39,6.55,309500,6.36956
2011-03-23,6.02,6.76,5.91,6.40,438400,6.223692
2011-03-22,6.79,6.93,5.99,6.12,997500,5.951405
2011-03-21,7.47,7.47,6.71,6.89,274100,6.700193
2011-03-18,7.51,7.58,6.76,7.37,241700,7.16697
2011-03-17,7.66,8.13,6.66,7.28,742200,7.079449
2011-03-16,8.00,8.95,7.69,8.16,434000,7.935207
2011-03-15,6.91,8.10,6.91,7.79,331900,7.5754
2011-03-14,8.20,8.20,7.68,7.84,114600,7.624022
2011-03-11,7.48,8.12,7.48,8.05,121500,7.828237
2011-03-10,8.20,8.24,7.69,8.09,195000,7.867135
2011-03-09,8.29,8.45,8.16,8.29,124300,8.061625
2011-03-08,8.32,8.35,8.00,8.35,82300,8.119973
2011-03-07,8.40,8.48,8.02,8.23,167500,8.003278
2011-03-04,8.32,8.40,8.13,8.34,145100,8.110248
2011-03-03,8.00,8.35,8.00,8.19,104500,7.96438
2011-03-02,7.84,8.02,7.65,7.99,133900,7.76989
2011-03-01,8.31,8.33,7.86,7.91,137700,7.692094
2011-02-28,8.46,8.82,8.11,8.25,180900,8.022727
2011-02-25,8.09,8.35,8.00,8.24,208600,8.013003
2011-02-24,7.57,7.92,7.50,7.86,134000,7.643471
2011-02-23,7.80,7.80,7.30,7.60,236100,7.390634
2011-02-22,8.13,8.15,7.50,7.62,389400,7.410083
2011-02-18,8.91,8.91,8.31,8.43,254000,8.197769
2011-02-17,9.13,9.13,8.71,8.86,87700,8.615923
2011-02-16,9.16,9.24,8.65,8.95,214300,8.703443
2011-02-15,9.00,9.15,8.82,9.04,145100,8.790964
2011-02-14,8.92,9.31,8.65,8.99,417700,8.742342
2011-02-11,8.42,8.68,8.36,8.68,157700,8.440882
2011-02-10,8.47,8.52,8.05,8.45,247600,8.217218
2011-02-09,8.58,8.64,8.24,8.53,146400,8.295014
2011-02-08,8.58,8.67,8.33,8.53,246500,8.295014
2011-02-07,8.29,8.74,8.10,8.50,580400,8.26584
2011-02-04,7.50,8.36,7.50,8.21,863800,7.983829
2011-02-03,6.83,7.59,6.76,7.57,554200,7.36146
2011-02-02,6.78,6.89,6.75,6.81,113700,6.622397
2011-02-01,6.72,6.89,6.71,6.82,154200,6.632121
2011-01-31,6.84,7.07,6.53,6.77,196200,6.583499
2011-01-28,7.11,7.25,6.90,7.07,149300,6.875234
2011-01-27,6.85,7.30,6.85,7.22,186300,7.021102
2011-01-26,7.00,7.05,6.83,7.01,107400,6.816887
2011-01-25,7.21,7.24,6.90,7.01,154500,6.816887
2011-01-24,7.29,7.30,7.00,7.28,216200,7.079449
2011-01-21,7.59,7.75,7.20,7.31,186300,7.108623
2011-01-20,6.99,7.55,6.89,7.37,296500,7.16697
2011-01-19,7.39,7.40,6.70,7.05,716600,6.855785
2011-01-18,8.20,8.92,7.30,7.49,1148700,7.283664
2011-01-14,7.50,8.01,7.50,7.99,452000,7.76989
2011-01-13,7.41,7.52,7.12,7.49,197700,7.283664
2011-01-12,7.37,7.44,7.19,7.29,163300,7.089174
2011-01-11,7.53,7.75,7.15,7.15,399400,6.953031
2011-01-10,7.10,7.56,6.76,7.52,333200,7.312838
2011-01-07,7.05,7.11,6.75,7.03,233900,6.836336
2011-01-06,7.17,7.55,6.71,7.07,688900,6.875234
2011-01-05,6.80,7.18,6.50,7.16,443200,6.962755
2011-01-04,6.49,6.61,6.26,6.61,229600,6.427907
2011-01-03,6.25,6.52,6.12,6.45,249500,6.272314
2010-12-31,5.79,6.00,5.79,6.00,117700,5.834711
2010-12-30,5.90,5.95,5.67,5.82,100100,5.65967
2010-12-29,5.65,5.96,5.65,5.94,236900,5.776364
2010-12-28,5.63,5.70,5.48,5.70,150300,5.542975
2010-12-27,5.40,5.62,5.35,5.58,126300,5.426281
2010-12-23,5.38,5.40,5.22,5.39,151700,5.241515
2010-12-22,5.30,5.35,5.12,5.29,75700,5.14427
2010-12-21,5.21,5.30,5.09,5.23,94600,5.085923
2010-12-20,4.86,5.21,4.76,5.20,251800,5.056749
2010-12-17,4.64,4.85,4.64,4.85,85700,4.716391
2010-12-16,4.69,4.69,4.58,4.64,58300,4.512176
2010-12-15,4.63,4.68,4.53,4.62,57200,4.492727
2010-12-14,4.68,4.68,4.40,4.61,109900,4.483003
2010-12-13,4.67,4.70,4.54,4.61,146800,4.483003
2010-12-10,4.66,4.71,4.65,4.68,89900,4.551074
2010-12-09,4.62,4.72,4.61,4.67,91100,4.54135
2010-12-08,4.87,4.87,4.61,4.72,120700,4.589972
2010-12-07,4.90,4.93,4.81,4.88,47300,4.745565
2010-12-06,4.77,4.93,4.73,4.83,99500,4.696942
2010-12-03,4.75,4.99,4.75,4.93,98100,4.794187
2010-12-02,4.80,4.92,4.80,4.88,73200,4.745565
2010-12-01,5.19,5.19,4.89,4.92,89500,4.784463
2010-11-30,5.00,5.17,4.80,4.95,139400,4.813636
2010-11-29,4.98,5.00,4.75,4.94,132200,4.803912
2010-11-26,5.17,5.17,4.98,4.98,99900,4.84281
2010-11-24,5.19,5.23,5.05,5.12,56400,4.978953
2010-11-23,5.12,5.23,4.89,5.14,189200,4.998402
2010-11-22,5.29,5.50,5.15,5.20,150500,5.056749
2010-11-19,5.74,5.75,5.09,5.36,320600,5.212342
2010-11-18,5.38,5.80,5.36,5.62,467100,5.465179
2010-11-17,4.95,5.35,4.91,5.28,394500,5.134546
2010-11-16,4.68,4.97,4.55,4.86,321900,4.726116
2010-11-15,4.40,5.15,4.40,4.81,366500,4.677493
2010-11-12,4.50,4.55,4.16,4.35,218100,4.230165
2010-11-11,4.32,4.50,4.31,4.47,92100,4.346859
2010-11-10,4.45,4.55,4.39,4.43,137400,4.307961
2010-11-09,4.42,4.53,4.35,4.41,225300,4.288512
2010-11-08,4.18,4.40,4.18,4.27,230100,4.152369
2010-11-05,3.90,4.14,3.88,4.13,154400,4.016226
2010-11-04,4.00,4.07,3.70,3.89,67400,3.782838
2010-11-03,3.91,3.97,3.80,3.94,31700,3.83146
2010-11-02,3.97,3.97,3.85,3.88,40700,3.773113
2010-11-01,3.94,3.97,3.82,3.93,73200,3.821736
2010-10-29,3.80,3.89,3.80,3.89,26400,3.782838
2010-10-28,3.85,3.89,3.78,3.80,43300,3.695317
2010-10-27,3.80,3.83,3.72,3.77,38400,3.666143
2010-10-26,3.81,3.85,3.63,3.80,72600,3.695317
2010-10-25,3.77,3.85,3.51,3.80,128600,3.695317
2010-10-22,3.69,3.73,3.50,3.70,90300,3.598072
2010-10-21,3.82,3.82,3.68,3.75,35300,3.646694
2010-10-20,3.67,3.75,3.65,3.72,23900,3.617521
2010-10-19,3.75,3.79,3.69,3.69,18000,3.588347
2010-10-18,3.71,3.75,3.64,3.75,18800,3.646694
2010-10-15,3.77,3.80,3.61,3.75,63700,3.646694
2010-10-14,3.75,3.78,3.63,3.78,30300,3.675868
2010-10-13,3.62,3.80,3.56,3.80,41600,3.695317
2010-10-12,3.75,3.85,3.52,3.66,112200,3.559174
2010-10-11,3.51,3.75,3.42,3.75,184600,3.646694
2010-10-08,3.25,3.49,3.24,3.48,246600,3.384132
2010-10-07,3.26,3.28,3.21,3.28,26600,3.189642
2010-10-06,3.25,3.27,3.21,3.27,71000,3.179917
2010-10-05,3.08,3.25,3.08,3.25,38200,3.160468
2010-10-04,3.10,3.15,3.00,3.09,34400,3.004876
2010-10-01,3.23,3.26,3.12,3.18,51900,3.092397
2010-09-30,3.30,3.35,3.13,3.19,63000,3.102121
2010-09-29,3.23,3.35,3.23,3.31,23100,3.218815
2010-09-28,3.18,3.30,3.17,3.27,28500,3.179917
2010-09-27,3.19,3.25,3.08,3.22,19100,3.131295
2010-09-24,3.15,3.25,3.09,3.21,38500,3.12157
2010-09-23,3.20,3.28,3.17,3.25,41200,3.160468
2010-09-22,3.20,3.25,3.16,3.24,63000,3.150744
2010-09-21,3.27,3.28,3.13,3.25,24000,3.160468
2010-09-20,3.12,3.35,3.12,3.27,99700,3.179917
2010-09-17,3.00,3.35,2.95,3.00,144400,2.917355
2010-09-16,2.98,3.00,2.93,2.95,61100,2.868733
2010-09-15,2.95,2.99,2.95,2.97,5900,2.888182
2010-09-14,2.99,3.03,2.93,2.97,19500,2.888182
2010-09-13,2.88,3.03,2.88,3.03,40200,2.946529
2010-09-10,3.03,3.03,2.90,2.90,45800,2.82011
2010-09-09,2.80,2.99,2.80,2.98,101800,2.897906
2010-09-08,2.88,2.90,2.82,2.83,6700,2.752039
2010-09-07,2.97,2.97,2.80,2.92,47100,2.839559
2010-09-03,2.97,3.10,2.90,2.99,32400,2.907631
2010-09-02,2.96,3.00,2.96,2.99,39700,2.907631
2010-09-01,3.02,3.02,2.96,2.98,44800,2.897906
2010-08-31,2.95,3.01,2.95,2.98,32700,2.897906
2010-08-30,3.00,3.00,2.96,2.96,19800,2.878457
2010-08-27,2.91,3.01,2.91,2.99,29500,2.907631
2010-08-26,3.00,3.00,2.95,2.96,10700,2.878457
2010-08-25,2.94,3.01,2.90,3.01,56700,2.92708
2010-08-24,3.00,3.05,2.99,3.05,25900,2.965978
2010-08-23,3.15,3.15,3.01,3.08,40100,2.995151
2010-08-20,3.00,3.10,3.00,3.07,32400,2.985427
2010-08-19,3.10,3.18,3.06,3.10,116500,3.014601
2010-08-18,3.06,3.15,3.02,3.11,17200,3.024325
2010-08-17,3.15,3.15,2.98,3.03,107900,2.946529
2010-08-16,3.05,3.05,2.91,3.00,24900,2.917355
2010-08-13,3.24,3.24,2.72,3.00,88300,2.917355
2010-08-12,3.00,3.05,2.91,3.04,41800,2.956253
2010-08-11,3.03,3.07,2.93,2.94,53700,2.859008
2010-08-10,2.96,3.01,2.86,3.01,22000,2.92708
2010-08-09,2.81,2.99,2.81,2.96,7400,2.878457
2010-08-06,2.94,3.00,2.90,2.90,16900,2.82011
2010-08-05,2.98,3.00,2.75,2.95,53000,2.868733
2010-08-04,2.91,3.03,2.90,3.00,52800,2.917355
2010-08-03,3.04,3.05,2.91,2.95,54400,2.868733
2010-08-02,3.12,3.12,2.75,3.03,128800,2.946529
2010-07-30,3.06,3.18,2.95,3.02,72600,2.936804
2010-07-29,3.05,3.25,3.05,3.12,56400,3.03405
2010-07-28,3.30,3.50,3.05,3.13,133100,3.043774
2010-07-27,2.87,3.37,2.87,3.17,135400,3.082672
2010-07-26,2.78,2.99,2.72,2.88,165300,2.800661
2010-07-23,2.36,2.78,2.27,2.78,160500,2.703416
2010-07-22,3.09,3.09,2.05,2.33,271700,2.265813
2010-07-21,2.50,2.65,1.91,2.09,739600,2.032424
2010-07-20,2.83,2.83,2.50,2.59,195600,2.51865
2010-07-19,2.97,2.97,2.83,2.88,58100,2.800661
2010-07-16,2.99,3.05,2.90,3.00,42500,2.917355
2010-07-15,3.01,3.04,2.90,2.99,151900,2.907631
2010-07-14,3.20,3.20,3.02,3.05,67600,2.965978
2010-07-13,3.10,3.21,3.07,3.15,58800,3.063223
2010-07-12,3.18,3.20,3.10,3.15,46400,3.063223
2010-07-09,3.27,3.27,3.12,3.23,41500,3.141019
2010-07-08,3.49,3.49,3.22,3.27,23000,3.179917
2010-07-07,3.20,3.50,3.20,3.39,26000,3.296612
2010-07-06,3.35,3.50,3.25,3.27,73100,3.179917
2010-07-02,3.50,3.50,3.30,3.35,23600,3.257713
2010-07-01,3.65,3.65,3.28,3.48,65400,3.384132
2010-06-30,3.61,3.69,3.47,3.63,21600,3.53
2010-06-29,3.62,3.75,3.42,3.67,62700,3.568898
2010-06-28,3.61,3.80,3.61,3.72,18100,3.617521
2010-06-25,3.49,3.80,3.49,3.64,108100,3.539725
2010-06-24,3.51,3.55,3.38,3.55,44800,3.452204
2010-06-23,3.53,3.60,3.46,3.50,21900,3.403581
2010-06-22,3.49,3.68,3.49,3.60,26000,3.500826
2010-06-21,3.70,3.70,3.46,3.56,56700,3.461928
2010-06-18,3.70,3.80,3.65,3.69,63200,3.588347
2010-06-17,3.80,3.85,3.72,3.72,13300,3.617521
2010-06-16,3.80,3.85,3.75,3.82,40100,3.714766
2010-06-15,3.90,3.90,3.82,3.90,25800,3.792562
2010-06-14,3.77,3.92,3.72,3.92,68100,3.812011
2010-06-11,3.97,3.97,3.70,3.76,21100,3.656419
2010-06-10,3.90,3.90,3.76,3.90,48400,3.792562
2010-06-09,3.82,3.90,3.75,3.86,45300,3.753664
2010-06-08,3.85,3.92,3.75,3.77,61200,3.666143
2010-06-07,4.01,4.01,3.75,3.90,67600,3.792562
2010-06-04,4.00,4.05,3.70,3.90,138000,3.792562
2010-06-03,3.75,3.84,3.69,3.82,75600,3.714766
2010-06-02,3.57,3.70,3.57,3.69,32200,3.588347
2010-06-01,3.60,3.68,3.50,3.63,36000,3.53
2010-05-28,3.66,3.66,3.57,3.64,63600,3.539725
2010-05-27,3.35,3.89,3.35,3.60,37400,3.500826
2010-05-26,3.25,3.56,3.25,3.55,53700,3.452204
2010-05-25,3.03,3.50,3.03,3.44,100800,3.345234
2010-05-24,3.58,3.69,3.48,3.58,141200,3.481377
2010-05-21,3.60,3.71,3.55,3.63,97200,3.53
2010-05-20,3.05,3.73,3.05,3.70,92000,3.598072
2010-05-19,3.60,3.89,3.60,3.80,76100,3.695317
2010-05-18,3.95,4.10,3.80,3.89,86700,3.782838
2010-05-17,4.00,4.00,3.51,3.94,64800,3.83146
2010-05-14,4.04,4.20,3.30,3.93,242400,3.821736
2010-05-13,3.35,3.91,3.35,3.91,234000,3.802287
2010-05-12,3.15,3.35,3.06,3.35,236600,3.257713
2010-05-11,3.20,3.20,3.02,3.10,29700,3.014601
2010-05-10,3.19,3.49,2.99,3.20,110400,3.111846
2010-05-07,3.05,3.22,2.88,2.99,151100,2.907631
2010-05-06,3.48,3.50,2.95,3.15,285600,3.063223
2010-05-05,3.50,3.70,3.42,3.55,141500,3.452204
2010-05-04,4.00,4.00,3.69,3.87,143900,3.763388
2010-05-03,4.10,4.10,3.96,4.03,58300,3.918981
2010-04-30,4.00,4.00,3.82,3.96,58600,3.850909
2010-04-29,3.99,4.00,3.91,4.00,48200,3.889807
2010-04-28,4.00,4.00,3.81,3.97,102200,3.860634
2010-04-27,4.05,4.14,3.91,4.02,61600,3.909256
2010-04-26,4.10,4.19,3.99,4.14,61900,4.02595
2010-04-23,4.00,4.03,3.95,4.03,66300,3.918981
2010-04-22,3.92,4.15,3.76,4.00,82500,3.889807
2010-04-21,3.75,4.03,3.75,3.98,41100,3.870358
2010-04-20,4.10,4.15,3.85,4.04,102000,3.928705
2010-04-19,3.81,4.15,3.81,4.10,166200,3.987052
2010-04-16,3.62,3.85,3.59,3.81,165100,3.705041
2010-04-15,3.60,3.70,3.50,3.69,267800,3.588347
2010-04-14,4.25,4.35,3.55,3.75,590600,3.646694
2010-04-13,4.27,4.45,4.22,4.25,99500,4.13292
2010-04-12,4.42,4.70,4.21,4.45,243600,4.32741
2010-04-09,4.80,4.88,4.20,4.44,344700,4.317686
2010-04-08,4.85,4.88,4.50,4.73,236300,4.599697
2010-04-07,4.34,4.78,4.25,4.70,530800,4.570523
2010-04-06,5.30,5.49,3.75,4.20,1944500,4.084297
2010-04-05,4.75,5.14,4.70,5.12,891000,4.978953
2010-04-01,3.90,4.34,3.85,4.31,615200,4.191267
2010-03-31,3.50,3.90,3.50,3.76,361100,3.656419
2010-03-30,3.30,3.55,3.29,3.45,441300,3.354959
2010-03-29,2.96,3.30,2.96,3.20,306300,3.111846
2010-03-26,2.94,3.10,2.94,2.98,311100,2.897906
2010-03-25,2.97,3.00,2.85,2.94,145600,2.859008
2010-03-24,3.05,3.20,2.85,2.98,211300,2.897906
2010-03-23,2.76,3.04,2.71,3.03,278300,2.946529
2010-03-22,2.58,2.72,2.50,2.72,159400,2.645069
2010-03-19,2.58,2.59,2.49,2.58,75100,2.508926
2010-03-18,2.75,2.75,2.46,2.58,23600,2.508926
2010-03-17,2.67,2.67,2.50,2.55,68900,2.479752
2010-03-16,2.48,2.59,2.43,2.58,73300,2.508926
2010-03-15,2.40,2.49,2.35,2.44,95200,2.372782
2010-03-12,2.41,2.41,2.35,2.38,55000,2.314435
2010-03-11,2.33,2.55,2.28,2.40,89000,2.333884
2010-03-10,2.50,2.55,2.20,2.34,162900,2.275537
2010-03-09,2.45,2.75,2.40,2.53,344100,2.460303
2010-03-08,2.00,2.34,1.97,2.26,586800,2.197741
2010-03-05,2.04,2.04,1.97,1.98,19400,1.925455
2010-03-04,1.94,2.04,1.90,2.04,139400,1.983802
2010-03-03,1.94,1.95,1.90,1.94,30600,1.886557
2010-03-02,1.87,1.98,1.86,1.91,33800,1.857383
2010-03-01,1.88,1.95,1.85,1.89,23300,1.837934
2010-02-26,1.93,1.97,1.88,1.94,60800,1.886557
2010-02-25,1.78,1.95,1.78,1.94,5000,1.886557
2010-02-24,1.84,1.92,1.78,1.78,50900,1.730964
2010-02-23,1.86,1.86,1.80,1.85,6700,1.799036
2010-02-22,1.87,1.90,1.80,1.86,12200,1.80876
2010-02-19,1.82,1.87,1.80,1.87,27100,1.818485
2010-02-18,1.75,1.87,1.75,1.87,15500,1.818485
2010-02-17,1.83,1.84,1.83,1.84,6200,1.789311
2010-02-16,1.74,1.84,1.74,1.84,62300,1.789311
2010-02-12,1.77,1.84,1.72,1.80,169100,1.750413
2010-02-11,1.73,1.73,1.70,1.73,4700,1.682342
2010-02-10,1.78,1.78,1.70,1.75,3000,1.701791
2010-02-09,1.70,1.79,1.70,1.78,29500,1.730964
2010-02-08,1.75,1.75,1.75,1.75,4000,1.701791
2010-02-05,1.80,1.80,1.70,1.79,8000,1.740689
2010-02-04,1.83,1.83,1.47,1.77,83000,1.72124
2010-02-03,1.80,1.85,1.80,1.85,7500,1.799036
2010-02-02,1.80,1.85,1.80,1.83,26100,1.779587
2010-02-01,1.80,1.85,1.80,1.85,41600,1.799036
2010-01-29,1.80,1.82,1.77,1.82,13400,1.769862
2010-01-28,1.83,1.83,1.80,1.80,8600,1.750413
2010-01-27,1.85,1.85,1.83,1.83,5800,1.779587
2010-01-26,1.81,1.85,1.80,1.85,38400,1.799036
2010-01-25,1.92,1.92,1.82,1.83,11000,1.779587
2010-01-22,1.82,1.93,1.82,1.90,21300,1.847658
2010-01-21,2.05,2.05,1.85,1.89,28900,1.837934
2010-01-20,2.00,2.00,1.85,1.98,55800,1.925455
2010-01-19,2.05,2.05,1.92,1.95,16400,1.896281
2010-01-15,2.04,2.04,1.96,2.02,30100,1.964353
2010-01-14,2.06,2.06,1.96,2.05,38200,1.993526
2010-01-13,2.09,2.09,2.02,2.06,68600,2.003251
2010-01-12,2.06,2.06,2.00,2.05,36200,1.993526
2010-01-11,2.03,2.03,1.94,2.03,45200,1.974077
2010-01-08,1.90,2.03,1.90,2.00,35900,1.944904
2010-01-07,1.90,1.92,1.89,1.92,45100,1.867107
2010-01-06,1.90,1.90,1.81,1.90,39100,1.847658
2010-01-05,1.90,1.90,1.85,1.87,33400,1.818485
2010-01-04,1.82,1.90,1.80,1.90,8600,1.847658
2009-12-31,1.74,1.95,1.72,1.88,80000,1.828209
2009-12-30,1.74,1.80,1.72,1.79,109000,1.740689
2009-12-29,1.76,1.76,1.70,1.74,14600,1.692066
2009-12-28,1.69,1.75,1.66,1.75,27000,1.701791
2009-12-24,1.74,1.75,1.74,1.75,3000,1.701791
2009-12-23,1.63,1.76,1.58,1.76,62900,1.711515
2009-12-22,1.80,1.80,1.41,1.75,11200,1.701791
2009-12-21,1.70,1.80,1.61,1.80,33800,1.750413
2009-12-18,1.70,1.71,1.60,1.70,164400,1.653168
2009-12-17,1.54,1.65,1.50,1.65,41700,1.604545
2009-12-16,1.60,1.60,1.50,1.60,68700,1.555923
2009-12-15,1.49,1.70,1.44,1.60,11800,1.555923
2009-12-14,1.53,1.55,1.45,1.48,157100,1.439229
2009-12-11,1.53,1.54,1.50,1.54,23500,1.497576
2009-12-10,1.40,1.60,1.40,1.55,40500,1.5073
2009-12-09,1.58,1.64,1.38,1.45,66600,1.410055
2009-12-08,1.57,1.57,1.50,1.57,12500,1.526749
2009-12-07,1.53,1.60,1.53,1.58,29000,1.536474
2009-12-04,1.50,1.63,1.50,1.60,62600,1.555923
2009-12-03,1.70,1.71,1.65,1.65,15500,1.604545
2009-12-02,1.74,1.74,1.72,1.72,15700,1.672617
2009-12-01,1.75,1.78,1.65,1.78,37200,1.730964
2009-11-30,1.69,1.75,1.60,1.75,25600,1.701791
2009-11-27,1.64,1.70,1.60,1.69,11100,1.643444
2009-11-25,1.56,1.77,1.56,1.70,7900,1.653168
2009-11-24,1.67,1.76,1.57,1.76,34900,1.711515
2009-11-23,1.70,1.79,1.53,1.65,47800,1.604545
2009-11-20,1.75,1.80,1.70,1.79,28800,1.740689
2009-11-19,1.80,1.80,1.71,1.80,65100,1.750413
2009-11-18,1.82,1.82,1.76,1.78,21300,1.730964
2009-11-17,1.77,1.84,1.77,1.82,14500,1.769862
2009-11-16,1.81,1.89,1.75,1.77,25000,1.72124
2009-11-13,1.90,2.00,1.75,1.82,62400,1.769862
2009-11-12,1.85,1.95,1.85,1.95,56800,1.896281
2009-11-11,1.84,1.84,1.76,1.84,16800,1.789311
2009-11-10,1.84,1.84,1.74,1.84,48600,1.789311
2009-11-09,1.73,2.00,1.73,1.80,60300,1.750413
2009-11-06,1.65,1.74,1.65,1.73,2500,1.682342
2009-11-05,1.70,1.75,1.66,1.69,6200,1.643444
2009-11-04,1.66,1.75,1.66,1.73,24900,1.682342
2009-11-03,1.74,1.75,1.65,1.75,17500,1.701791
2009-11-02,1.64,1.75,1.58,1.70,38100,1.653168
2009-10-30,1.64,1.67,1.60,1.64,40900,1.594821
2009-10-29,1.60,1.67,1.60,1.67,17600,1.623994
2009-10-28,1.70,1.70,1.66,1.67,67700,1.623994
2009-10-27,1.65,1.70,1.63,1.70,16800,1.653168
2009-10-26,1.75,1.75,1.55,1.68,78800,1.633719
2009-10-23,1.75,1.75,1.70,1.71,38400,1.662893
2009-10-22,1.72,1.79,1.70,1.76,15000,1.711515
2009-10-21,1.80,1.80,1.70,1.75,9700,1.701791
2009-10-20,1.79,1.80,1.65,1.80,62200,1.750413
2009-10-19,1.74,1.80,1.70,1.80,14300,1.750413
2009-10-16,1.80,1.81,1.75,1.76,53500,1.711515
2009-10-15,1.82,1.82,1.80,1.82,8600,1.769862
2009-10-14,1.81,1.85,1.77,1.82,23300,1.769862
2009-10-13,1.84,1.84,1.76,1.81,16000,1.760138
2009-10-12,1.85,1.85,1.81,1.84,34800,1.789311
2009-10-09,1.78,1.85,1.78,1.85,28900,1.799036
2009-10-08,1.80,1.85,1.80,1.80,114400,1.750413
2009-10-07,1.83,1.83,1.75,1.80,29500,1.750413
2009-10-06,1.82,1.90,1.70,1.79,171800,1.740689
2009-10-05,1.70,1.90,1.70,1.82,73600,1.769862
2009-10-02,1.80,1.85,1.65,1.70,352200,1.653168
2009-10-01,1.60,1.65,1.55,1.60,72800,1.555923
2009-09-30,1.65,1.75,1.55,1.65,42600,1.604545
2009-09-29,1.69,1.70,1.60,1.65,13000,1.604545
2009-09-28,1.48,1.69,1.48,1.69,19300,1.643444
2009-09-25,1.72,1.72,1.47,1.50,107000,1.458678
2009-09-24,1.66,1.80,1.55,1.72,37500,1.672617
2009-09-23,1.67,1.78,1.60,1.69,79000,1.643444
2009-09-22,1.83,1.83,1.73,1.75,21000,1.701791
2009-09-21,1.94,1.94,1.74,1.80,150500,1.750413
2009-09-18,2.05,2.05,1.74,1.85,152500,1.799036
2009-09-17,1.95,2.08,1.82,1.95,179500,1.896281
2009-09-16,1.70,1.97,1.70,1.91,161400,1.857383
2009-09-15,1.45,1.73,1.45,1.73,177400,1.682342
2009-09-14,1.48,1.51,1.42,1.51,150600,1.468402
2009-09-11,1.36,1.44,1.35,1.41,74900,1.371157
2009-09-10,1.34,1.40,1.30,1.35,81400,1.31281
2009-09-09,1.29,1.36,1.29,1.33,92800,1.293361
2009-09-08,1.27,1.29,1.27,1.29,75800,1.254463
2009-09-04,1.29,1.31,1.25,1.30,30800,1.264187
2009-09-03,1.28,1.31,1.23,1.29,134800,1.254463
2009-09-02,1.32,1.32,1.26,1.31,27200,1.273912
2009-09-01,1.31,1.32,1.29,1.32,17600,1.283636
2009-08-31,1.35,1.35,1.30,1.34,35500,1.303085
2009-08-28,1.34,1.36,1.27,1.35,24800,1.31281
2009-08-27,1.33,1.34,1.25,1.34,146900,1.303085
2009-08-26,1.35,1.37,1.33,1.34,46200,1.303085
2009-08-25,1.37,1.43,1.35,1.35,227500,1.31281
2009-08-24,1.49,1.50,1.35,1.37,152500,1.332259
2009-08-21,1.41,1.41,1.33,1.34,86700,1.303085
2009-08-20,1.39,1.44,1.31,1.33,76400,1.293361
2009-08-19,1.30,1.39,1.30,1.35,106700,1.31281
2009-08-18,1.42,1.42,1.35,1.42,114700,1.380882
2009-08-17,1.50,1.50,1.37,1.42,137200,1.380882
2009-08-14,1.55,1.65,1.46,1.50,153600,1.458678
2009-08-13,1.66,1.73,1.55,1.55,109400,1.5073
2009-08-12,1.40,1.69,1.40,1.50,124500,1.458678
2009-08-11,1.40,1.50,1.37,1.47,72700,1.429504
2009-08-10,1.42,1.45,1.40,1.40,79300,1.361433
2009-08-07,1.40,1.45,1.20,1.42,80200,1.380882
2009-08-06,1.30,1.38,1.30,1.34,37900,1.303085
2009-08-05,1.17,1.27,1.17,1.27,95800,1.235014
2009-08-04,1.15,1.17,1.14,1.17,21600,1.137769
2009-08-03,1.14,1.14,1.10,1.14,49900,1.108595
2009-07-31,1.14,1.14,1.12,1.14,12800,1.108595
2009-07-30,1.08,1.15,1.08,1.14,20600,1.108595
2009-07-29,1.12,1.12,1.08,1.10,36200,1.069697
2009-07-28,1.16,1.16,1.05,1.10,61600,1.069697
2009-07-27,1.15,1.15,1.10,1.15,12400,1.11832
2009-07-24,1.11,1.16,1.11,1.15,12500,1.11832
2009-07-23,1.10,1.16,1.08,1.16,26800,1.128044
2009-07-22,1.10,1.10,1.09,1.10,4100,1.069697
2009-07-21,1.09,1.10,1.09,1.10,15200,1.069697
2009-07-20,1.12,1.12,0.97,1.09,195500,1.059973
2009-07-17,1.11,1.11,1.06,1.10,51400,1.069697
2009-07-16,1.10,1.11,1.06,1.10,38900,1.069697
2009-07-15,1.11,1.11,1.02,1.10,88900,1.069697
2009-07-14,1.11,1.11,1.05,1.10,11100,1.069697
2009-07-13,1.10,1.15,0.99,1.05,90700,1.021074
2009-07-10,1.01,1.12,1.01,1.12,3600,1.089146
2009-07-09,1.13,1.13,1.13,1.13,000,1.098871
2009-07-08,1.05,1.14,1.00,1.13,4700,1.098871
2009-07-07,1.17,1.17,1.17,1.17,000,1.137769
2009-07-06,1.00,1.17,1.00,1.17,1000,1.137769
2009-07-02,0.97,1.19,0.97,1.17,9000,1.137769
2009-07-01,1.09,1.19,0.97,1.18,2100,1.147493
2009-06-30,1.09,1.09,1.06,1.09,5200,1.059973
2009-06-29,0.99,1.09,0.99,1.09,3200,1.059973
2009-06-26,1.09,1.09,0.97,1.09,6100,1.059973
2009-06-25,0.97,1.10,0.97,1.10,3900,1.069697
2009-06-24,0.97,1.07,0.97,1.05,15300,1.021074
2009-06-23,0.94,1.09,0.87,1.06,2000,1.030799
2009-06-22,1.14,1.14,0.94,1.00,52700,0.972452
2009-06-19,1.15,1.15,1.11,1.15,10900,1.11832
2009-06-18,1.10,1.10,1.10,1.10,11300,1.069697
2009-06-17,1.10,1.10,1.06,1.10,10100,1.069697
2009-06-16,1.10,1.15,1.05,1.14,8800,1.108595
2009-06-15,1.22,1.22,1.07,1.10,8600,1.069697
2009-06-12,1.12,1.15,1.12,1.15,2100,1.11832
2009-06-11,1.11,1.15,1.09,1.15,16400,1.11832
2009-06-10,1.09,1.15,1.09,1.15,4400,1.11832
2009-06-09,1.15,1.24,1.05,1.20,19600,1.166942
2009-06-08,1.16,1.20,1.15,1.18,28600,1.147493
2009-06-05,1.20,1.23,1.17,1.23,95900,1.196116
2009-06-04,1.18,1.21,1.18,1.21,27400,1.176667
2009-06-03,1.16,1.21,1.16,1.20,60100,1.166942
2009-06-02,1.16,1.20,1.16,1.20,2900,1.166942
2009-06-01,1.24,1.24,1.16,1.22,51900,1.186391
2009-05-29,1.20,1.22,1.15,1.21,33300,1.176667
2009-05-28,1.17,1.20,1.17,1.19,24900,1.157218
2009-05-27,1.17,1.19,1.17,1.18,12900,1.147493
2009-05-26,1.20,1.20,1.14,1.17,21900,1.137769
2009-05-22,1.09,1.20,1.09,1.20,21100,1.166942
2009-05-21,1.19,1.20,1.09,1.15,31900,1.11832
2009-05-20,1.05,1.14,1.04,1.14,126400,1.108595
2009-05-19,1.07,1.14,1.05,1.14,42400,1.108595
2009-05-18,1.20,1.25,1.05,1.09,69200,1.059973
2009-05-15,1.40,1.40,1.15,1.20,132700,1.166942
2009-05-14,1.18,1.30,1.14,1.20,67200,1.166942
2009-05-13,1.14,1.18,1.13,1.18,73200,1.147493
2009-05-12,1.09,1.14,1.09,1.14,21500,1.108595
2009-05-11,0.95,1.09,0.95,1.09,24400,1.059973
2009-05-08,1.03,1.09,0.94,1.09,151700,1.059973
2009-05-07,0.91,1.00,0.86,1.00,9900,0.972452
2009-05-06,0.90,1.00,0.90,1.00,8700,0.972452
2009-05-05,0.98,0.98,0.84,0.98,10200,0.953003
2009-05-04,0.99,0.99,0.82,0.98,16100,0.953003
2009-05-01,0.86,0.99,0.82,0.99,33800,0.962727
2009-04-30,0.82,0.84,0.80,0.84,79800,0.816859
2009-04-29,0.80,0.85,0.78,0.85,10800,0.826584
2009-04-28,0.79,0.79,0.72,0.79,36200,0.768237
2009-04-27,0.80,0.80,0.75,0.79,700,0.768237
2009-04-24,0.80,0.80,0.75,0.77,16800,0.748788
2009-04-23,0.80,0.80,0.68,0.79,4000,0.768237
2009-04-22,0.72,0.79,0.72,0.79,121400,0.768237
2009-04-21,0.70,0.72,0.70,0.72,29900,0.700165
2009-04-20,0.68,0.76,0.68,0.76,37200,0.739063
2009-04-17,0.72,0.72,0.65,0.71,5900,0.690441
2009-04-16,0.72,0.73,0.68,0.70,48300,0.680716
2009-04-15,0.72,0.78,0.72,0.73,21900,0.70989
2009-04-14,0.78,0.78,0.71,0.78,10900,0.758512
2009-04-13,0.80,0.80,0.70,0.71,24300,0.690441
2009-04-09,0.84,0.84,0.75,0.75,21500,0.729339
2009-04-08,0.82,0.84,0.75,0.76,130000,0.739063
2009-04-07,0.82,0.85,0.75,0.85,9900,0.826584
2009-04-06,0.80,0.90,0.80,0.83,85300,0.807135
2009-04-03,0.79,0.85,0.71,0.84,170700,0.816859
2009-04-02,0.70,0.80,0.65,0.79,190600,0.768237
2009-04-01,0.60,0.75,0.60,0.70,145100,0.680716
2009-03-31,0.62,0.68,0.56,0.67,15600,0.651543
2009-03-30,0.63,0.63,0.63,0.63,300,0.612645
2009-03-27,0.54,0.68,0.51,0.63,38100,0.612645
2009-03-26,0.56,0.60,0.51,0.59,16000,0.573747
2009-03-25,0.63,0.63,0.46,0.56,9600,0.544573
2009-03-24,0.50,0.64,0.50,0.63,34700,0.612645
2009-03-23,0.40,0.53,0.40,0.50,3300,0.486226
2009-03-20,0.50,0.55,0.42,0.55,7200,0.534849
2009-03-19,0.48,0.55,0.48,0.50,77400,0.486226
2009-03-18,0.48,0.49,0.42,0.48,11000,0.466777
2009-03-17,0.35,0.48,0.35,0.48,5800,0.466777
2009-03-16,0.40,0.50,0.36,0.49,12500,0.476501
2009-03-13,0.37,0.40,0.35,0.40,10900,0.388981
2009-03-12,0.33,0.40,0.33,0.37,7600,0.359807
2009-03-11,0.37,0.40,0.37,0.40,5600,0.388981
2009-03-10,0.37,0.37,0.37,0.37,600,0.359807
2009-03-09,0.37,0.37,0.33,0.37,13300,0.359807
2009-03-06,0.32,0.49,0.32,0.49,3000,0.476501
2009-03-05,0.35,0.44,0.32,0.40,12100,0.388981
2009-03-04,0.39,0.39,0.35,0.35,12900,0.340358
2009-03-03,0.35,0.45,0.35,0.39,32300,0.379256
2009-03-02,0.37,0.37,0.32,0.35,51200,0.340358
2009-02-27,0.37,0.45,0.37,0.45,4600,0.437603
2009-02-26,0.44,0.45,0.44,0.45,2000,0.437603
2009-02-25,0.37,0.50,0.36,0.50,22100,0.486226
2009-02-24,0.36,0.49,0.36,0.41,23500,0.398705
2009-02-23,0.41,0.48,0.36,0.45,4000,0.437603
2009-02-20,0.43,0.48,0.36,0.48,12000,0.466777
2009-02-19,0.43,0.49,0.42,0.49,26000,0.476501
2009-02-18,0.45,0.49,0.43,0.49,9700,0.476501
2009-02-17,0.45,0.49,0.45,0.49,12900,0.476501
2009-02-13,0.51,0.51,0.48,0.50,10600,0.486226
2009-02-12,0.52,0.52,0.43,0.51,32000,0.49595
2009-02-11,0.51,0.55,0.51,0.55,400,0.534849
2009-02-10,0.55,0.55,0.51,0.55,5300,0.534849
2009-02-09,0.60,0.60,0.51,0.59,4700,0.573747
2009-02-06,0.54,0.60,0.51,0.60,13200,0.583471
2009-02-05,0.47,0.57,0.47,0.54,26200,0.525124
2009-02-04,0.48,0.58,0.44,0.55,9300,0.534849
2009-02-03,0.49,0.59,0.49,0.59,11900,0.573747
2009-02-02,0.52,0.57,0.48,0.55,8400,0.534849
2009-01-30,0.52,0.59,0.52,0.58,19300,0.564022
2009-01-29,0.55,0.60,0.52,0.60,15800,0.583471
2009-01-28,0.48,0.55,0.48,0.55,25700,0.534849
2009-01-27,0.50,0.54,0.50,0.54,26800,0.525124
2009-01-26,0.57,0.57,0.50,0.51,56500,0.49595
2009-01-23,0.54,0.57,0.50,0.57,35900,0.554298
2009-01-22,0.58,0.58,0.49,0.55,8200,0.534849
2009-01-21,0.47,0.58,0.47,0.52,11700,0.505675
2009-01-20,0.51,0.62,0.51,0.58,32800,0.564022
2009-01-16,0.59,0.62,0.54,0.60,5900,0.583471
2009-01-15,0.65,0.65,0.53,0.59,51200,0.573747
2009-01-14,0.70,0.70,0.61,0.65,9500,0.632094
2009-01-13,0.65,0.75,0.65,0.70,19600,0.680716
2009-01-12,0.60,0.79,0.60,0.77,8300,0.748788
2009-01-09,0.85,0.85,0.72,0.75,15600,0.729339
2009-01-08,0.60,0.84,0.57,0.74,41400,0.719614
2009-01-07,0.65,0.65,0.60,0.65,3100,0.632094
2009-01-06,0.65,0.65,0.55,0.65,14400,0.632094
2009-01-05,0.60,0.60,0.52,0.60,28300,0.583471
2009-01-02,0.52,0.60,0.52,0.60,6400,0.583471
2008-12-31,0.45,0.55,0.45,0.54,33400,0.525124
2008-12-30,0.45,0.63,0.45,0.54,9400,0.525124
2008-12-29,0.49,0.65,0.49,0.57,70200,0.554298
2008-12-26,0.65,0.65,0.54,0.56,12500,0.544573
2008-12-24,0.55,0.69,0.55,0.69,3100,0.670992
2008-12-23,0.61,0.70,0.61,0.63,28900,0.612645
2008-12-22,0.46,0.75,0.46,0.69,77800,0.670992
2008-12-19,0.38,0.69,0.38,0.59,142700,0.573747
2008-12-18,0.35,0.45,0.33,0.45,65800,0.437603
2008-12-17,0.35,0.38,0.35,0.38,5200,0.369532
2008-12-16,0.35,0.38,0.35,0.38,41200,0.369532
2008-12-15,0.32,0.38,0.32,0.35,55600,0.340358
2008-12-12,0.32,0.36,0.32,0.36,11100,0.350083
2008-12-11,0.35,0.35,0.35,0.35,8700,0.340358
2008-12-10,0.42,0.42,0.32,0.39,33200,0.379256
2008-12-09,0.44,0.44,0.34,0.40,1800,0.388981
2008-12-08,0.44,0.44,0.34,0.40,6800,0.388981
2008-12-05,0.40,0.44,0.40,0.44,75500,0.427879
2008-12-04,0.40,0.40,0.33,0.40,4800,0.388981
2008-12-03,0.40,0.40,0.34,0.40,13000,0.388981
2008-12-02,0.34,0.44,0.32,0.44,190300,0.427879
2008-12-01,0.40,0.40,0.34,0.34,23000,0.330634
2008-11-28,0.38,0.38,0.38,0.38,1700,0.369532
2008-11-26,0.38,0.38,0.30,0.38,7200,0.369532
2008-11-25,0.38,0.38,0.25,0.38,1700,0.369532
2008-11-24,0.25,0.40,0.25,0.38,21000,0.369532
2008-11-21,0.28,0.38,0.28,0.38,30000,0.369532
2008-11-20,0.28,0.40,0.28,0.37,10700,0.359807
2008-11-19,0.40,0.40,0.29,0.40,3800,0.388981
2008-11-18,0.45,0.45,0.29,0.39,7600,0.379256
2008-11-17,0.28,0.45,0.28,0.45,13100,0.437603
2008-11-14,0.37,0.45,0.27,0.45,84100,0.437603
2008-11-13,0.31,0.37,0.31,0.37,5500,0.359807
2008-11-12,0.34,0.38,0.34,0.38,36100,0.369532
2008-11-11,0.38,0.38,0.34,0.38,13700,0.369532
2008-11-10,0.38,0.38,0.33,0.38,8100,0.369532
2008-11-07,0.37,0.39,0.31,0.38,13300,0.369532
2008-11-06,0.38,0.40,0.24,0.37,174600,0.359807
2008-11-05,0.40,0.40,0.35,0.40,14700,0.388981
2008-11-04,0.40,0.40,0.38,0.40,59400,0.388981
2008-11-03,0.50,0.50,0.36,0.50,4100,0.486226
2008-10-31,0.46,0.50,0.40,0.40,22300,0.388981
2008-10-30,0.51,0.51,0.40,0.45,11600,0.437603
2008-10-29,0.49,0.50,0.36,0.36,15500,0.350083
2008-10-28,0.36,0.50,0.36,0.50,6600,0.486226
2008-10-27,0.36,0.50,0.36,0.50,500,0.486226
2008-10-24,0.51,0.60,0.50,0.60,18900,0.583471
2008-10-23,0.40,0.50,0.29,0.50,15200,0.486226
2008-10-22,0.50,0.50,0.34,0.50,4800,0.486226
2008-10-21,0.50,0.50,0.45,0.45,42200,0.437603
2008-10-20,0.55,0.58,0.40,0.50,35800,0.486226
2008-10-17,0.50,0.55,0.50,0.55,11600,0.534849
2008-10-16,0.51,0.51,0.30,0.45,18900,0.437603
2008-10-15,0.50,0.50,0.50,0.50,3400,0.486226
2008-10-14,0.50,0.50,0.26,0.50,9800,0.486226
2008-10-13,0.25,0.50,0.25,0.50,150600,0.486226
2008-10-10,0.37,0.49,0.21,0.44,75400,0.427879
2008-10-09,0.48,0.49,0.38,0.49,51200,0.476501
2008-10-08,0.38,0.50,0.35,0.48,65500,0.466777
2008-10-07,0.51,0.51,0.36,0.50,53900,0.486226
2008-10-06,0.53,0.59,0.36,0.51,104900,0.49595
2008-10-03,0.60,0.60,0.60,0.60,1600,0.583471
2008-10-02,0.52,0.60,0.52,0.60,9200,0.583471
2008-10-01,0.54,0.60,0.52,0.55,19700,0.534849
2008-09-30,0.69,0.69,0.52,0.54,11500,0.525124
2008-09-29,0.59,0.69,0.52,0.60,14200,0.583471
2008-09-26,0.66,0.69,0.54,0.68,12400,0.661267
2008-09-25,0.62,0.70,0.53,0.70,9600,0.680716
2008-09-24,0.52,0.70,0.52,0.62,4000,0.60292
2008-09-23,0.60,0.70,0.60,0.65,4800,0.632094
2008-09-22,0.60,0.70,0.60,0.70,3100,0.680716
2008-09-19,0.60,0.72,0.60,0.70,46800,0.680716
2008-09-18,0.52,0.70,0.52,0.70,8200,0.680716
2008-09-17,0.66,0.66,0.66,0.66,000,0.641818
2008-09-16,0.57,0.70,0.57,0.66,10300,0.641818
2008-09-15,0.60,0.70,0.56,0.70,17700,0.680716
2008-09-12,0.57,0.70,0.57,0.70,5900,0.680716
2008-09-11,0.63,0.70,0.57,0.70,8200,0.680716
2008-09-10,0.65,0.70,0.53,0.70,14500,0.680716
2008-09-09,0.70,0.74,0.69,0.70,10900,0.680716
2008-09-08,0.70,0.70,0.70,0.70,5000,0.680716
2008-09-05,0.70,0.70,0.70,0.70,3000,0.680716
2008-09-04,0.70,0.70,0.70,0.70,1000,0.680716
2008-09-03,0.70,0.70,0.68,0.70,11700,0.680716
2008-09-02,0.72,0.72,0.68,0.70,6000,0.680716
2008-08-29,0.66,0.70,0.66,0.70,1800,0.680716
2008-08-28,0.70,0.74,0.65,0.68,17000,0.661267
2008-08-27,0.70,0.70,0.65,0.65,2800,0.632094
2008-08-26,0.58,0.70,0.58,0.70,9400,0.680716
2008-08-25,0.70,0.70,0.68,0.68,6800,0.661267
2008-08-22,0.68,0.70,0.68,0.68,18200,0.661267
2008-08-21,0.70,0.70,0.70,0.70,000,0.680716
2008-08-20,0.70,0.70,0.68,0.70,25900,0.680716
2008-08-19,0.70,0.70,0.68,0.70,22700,0.680716
2008-08-18,0.70,0.70,0.70,0.70,6100,0.680716
2008-08-15,0.71,0.74,0.59,0.70,77300,0.680716
2008-08-14,0.62,0.80,0.59,0.70,21400,0.680716
2008-08-13,0.61,0.64,0.61,0.62,12000,0.60292
2008-08-12,0.54,0.65,0.54,0.61,11800,0.593196
2008-08-11,0.52,0.67,0.52,0.60,17600,0.583471
2008-08-08,0.69,0.70,0.68,0.68,11200,0.661267
2008-08-07,0.58,0.70,0.58,0.70,7500,0.680716
2008-08-06,0.70,0.83,0.70,0.70,55800,0.680716
2008-08-05,0.70,0.70,0.69,0.69,87800,0.670992
2008-08-04,0.68,0.70,0.68,0.70,3000,0.680716
2008-08-01,0.70,0.70,0.68,0.68,19700,0.661267
2008-07-31,0.72,0.75,0.72,0.75,3700,0.729339
2008-07-30,0.70,0.70,0.70,0.70,8100,0.680716
2008-07-29,0.72,0.72,0.70,0.70,7200,0.680716
2008-07-28,0.71,0.73,0.71,0.72,9800,0.700165
2008-07-25,0.73,0.73,0.72,0.73,6500,0.70989
2008-07-24,0.70,0.75,0.70,0.70,1800,0.680716
2008-07-23,0.71,0.75,0.71,0.71,8500,0.690441
2008-07-22,0.71,0.71,0.71,0.71,1400,0.690441
2008-07-21,0.69,0.80,0.69,0.71,12800,0.690441
2008-07-18,0.70,0.75,0.65,0.75,6800,0.729339
2008-07-17,0.70,0.75,0.70,0.70,7000,0.680716
2008-07-16,0.71,0.72,0.70,0.70,18900,0.680716
2008-07-15,0.70,0.83,0.70,0.80,20700,0.777961
2008-07-14,0.70,0.70,0.70,0.70,6400,0.680716
2008-07-11,0.71,0.71,0.70,0.70,3000,0.680716
2008-07-10,0.83,0.83,0.70,0.71,18700,0.690441
2008-07-09,0.75,0.78,0.71,0.78,28800,0.758512
2008-07-08,0.76,0.76,0.62,0.70,44600,0.680716
2008-07-07,0.80,0.80,0.76,0.76,9600,0.739063
2008-07-03,0.76,0.81,0.76,0.80,7300,0.777961
2008-07-02,0.71,0.80,0.71,0.80,2900,0.777961
2008-07-01,0.79,0.79,0.70,0.76,13000,0.739063
2008-06-30,0.78,0.84,0.78,0.84,2400,0.816859
2008-06-27,0.76,0.82,0.76,0.82,2400,0.79741
2008-06-26,0.71,0.76,0.71,0.76,4500,0.739063
2008-06-25,0.70,0.79,0.70,0.73,4800,0.70989
2008-06-24,0.73,0.88,0.63,0.70,22100,0.680716
2008-06-23,0.70,0.75,0.70,0.73,7500,0.70989
2008-06-20,0.69,0.79,0.69,0.78,16800,0.758512
2008-06-19,0.77,0.79,0.73,0.79,13500,0.768237
2008-06-18,0.77,0.78,0.77,0.78,4300,0.758512
2008-06-17,0.78,0.79,0.78,0.78,4700,0.758512
2008-06-16,0.84,0.84,0.77,0.77,5400,0.748788
2008-06-13,0.85,0.85,0.78,0.78,13000,0.758512
2008-06-12,0.78,0.80,0.78,0.80,11100,0.777961
2008-06-11,0.81,0.85,0.78,0.84,12100,0.816859
2008-06-10,0.81,0.87,0.81,0.87,1100,0.846033
2008-06-09,0.84,0.84,0.81,0.84,3500,0.816859
2008-06-06,0.88,0.88,0.82,0.85,5700,0.826584
2008-06-05,0.85,0.85,0.81,0.81,4000,0.787686
2008-06-04,0.81,0.84,0.81,0.84,24900,0.816859
2008-06-03,0.88,0.88,0.82,0.82,7300,0.79741
2008-06-02,0.89,0.89,0.81,0.81,7000,0.787686
2008-05-30,0.88,0.88,0.88,0.88,000,0.855758
2008-05-29,0.80,0.88,0.80,0.88,2900,0.855758
2008-05-28,0.80,0.80,0.80,0.80,1300,0.777961
2008-05-27,0.82,0.84,0.81,0.81,21800,0.787686
2008-05-23,0.90,0.90,0.81,0.81,2400,0.787686
2008-05-22,0.81,0.89,0.81,0.88,11800,0.855758
2008-05-21,0.90,0.90,0.80,0.81,35400,0.787686
2008-05-20,0.83,0.87,0.80,0.87,22700,0.846033
2008-05-19,0.78,0.87,0.78,0.87,19200,0.846033
2008-05-16,0.90,0.90,0.88,0.88,7200,0.855758
2008-05-15,0.85,0.96,0.85,0.91,36200,0.884931
2008-05-14,0.90,0.96,0.90,0.94,10000,0.914105
2008-05-13,0.88,0.90,0.79,0.90,41000,0.875207
2008-05-12,0.87,0.95,0.87,0.87,43500,0.846033
2008-05-09,0.97,0.97,0.87,0.96,44900,0.933554
2008-05-08,0.95,0.98,0.95,0.98,41200,0.953003
2008-05-07,0.97,1.00,0.97,1.00,4700,0.972452
2008-05-06,0.97,0.97,0.97,0.97,1000,0.943278
2008-05-05,1.00,1.00,0.97,0.97,1500,0.943278
2008-05-02,1.00,1.00,0.97,0.97,1500,0.943278
2008-05-01,1.00,1.00,0.97,0.97,800,0.943278
2008-04-30,0.97,1.00,0.96,1.00,13400,0.972452
2008-04-29,0.97,0.97,0.96,0.96,2600,0.933554
2008-04-28,1.01,1.01,0.96,0.96,18900,0.933554
2008-04-25,1.00,1.00,0.96,0.96,18100,0.933554
2008-04-24,1.00,1.00,0.96,0.96,11100,0.933554
2008-04-23,0.98,0.98,0.96,0.96,14300,0.933554
2008-04-22,1.00,1.00,0.96,0.99,9800,0.962727
2008-04-21,1.01,1.01,0.99,0.99,6200,0.962727
2008-04-18,1.04,1.04,1.01,1.01,5600,0.982176
2008-04-17,1.03,1.05,1.01,1.02,12400,0.991901
2008-04-16,0.99,1.03,0.99,1.02,49900,0.991901
2008-04-15,0.99,1.04,0.99,1.01,29600,0.982176
2008-04-14,1.05,1.05,1.00,1.00,54700,0.972452
2008-04-11,1.01,1.05,1.01,1.04,173700,1.01135
2008-04-10,1.04,1.04,0.99,0.99,2300,0.962727
2008-04-09,0.98,1.00,0.98,1.00,12800,0.972452
2008-04-08,0.97,1.04,0.97,1.00,24400,0.972452
2008-04-07,0.96,1.04,0.96,1.04,51900,1.01135
2008-04-04,1.00,1.02,0.95,0.98,47600,0.953003
2008-04-03,1.02,1.02,0.96,1.00,22100,0.972452
2008-04-02,1.01,1.03,1.00,1.00,6300,0.972452
2008-04-01,1.05,1.05,1.00,1.01,11400,0.982176
2008-03-31,1.06,1.06,1.03,1.05,3800,1.021074
2008-03-28,1.02,1.07,1.02,1.06,6300,1.030799
2008-03-27,0.96,1.06,0.96,1.03,17300,1.001625
2008-03-26,1.03,1.07,1.03,1.05,22000,1.021074
2008-03-25,1.00,1.03,1.00,1.03,13300,1.001625
2008-03-24,1.01,1.03,0.99,0.99,8000,0.962727
2008-03-20,0.96,1.01,0.96,1.01,8700,0.982176
2008-03-19,0.95,1.02,0.95,0.95,2400,0.923829
2008-03-18,0.99,1.02,0.95,0.99,10300,0.962727
2008-03-17,1.04,1.04,0.95,0.96,14000,0.933554
2008-03-14,1.04,1.05,1.01,1.02,6700,0.991901
2008-03-13,1.01,1.04,0.96,1.02,34200,0.991901
2008-03-12,0.95,1.03,0.94,1.02,33000,0.991901
2008-03-11,1.00,1.02,0.95,1.01,22100,0.982176
2008-03-10,1.00,1.00,0.96,0.96,8000,0.933554
2008-03-07,1.02,1.03,1.01,1.01,3900,0.982176
2008-03-06,1.04,1.04,1.00,1.01,5500,0.982176
2008-03-05,1.03,1.06,1.01,1.04,27900,1.01135
2008-03-04,1.05,1.05,1.01,1.03,9500,1.001625
2008-03-03,1.05,1.07,1.04,1.04,51500,1.01135
2008-02-29,1.06,1.09,1.05,1.05,24300,1.021074
2008-02-28,1.06,1.08,1.06,1.06,2600,1.030799
2008-02-27,1.01,1.08,1.01,1.08,11300,1.050248
2008-02-26,1.02,1.02,0.95,1.01,3100,0.982176
2008-02-25,1.04,1.04,1.00,1.00,17200,0.972452
2008-02-22,0.95,1.08,0.95,1.04,103900,1.01135
2008-02-21,0.93,0.95,0.93,0.95,8300,0.923829
2008-02-20,0.96,0.96,0.92,0.95,17900,0.923829
2008-02-19,0.92,0.96,0.92,0.95,2500,0.923829
2008-02-15,0.97,0.97,0.93,0.93,30100,0.90438
2008-02-14,0.98,0.98,0.88,0.95,59400,0.923829
2008-02-13,1.04,1.04,1.01,1.01,16200,0.982176
2008-02-12,1.08,1.08,1.01,1.01,7200,0.982176
2008-02-11,0.90,1.01,0.90,1.01,57400,0.982176
2008-02-08,0.95,0.95,0.92,0.92,5000,0.894656
2008-02-07,0.96,0.96,0.91,0.95,44800,0.923829
2008-02-06,1.02,1.02,0.94,0.95,125200,0.923829
2008-02-05,1.05,1.08,0.94,1.01,48800,0.982176
2008-02-04,1.17,1.17,0.95,1.02,119400,0.991901
2008-02-01,1.17,1.17,1.13,1.17,2700,1.137769
2008-01-31,1.14,1.17,1.11,1.14,15700,1.108595
2008-01-30,1.15,1.16,1.11,1.11,34600,1.079422
2008-01-29,1.11,1.18,1.11,1.11,31100,1.079422
2008-01-28,1.15,1.15,1.10,1.11,11800,1.079422
2008-01-25,1.15,1.20,1.14,1.20,23900,1.166942
2008-01-24,1.12,1.20,1.12,1.16,8600,1.128044
2008-01-23,1.15,1.16,1.10,1.11,33600,1.079422
2008-01-22,1.16,1.20,1.12,1.12,32000,1.089146
2008-01-18,1.21,1.24,1.20,1.20,26800,1.166942
2008-01-17,1.18,1.27,1.18,1.25,23900,1.215565
2008-01-16,1.20,1.22,1.16,1.20,24700,1.166942
2008-01-15,1.13,1.30,1.13,1.20,11700,1.166942
2008-01-14,1.24,1.30,1.14,1.14,64800,1.108595
2008-01-11,1.20,1.25,1.19,1.24,7000,1.20584
2008-01-10,1.19,1.24,1.19,1.23,13600,1.196116
2008-01-09,1.19,1.30,1.14,1.14,23200,1.108595
2008-01-08,1.16,1.16,1.09,1.14,26000,1.108595
2008-01-07,1.18,1.30,1.11,1.11,192600,1.079422
2008-01-04,1.24,1.26,1.14,1.14,378400,1.108595
2008-01-03,1.34,1.34,1.22,1.22,186800,1.186391
2008-01-02,1.29,1.47,1.29,1.35,84600,1.31281
2007-12-31,1.21,1.29,1.20,1.28,26600,1.244738
2007-12-28,1.20,1.29,1.19,1.27,10200,1.235014
2007-12-27,1.26,1.30,1.20,1.25,85200,1.215565
2007-12-26,1.25,1.30,1.23,1.30,22400,1.264187
2007-12-24,1.28,1.30,1.20,1.25,13600,1.215565
2007-12-21,1.15,1.25,1.15,1.25,8100,1.215565
2007-12-20,1.18,1.22,1.14,1.15,16400,1.11832
2007-12-19,1.25,1.25,1.15,1.22,121600,1.186391
2007-12-18,1.21,1.25,1.16,1.25,63800,1.215565
2007-12-17,1.20,1.25,1.20,1.21,20100,1.176667
2007-12-14,1.24,1.30,1.14,1.22,158100,1.186391
2007-12-13,1.26,1.35,1.26,1.30,69700,1.264187
2007-12-12,1.25,1.28,1.25,1.27,50200,1.235014
2007-12-11,1.30,1.32,1.24,1.32,54900,1.283636
2007-12-10,1.39,1.42,1.24,1.35,127900,1.31281
2007-12-07,1.40,1.44,1.40,1.40,19200,1.361433
2007-12-06,1.44,1.45,1.39,1.40,28200,1.361433
2007-12-05,1.39,1.43,1.39,1.40,19100,1.361433
2007-12-04,1.38,1.46,1.37,1.40,35500,1.361433
2007-12-03,1.43,1.45,1.35,1.44,53600,1.400331
2007-11-30,1.43,1.45,1.38,1.44,155300,1.400331
2007-11-29,1.45,1.45,1.40,1.43,41700,1.390606
2007-11-28,1.45,1.45,1.35,1.45,53400,1.410055
2007-11-27,1.54,1.56,1.41,1.46,56900,1.41978
2007-11-26,1.51,1.52,1.32,1.45,48300,1.410055
2007-11-23,1.45,1.51,1.45,1.51,39800,1.468402
2007-11-21,1.51,1.60,1.51,1.51,26900,1.468402
2007-11-20,1.50,1.56,1.50,1.55,43000,1.5073
2007-11-19,1.50,1.57,1.41,1.52,40500,1.478127
2007-11-16,1.72,1.72,1.45,1.55,120100,1.5073
2007-11-15,1.42,1.75,1.42,1.70,276900,1.653168
2007-11-14,1.23,1.43,1.23,1.38,64300,1.341983
2007-11-13,1.29,1.32,1.22,1.32,29200,1.283636
2007-11-12,1.21,1.29,1.20,1.21,31500,1.176667
2007-11-09,1.30,1.34,1.02,1.22,56300,1.186391
2007-11-08,1.33,1.35,1.15,1.34,39800,1.303085
2007-11-07,1.35,1.38,1.30,1.30,64200,1.264187
2007-11-06,1.27,1.35,1.25,1.34,71700,1.303085
2007-11-05,1.14,1.30,1.11,1.22,78300,1.186391
2007-11-02,1.07,1.11,1.07,1.10,7200,1.069697
2007-11-01,1.07,1.12,1.05,1.07,26500,1.040523
2007-10-31,1.09,1.10,1.08,1.09,40800,1.059973
2007-10-30,1.10,1.20,1.05,1.09,75400,1.059973
2007-10-29,0.97,1.13,0.97,1.10,62000,1.069697
2007-10-26,1.03,1.03,0.95,1.01,36900,0.982176
2007-10-25,1.04,1.04,1.00,1.03,39300,1.001625
2007-10-24,0.98,1.03,0.97,1.02,79000,0.991901
2007-10-23,0.92,0.93,0.92,0.93,1400,0.90438
2007-10-22,0.92,1.00,0.92,0.92,1400,0.894656
2007-10-19,0.90,0.99,0.90,0.94,17700,0.914105
2007-10-18,0.93,0.97,0.90,0.90,49200,0.875207
2007-10-17,0.94,1.02,0.91,0.93,36900,0.90438
2007-10-16,1.00,1.05,1.00,1.00,27100,0.972452
2007-10-15,1.02,1.05,0.90,1.03,17300,1.001625
2007-10-12,1.00,1.05,0.96,1.01,33800,0.982176
2007-10-11,0.90,0.99,0.88,0.99,41300,0.962727
2007-10-10,0.88,0.97,0.88,0.89,28700,0.865482
2007-10-09,0.94,0.94,0.88,0.92,20700,0.894656
2007-10-08,0.88,0.95,0.88,0.90,7400,0.875207
2007-10-05,0.94,0.95,0.88,0.95,14000,0.923829
2007-10-04,0.87,0.95,0.87,0.95,3300,0.923829
2007-10-03,0.97,0.97,0.93,0.94,19800,0.914105
2007-10-02,0.97,1.00,0.95,1.00,25200,0.972452
2007-10-01,0.85,1.00,0.85,0.94,43900,0.914105
2007-09-28,1.03,1.03,0.78,0.93,44200,0.90438
2007-09-27,0.99,1.02,0.98,1.02,30400,0.991901
2007-09-26,0.99,0.99,0.99,0.99,13900,0.962727
2007-09-25,0.96,0.99,0.95,0.95,30300,0.923829
2007-09-24,0.95,1.00,0.95,0.99,7300,0.962727
2007-09-21,0.98,1.02,0.95,0.98,10400,0.953003
2007-09-20,1.02,1.02,0.98,1.00,3200,0.972452
2007-09-19,1.01,1.04,0.98,0.98,140600,0.953003
2007-09-18,1.00,1.04,1.00,1.04,23500,1.01135
2007-09-17,1.02,1.03,0.98,1.03,19900,1.001625
2007-09-14,1.00,1.02,0.98,0.98,11500,0.953003
2007-09-13,0.99,0.99,0.98,0.98,11600,0.953003
2007-09-12,1.04,1.04,0.98,1.00,47500,0.972452
2007-09-11,1.02,1.02,1.00,1.00,27100,0.972452
2007-09-10,1.03,1.03,0.99,1.02,15700,0.991901
2007-09-07,1.01,1.03,0.98,1.02,17200,0.991901
2007-09-06,1.01,1.04,1.01,1.02,2300,0.991901
2007-09-05,1.07,1.07,1.01,1.01,24900,0.982176
2007-09-04,1.06,1.07,1.01,1.01,41500,0.982176
2007-08-31,1.07,1.07,1.05,1.05,18800,1.021074
2007-08-30,1.04,1.04,1.00,1.02,44900,0.991901
2007-08-29,1.02,1.06,0.99,1.02,124600,0.991901
2007-08-28,1.01,1.07,1.00,1.06,69700,1.030799
2007-08-27,1.04,1.04,1.02,1.02,6800,0.991901
2007-08-24,1.03,1.05,1.00,1.01,85600,0.982176
2007-08-23,1.03,1.04,1.01,1.02,9100,0.991901
2007-08-22,1.05,1.05,0.99,1.00,23800,0.972452
2007-08-21,1.06,1.09,1.04,1.04,24000,1.01135
2007-08-20,0.98,1.07,0.98,1.03,23200,1.001625
2007-08-17,0.99,1.10,0.99,1.06,9200,1.030799
2007-08-16,1.01,1.03,0.98,1.01,27200,0.982176
2007-08-15,1.08,1.08,1.02,1.02,8500,0.991901
2007-08-14,1.14,1.14,1.02,1.02,31800,0.991901
2007-08-13,1.06,1.11,1.04,1.04,35300,1.01135
2007-08-10,1.10,1.10,1.05,1.06,48600,1.030799
2007-08-09,1.04,1.16,1.01,1.05,77200,1.021074
2007-08-08,1.25,1.30,1.04,1.05,139600,1.021074
2007-08-07,1.20,1.24,1.05,1.20,94100,1.166942
2007-08-06,1.05,1.20,1.04,1.20,70600,1.166942
2007-08-03,1.15,1.15,1.02,1.06,41900,1.030799
2007-08-02,1.06,1.25,1.06,1.15,41600,1.11832
2007-08-01,1.06,1.09,1.03,1.03,35600,1.001625
2007-07-31,1.09,1.10,1.07,1.07,20500,1.040523
2007-07-30,1.14,1.14,1.10,1.10,39300,1.069697
2007-07-27,1.01,1.14,1.01,1.11,26000,1.079422
2007-07-26,1.30,1.30,0.98,1.10,154900,1.069697
2007-07-25,1.25,1.32,1.24,1.28,35100,1.244738
2007-07-24,1.40,1.40,1.07,1.28,183300,1.244738
2007-07-23,1.58,1.64,1.36,1.41,245600,1.371157
2007-07-20,1.44,1.53,1.40,1.50,97000,1.458678
2007-07-19,1.34,1.50,1.34,1.44,136800,1.400331
2007-07-18,1.20,1.40,1.20,1.35,232300,1.31281
2007-07-17,1.11,1.16,1.05,1.16,28300,1.128044
2007-07-16,1.08,1.10,1.04,1.10,46400,1.069697
2007-07-13,1.11,1.11,1.05,1.06,38000,1.030799
2007-07-12,1.04,1.15,1.01,1.11,132700,1.079422
2007-07-11,1.14,1.15,1.00,1.03,103000,1.001625
2007-07-10,0.98,1.18,0.98,1.11,349500,1.079422
2007-07-09,0.75,0.91,0.75,0.90,144500,0.875207
2007-07-06,0.71,0.75,0.68,0.75,37200,0.729339
2007-07-05,0.69,0.70,0.66,0.69,28700,0.670992
2007-07-03,0.71,0.72,0.65,0.71,22800,0.690441
2007-07-02,0.69,0.70,0.66,0.70,10600,0.680716
2007-06-29,0.66,0.66,0.66,0.66,2200,0.641818
2007-06-28,0.65,0.66,0.65,0.65,4500,0.632094
2007-06-27,0.66,0.69,0.65,0.66,28800,0.641818
2007-06-26,0.69,0.69,0.69,0.69,000,0.670992
2007-06-25,0.66,0.69,0.65,0.69,30700,0.670992
2007-06-22,0.66,0.66,0.66,0.66,29300,0.641818
2007-06-21,0.65,0.72,0.65,0.65,21600,0.632094
2007-06-20,0.72,0.72,0.65,0.65,22400,0.632094
2007-06-19,0.58,0.72,0.58,0.70,93700,0.680716
2007-06-18,0.67,0.67,0.59,0.59,12900,0.573747
2007-06-15,0.60,0.65,0.59,0.60,56100,0.583471
2007-06-14,0.63,0.63,0.60,0.60,28700,0.583471
2007-06-13,0.62,0.64,0.62,0.62,3300,0.60292
2007-06-12,0.68,0.68,0.61,0.62,4400,0.60292
2007-06-11,0.68,0.68,0.63,0.64,5200,0.622369
2007-06-08,0.62,0.67,0.62,0.67,9200,0.651543
2007-06-07,0.68,0.68,0.62,0.62,11400,0.60292
2007-06-06,0.69,0.69,0.61,0.61,5100,0.593196
2007-06-05,0.61,0.69,0.61,0.61,15800,0.593196
2007-06-04,0.67,0.67,0.61,0.61,12400,0.593196
2007-06-01,0.69,0.72,0.60,0.67,32500,0.651543
2007-05-31,0.64,0.68,0.64,0.68,18600,0.661267
2007-05-30,0.64,0.67,0.64,0.67,16700,0.651543
2007-05-29,0.71,0.72,0.64,0.68,36500,0.661267
2007-05-25,0.65,0.72,0.65,0.71,20400,0.690441
2007-05-24,0.64,0.65,0.63,0.63,11500,0.612645
2007-05-23,0.65,0.65,0.64,0.65,58900,0.632094
2007-05-22,0.66,0.68,0.62,0.65,30300,0.632094
2007-05-21,0.69,0.69,0.65,0.68,67100,0.661267
2007-05-18,0.69,0.73,0.66,0.66,74700,0.641818
2007-05-17,0.70,0.71,0.69,0.69,20000,0.670992
2007-05-16,0.75,0.75,0.70,0.70,33400,0.680716
2007-05-15,0.70,0.75,0.70,0.71,54000,0.690441
2007-05-14,0.70,0.75,0.70,0.75,16200,0.729339
2007-05-11,0.75,0.75,0.72,0.75,49600,0.729339
2007-05-10,0.75,0.80,0.70,0.75,69100,0.729339
2007-05-09,0.84,0.85,0.80,0.80,222100,0.777961
2007-05-08,0.77,0.85,0.71,0.85,85100,0.826584
2007-05-07,0.70,0.75,0.68,0.75,14100,0.729339
2007-05-04,0.73,0.73,0.73,0.73,2400,0.70989
2007-05-03,0.72,0.72,0.69,0.70,63600,0.680716
2007-05-02,0.69,0.77,0.69,0.72,14200,0.700165
2007-05-01,0.68,0.72,0.66,0.71,22700,0.690441
2007-04-30,0.67,0.73,0.61,0.67,50500,0.651543
2007-04-27,0.75,0.75,0.70,0.70,195500,0.680716
2007-04-26,0.75,0.77,0.75,0.75,33000,0.729339
2007-04-25,0.80,0.80,0.75,0.75,72400,0.729339
2007-04-24,0.78,0.80,0.75,0.80,29200,0.777961
2007-04-23,0.77,0.80,0.77,0.78,5200,0.758512
2007-04-20,0.76,0.82,0.76,0.80,9300,0.777961
2007-04-19,0.80,0.82,0.77,0.82,25600,0.79741
2007-04-18,0.78,0.78,0.75,0.77,107600,0.748788
2007-04-17,0.71,0.80,0.71,0.80,41000,0.777961
2007-04-16,0.80,0.82,0.71,0.75,56500,0.729339
2007-04-13,0.85,0.85,0.78,0.78,122400,0.758512
2007-04-12,0.79,0.85,0.77,0.80,57600,0.777961
2007-04-11,0.70,0.83,0.70,0.75,61800,0.729339
2007-04-10,0.71,0.85,0.65,0.79,142300,0.768237
2007-04-09,0.65,0.71,0.65,0.71,37500,0.690441
2007-04-05,0.62,0.70,0.62,0.65,35900,0.632094
2007-04-04,0.45,0.63,0.42,0.63,130200,0.612645
2007-04-03,0.79,0.79,0.50,0.50,521700,0.486226
2007-04-02,0.75,0.77,0.59,0.59,118000,0.573747
2007-03-30,0.75,0.85,0.66,0.72,364600,0.700165
2007-03-29,0.50,0.67,0.48,0.66,244800,0.641818
2007-03-28,0.38,0.46,0.38,0.46,5900,0.447328
2007-03-27,0.34,0.51,0.34,0.40,9700,0.388981
2007-03-26,0.34,0.34,0.34,0.34,7600,0.330634
2007-03-23,0.40,0.40,0.33,0.33,7100,0.320909
2007-03-22,0.32,0.37,0.32,0.33,34100,0.320909
2007-03-21,0.33,0.36,0.32,0.34,12300,0.330634
2007-03-20,0.36,0.36,0.32,0.33,39600,0.320909
2007-03-19,0.35,0.40,0.35,0.36,30200,0.350083
2007-03-16,0.33,0.37,0.32,0.37,33100,0.359807
2007-03-15,0.38,0.38,0.32,0.38,9400,0.369532
2007-03-14,0.30,0.40,0.30,0.38,9100,0.369532
2007-03-13,0.31,0.45,0.30,0.39,32000,0.379256
2007-03-12,0.35,0.37,0.26,0.32,31000,0.311185
2007-03-09,0.46,0.53,0.35,0.37,419200,0.359807
2007-03-08,0.51,0.51,0.40,0.45,286400,0.437603
2007-03-07,0.54,0.55,0.53,0.54,11900,0.525124
2007-03-06,0.56,0.56,0.52,0.54,89900,0.525124
2007-03-05,0.59,0.62,0.52,0.56,42600,0.544573
2007-03-02,0.60,0.62,0.60,0.61,16600,0.593196
2007-03-01,0.62,0.62,0.59,0.60,20300,0.583471
2007-02-28,0.62,0.62,0.58,0.62,20400,0.60292
2007-02-27,0.63,0.63,0.60,0.62,17000,0.60292
2007-02-26,0.62,0.63,0.60,0.63,37600,0.612645
2007-02-23,0.62,0.63,0.61,0.63,19600,0.612645
2007-02-22,0.65,0.65,0.61,0.63,54000,0.612645
2007-02-21,0.62,0.64,0.62,0.64,35800,0.622369
2007-02-20,0.65,0.66,0.61,0.62,42100,0.60292
2007-02-16,0.66,0.66,0.63,0.65,51800,0.632094
2007-02-15,0.67,0.67,0.65,0.66,14600,0.641818
2007-02-14,0.67,0.68,0.64,0.66,26600,0.641818
2007-02-13,0.67,0.69,0.63,0.64,56100,0.622369
2007-02-12,0.72,0.72,0.65,0.67,36500,0.651543
2007-02-09,0.72,0.74,0.72,0.72,29400,0.700165
2007-02-08,0.69,0.74,0.69,0.73,40000,0.70989
2007-02-07,0.71,0.72,0.67,0.69,23600,0.670992
2007-02-06,0.74,0.75,0.70,0.71,19800,0.690441
2007-02-05,0.80,0.80,0.70,0.71,105000,0.690441
2007-02-02,0.80,0.82,0.80,0.80,21600,0.777961
2007-02-01,0.80,0.81,0.80,0.80,34100,0.777961
2007-01-31,0.82,0.82,0.80,0.80,44000,0.777961
2007-01-30,0.82,0.83,0.81,0.82,71200,0.79741
2007-01-29,0.85,0.85,0.82,0.83,51100,0.807135
2007-01-26,0.85,0.86,0.82,0.84,52900,0.816859
2007-01-25,0.85,0.86,0.83,0.86,133200,0.836309
2007-01-24,0.87,0.88,0.85,0.86,52900,0.836309
2007-01-23,0.87,0.88,0.86,0.86,11600,0.836309
2007-01-22,0.88,0.88,0.86,0.86,21100,0.836309
2007-01-19,0.85,0.88,0.85,0.87,83500,0.846033
2007-01-18,0.85,0.86,0.84,0.86,56700,0.836309
2007-01-17,0.87,0.88,0.85,0.87,41900,0.846033
2007-01-16,0.86,0.90,0.86,0.87,63600,0.846033
2007-01-12,1.00,1.03,0.85,0.94,108100,0.914105
2007-01-11,1.01,1.08,1.01,1.02,43600,0.991901
2007-01-10,1.05,1.05,1.01,1.02,36200,0.991901
2007-01-09,1.07,1.07,1.01,1.02,8400,0.991901
2007-01-08,1.04,1.05,1.01,1.02,26900,0.991901
2007-01-05,1.05,1.07,1.03,1.06,24400,1.030799
2007-01-04,1.00,1.08,1.00,1.07,51400,1.040523
2007-01-03,1.04,1.05,1.00,1.00,65700,0.972452
2006-12-29,0.97,1.04,0.96,1.04,102600,1.01135
2006-12-28,1.00,1.03,0.98,1.02,71100,0.991901
2006-12-27,1.01,1.04,0.95,1.03,116800,1.001625
2006-12-26,1.00,1.08,0.98,1.01,61300,0.982176
2006-12-22,1.00,1.09,0.99,1.08,107100,1.050248
2006-12-21,1.03,1.10,0.99,1.10,135400,1.069697
2006-12-20,1.05,1.05,0.90,1.01,188300,0.982176
2006-12-19,1.16,1.16,1.01,1.05,128000,1.021074
2006-12-18,1.30,1.33,1.12,1.15,190100,1.11832
2006-12-15,1.48,1.48,1.29,1.36,197200,1.322534
2006-12-14,1.54,1.54,1.44,1.48,170300,1.439229
2006-12-13,1.51,1.56,1.51,1.56,47800,1.517025
2006-12-12,1.57,1.58,1.53,1.53,87100,1.487851
2006-12-11,1.60,1.60,1.52,1.58,44500,1.536474
2006-12-08,1.60,1.63,1.59,1.62,44600,1.575372
2006-12-07,1.60,1.65,1.57,1.65,87700,1.604545
2006-12-06,1.72,1.74,1.70,1.71,23600,1.662893
2006-12-05,1.77,1.78,1.70,1.76,41300,1.711515
2006-12-04,1.80,1.80,1.75,1.77,26200,1.72124
2006-12-01,1.82,1.83,1.78,1.83,23700,1.779587
2006-11-30,1.89,1.89,1.81,1.83,21800,1.779587
2006-11-29,1.92,1.92,1.81,1.85,6700,1.799036
2006-11-28,1.85,1.92,1.80,1.92,32300,1.867107
2006-11-27,1.85,1.92,1.79,1.80,32900,1.750413
2006-11-24,1.95,2.00,1.85,1.85,13000,1.799036
2006-11-22,1.90,2.02,1.87,1.98,39700,1.925455
2006-11-21,1.90,1.91,1.79,1.84,23000,1.789311
2006-11-20,1.95,2.02,1.77,1.78,50200,1.730964
2006-11-17,2.00,2.05,1.90,1.94,53100,1.886557
2006-11-16,2.09,2.09,1.89,2.00,83100,1.944904
2006-11-15,2.35,2.40,2.10,2.10,183200,2.042149
2006-11-14,2.30,2.39,2.25,2.33,65200,2.265813
2006-11-13,2.40,2.50,2.26,2.30,70700,2.236639
2006-11-10,2.15,2.49,2.00,2.35,89300,2.285262
2006-11-09,1.94,2.24,1.87,2.07,87500,2.012975
2006-11-08,1.89,2.00,1.79,1.95,73700,1.896281
2006-11-07,1.60,1.98,1.60,1.77,223000,1.72124
2006-11-06,1.60,1.69,1.55,1.56,282600,1.517025
2006-11-03,1.96,2.24,1.52,1.75,737800,1.701791
2006-11-02,0.23,0.24,0.21,0.24,101400,2.333884
2006-11-01,0.23,0.24,0.22,0.23,35000,2.236639
2006-10-31,0.22,0.24,0.22,0.23,47100,2.236639
2006-10-30,0.24,0.24,0.22,0.22,30800,2.139394
2006-10-27,0.22,0.24,0.22,0.23,38500,2.236639
2006-10-26,0.23,0.24,0.22,0.23,61700,2.236639
2006-10-25,0.23,0.24,0.22,0.23,23500,2.236639
2006-10-24,0.25,0.25,0.22,0.24,51400,2.333884
2006-10-23,0.22,0.30,0.22,0.25,172000,2.43113
2006-10-20,0.22,0.22,0.21,0.22,17400,2.139394
2006-10-19,0.20,0.22,0.20,0.21,24500,2.042149
2006-10-18,0.20,0.21,0.20,0.21,12900,2.042149
2006-10-17,0.20,0.22,0.20,0.22,15400,2.139394
2006-10-16,0.21,0.22,0.19,0.21,92800,2.042149
2006-10-13,0.24,0.24,0.21,0.23,40900,2.236639
2006-10-12,0.23,0.24,0.22,0.22,8000,2.139394
2006-10-11,0.24,0.24,0.23,0.24,7800,2.333884
2006-10-10,0.24,0.24,0.22,0.24,11800,2.333884
2006-10-09,0.24,0.24,0.22,0.23,16300,2.236639
2006-10-06,0.23,0.24,0.22,0.24,5800,2.333884
2006-10-05,0.24,0.24,0.22,0.23,15200,2.236639
2006-10-04,0.24,0.24,0.22,0.23,21000,2.236639
2006-10-03,0.25,0.25,0.24,0.24,13400,2.333884
2006-10-02,0.25,0.26,0.24,0.24,29900,2.333884
2006-09-29,0.23,0.25,0.23,0.25,15100,2.43113
2006-09-28,0.24,0.25,0.23,0.23,14900,2.236639
2006-09-27,0.24,0.24,0.22,0.23,23500,2.236639
2006-09-26,0.24,0.24,0.22,0.23,34300,2.236639
2006-09-25,0.25,0.27,0.24,0.24,23100,2.333884
2006-09-22,0.27,0.27,0.26,0.27,8900,2.62562
2006-09-21,0.30,0.30,0.26,0.27,38500,2.62562
2006-09-20,0.29,0.31,0.28,0.29,17000,2.82011
2006-09-19,0.31,0.31,0.28,0.30,24900,2.917355
2006-09-18,0.31,0.32,0.30,0.30,11100,2.917355
2006-09-15,0.28,0.30,0.28,0.29,9200,2.82011
2006-09-14,0.27,0.29,0.26,0.28,10800,2.722865
2006-09-13,0.26,0.28,0.25,0.28,62800,2.722865
2006-09-12,0.26,0.27,0.23,0.26,30000,2.528375
2006-09-11,0.28,0.28,0.26,0.27,40300,2.62562
2006-09-08,0.32,0.32,0.28,0.28,28600,2.722865
2006-09-07,0.34,0.35,0.31,0.32,20100,3.111846
2006-09-06,0.35,0.35,0.34,0.34,14200,3.306336
2006-09-05,0.38,0.38,0.34,0.34,28400,3.306336
2006-09-01,0.34,0.35,0.34,0.35,24200,3.403581
2006-08-31,0.36,0.36,0.34,0.35,12600,3.403581
2006-08-30,0.36,0.37,0.35,0.36,18800,3.500826
2006-08-29,0.35,0.37,0.34,0.35,11900,3.403581
2006-08-28,0.36,0.37,0.35,0.35,19800,3.403581
2006-08-25,0.37,0.37,0.33,0.35,21500,3.403581
2006-08-24,0.38,0.38,0.35,0.36,14500,3.500826
2006-08-23,0.35,0.38,0.34,0.38,39200,3.695317
2006-08-22,0.39,0.39,0.34,0.35,62800,3.403581
2006-08-21,0.35,0.40,0.35,0.38,102900,3.695317
2006-08-18,0.30,0.35,0.27,0.34,92100,3.306336
2006-08-17,0.26,0.28,0.26,0.27,27600,2.62562
2006-08-16,0.27,0.27,0.24,0.26,32500,2.528375
2006-08-15,0.20,0.34,0.20,0.25,95700,2.43113
2006-08-14,0.20,0.21,0.18,0.21,60000,2.042149
2006-08-11,0.19,0.20,0.19,0.19,40200,1.847658
2006-08-10,0.19,0.20,0.19,0.20,8000,1.944904
2006-08-09,0.20,0.20,0.18,0.20,28200,1.944904
2006-08-08,0.20,0.20,0.18,0.18,20900,1.750413
2006-08-07,0.20,0.21,0.20,0.20,16600,1.944904
2006-08-04,0.19,0.21,0.19,0.19,20500,1.847658
2006-08-03,0.21,0.21,0.19,0.20,27300,1.944904
2006-08-02,0.20,0.21,0.19,0.21,25000,2.042149
2006-08-01,0.19,0.20,0.18,0.19,41500,1.847658
2006-07-31,0.22,0.22,0.18,0.18,36900,1.750413
2006-07-28,0.22,0.23,0.20,0.21,30900,2.042149
2006-07-27,0.23,0.24,0.22,0.23,11700,2.236639
2006-07-26,0.23,0.24,0.23,0.23,17500,2.236639
2006-07-25,0.23,0.25,0.22,0.24,64100,2.333884
2006-07-24,0.27,0.27,0.23,0.24,86100,2.333884
2006-07-21,0.26,0.27,0.26,0.26,7500,2.528375
2006-07-20,0.28,0.28,0.26,0.26,8500,2.528375
2006-07-19,0.28,0.29,0.27,0.28,5200,2.722865
2006-07-18,0.30,0.30,0.27,0.28,6200,2.722865
2006-07-17,0.30,0.30,0.28,0.29,10400,2.82011
2006-07-14,0.28,0.30,0.28,0.30,20400,2.917355
2006-07-13,0.28,0.29,0.26,0.29,21700,2.82011
2006-07-12,0.29,0.30,0.28,0.28,8800,2.722865
2006-07-11,0.29,0.30,0.28,0.29,2400,2.82011
2006-07-10,0.28,0.30,0.28,0.29,10500,2.82011
2006-07-07,0.29,0.30,0.28,0.28,4800,2.722865
2006-07-06,0.30,0.30,0.29,0.30,8300,2.917355
2006-07-05,0.28,0.30,0.27,0.30,15700,2.917355
2006-07-03,0.29,0.30,0.27,0.29,4300,2.82011
2006-06-30,0.29,0.30,0.28,0.29,6000,2.82011
2006-06-29,0.28,0.30,0.27,0.30,10900,2.917355
2006-06-28,0.28,0.29,0.27,0.28,13300,2.722865
2006-06-27,0.28,0.28,0.26,0.28,9200,2.722865
2006-06-26,0.28,0.30,0.27,0.28,10900,2.722865
2006-06-23,0.30,0.31,0.29,0.30,5600,2.917355
2006-06-22,0.31,0.34,0.30,0.31,20400,3.014601
2006-06-21,0.25,0.32,0.23,0.31,85900,3.014601
2006-06-20,0.26,0.26,0.23,0.25,19200,2.43113
2006-06-19,0.27,0.27,0.23,0.25,80100,2.43113
2006-06-16,0.29,0.29,0.27,0.27,21700,2.62562
2006-06-15,0.27,0.29,0.27,0.29,14700,2.82011
2006-06-14,0.28,0.28,0.27,0.27,15500,2.62562
2006-06-13,0.29,0.29,0.27,0.29,23100,2.82011
2006-06-12,0.31,0.31,0.29,0.30,6000,2.917355
2006-06-09,0.31,0.32,0.30,0.30,3600,2.917355
2006-06-08,0.30,0.31,0.29,0.31,15700,3.014601
2006-06-07,0.31,0.31,0.29,0.30,5100,2.917355
2006-06-06,0.31,0.32,0.29,0.29,8900,2.82011
2006-06-05,0.30,0.31,0.29,0.31,9800,3.014601
2006-06-02,0.31,0.31,0.29,0.30,15600,2.917355
2006-06-01,0.32,0.32,0.29,0.30,8600,2.917355
2006-05-31,0.30,0.32,0.30,0.31,16300,3.014601
2006-05-30,0.30,0.32,0.30,0.31,17900,3.014601
2006-05-26,0.28,0.30,0.27,0.30,37000,2.917355
2006-05-25,0.29,0.30,0.26,0.28,66300,2.722865
2006-05-24,0.33,0.34,0.29,0.29,58100,2.82011
2006-05-23,0.34,0.35,0.33,0.33,32400,3.209091
2006-05-22,0.36,0.37,0.32,0.34,41500,3.306336
2006-05-19,0.37,0.37,0.35,0.36,28400,3.500826
2006-05-18,0.38,0.39,0.37,0.37,27900,3.598072
2006-05-17,0.39,0.40,0.37,0.38,35000,3.695317
2006-05-16,0.45,0.45,0.38,0.40,112800,3.889807
2006-05-15,0.48,0.48,0.46,0.46,16300,4.473278
2006-05-12,0.48,0.48,0.45,0.48,25900,4.667769
2006-05-11,0.49,0.49,0.46,0.47,18900,4.570523
2006-05-10,0.47,0.49,0.45,0.48,59200,4.667769
2006-05-09,0.49,0.49,0.46,0.48,40500,4.667769
2006-05-08,0.49,0.50,0.47,0.49,15800,4.765014
2006-05-05,0.50,0.50,0.47,0.49,47800,4.765014
2006-05-04,0.49,0.50,0.49,0.50,15000,4.862259
2006-05-03,0.50,0.51,0.48,0.50,31500,4.862259
2006-05-02,0.53,0.53,0.50,0.52,10500,5.056749
2006-05-01,0.54,0.57,0.51,0.52,41400,5.056749
2006-04-28,0.54,0.57,0.52,0.57,5900,5.542975
2006-04-27,0.55,0.56,0.54,0.55,14100,5.348485
2006-04-26,0.56,0.58,0.53,0.55,24300,5.348485
2006-04-25,0.55,0.57,0.54,0.54,23100,5.25124
2006-04-24,0.57,0.57,0.55,0.55,17300,5.348485
2006-04-21,0.58,0.59,0.54,0.57,37000,5.542975
2006-04-20,0.54,0.59,0.52,0.57,51400,5.542975
2006-04-19,0.50,0.54,0.50,0.53,51100,5.153995
2006-04-18,0.46,0.49,0.46,0.48,25200,4.667769
2006-04-17,0.48,0.49,0.47,0.48,7900,4.667769
2006-04-13,0.48,0.49,0.47,0.48,23600,4.667769
2006-04-12,0.49,0.49,0.47,0.48,11300,4.667769
2006-04-11,0.50,0.50,0.47,0.49,28200,4.765014
2006-04-10,0.50,0.50,0.49,0.49,14700,4.765014
2006-04-07,0.51,0.51,0.48,0.49,28900,4.765014
2006-04-06,0.52,0.52,0.51,0.51,7200,4.959504
2006-04-05,0.53,0.53,0.51,0.52,12900,5.056749
2006-04-04,0.54,0.56,0.51,0.53,29400,5.153995
2006-04-03,0.56,0.57,0.50,0.54,25100,5.25124
2006-03-31,0.56,0.57,0.54,0.55,23500,5.348485
2006-03-30,0.54,0.57,0.54,0.56,52400,5.44573
2006-03-29,0.53,0.53,0.52,0.53,16100,5.153995
2006-03-28,0.58,0.58,0.48,0.51,59100,4.959504
2006-03-27,0.60,0.61,0.56,0.58,43200,5.640221
2006-03-24,0.54,0.59,0.53,0.58,13300,5.640221
2006-03-23,0.57,0.57,0.52,0.55,12800,5.348485
2006-03-22,0.56,0.57,0.55,0.56,13700,5.44573
2006-03-21,0.58,0.61,0.55,0.57,29100,5.542975
2006-03-20,0.60,0.71,0.58,0.58,38000,5.640221
2006-03-17,0.55,0.60,0.55,0.58,50700,5.640221
2006-03-16,0.54,0.55,0.53,0.55,22400,5.348485
2006-03-15,0.51,0.54,0.50,0.53,10500,5.153995
2006-03-14,0.51,0.51,0.50,0.50,9100,4.862259
2006-03-13,0.51,0.51,0.50,0.51,9000,4.959504
2006-03-10,0.50,0.52,0.49,0.51,4100,4.959504
2006-03-09,0.50,0.52,0.49,0.50,15000,4.862259
2006-03-08,0.51,0.51,0.48,0.50,8200,4.862259
2006-03-07,0.49,0.51,0.47,0.50,19000,4.862259
2006-03-06,0.48,0.49,0.46,0.48,24500,4.667769
2006-03-03,0.48,0.49,0.47,0.48,8600,4.667769
2006-03-02,0.49,0.49,0.46,0.48,16100,4.667769
2006-03-01,0.49,0.49,0.47,0.47,14100,4.570523
2006-02-28,0.49,0.49,0.48,0.48,5700,4.667769
2006-02-27,0.50,0.50,0.47,0.48,16800,4.667769
2006-02-24,0.50,0.51,0.48,0.48,10300,4.667769
2006-02-23,0.50,0.52,0.50,0.51,11900,4.959504
2006-02-22,0.48,0.52,0.48,0.52,47000,5.056749
2006-02-21,0.50,0.50,0.47,0.49,8300,4.765014
2006-02-17,0.48,0.49,0.47,0.49,18300,4.765014
2006-02-16,0.46,0.49,0.46,0.48,26500,4.667769
2006-02-15,0.49,0.51,0.46,0.46,16400,4.473278
2006-02-14,0.48,0.48,0.45,0.48,26400,4.667769
2006-02-13,0.50,0.51,0.47,0.47,24600,4.570523
2006-02-10,0.49,0.50,0.47,0.49,26500,4.765014
2006-02-09,0.50,0.50,0.46,0.49,33400,4.765014
2006-02-08,0.47,0.50,0.47,0.49,20700,4.765014
2006-02-07,0.48,0.49,0.45,0.47,45200,4.570523
2006-02-06,0.50,0.51,0.45,0.49,71500,4.765014
2006-02-03,0.53,0.53,0.49,0.51,60400,4.959504
2006-02-02,0.53,0.55,0.52,0.53,22600,5.153995
2006-02-01,0.57,0.58,0.52,0.54,72700,5.25124
2006-01-31,0.58,0.58,0.57,0.57,21400,5.542975
2006-01-30,0.57,0.59,0.56,0.57,14200,5.542975
2006-01-27,0.57,0.58,0.57,0.57,21700,5.542975
2006-01-26,0.57,0.58,0.55,0.57,20000,5.542975
2006-01-25,0.57,0.57,0.55,0.57,7600,5.542975
2006-01-24,0.56,0.57,0.55,0.57,18000,5.542975
2006-01-23,0.56,0.57,0.55,0.55,44200,5.348485
2006-01-20,0.56,0.57,0.55,0.56,35700,5.44573
2006-01-19,0.59,0.60,0.55,0.57,27200,5.542975
2006-01-18,0.62,0.62,0.54,0.57,171900,5.542975
2006-01-17,0.60,0.63,0.60,0.61,15700,5.931956
2006-01-13,0.64,0.66,0.60,0.61,22100,5.931956
2006-01-12,0.67,0.67,0.63,0.65,17700,6.320937
2006-01-11,0.70,0.71,0.67,0.68,27500,6.612673
2006-01-10,0.69,0.71,0.68,0.70,24600,6.807163
2006-01-09,0.69,0.71,0.68,0.69,43200,6.709918
2006-01-06,0.69,0.69,0.64,0.68,53700,6.612673
2006-01-05,0.72,0.72,0.65,0.69,67100,6.709918
2006-01-04,0.63,0.71,0.62,0.71,129900,6.904408
2006-01-03,0.60,0.65,0.59,0.61,40400,5.931956
2005-12-30,0.59,0.60,0.57,0.57,30400,5.542975
2005-12-29,0.60,0.63,0.59,0.59,19300,5.737466
2005-12-28,0.60,0.60,0.58,0.59,8800,5.737466
2005-12-27,0.58,0.60,0.58,0.59,13500,5.737466
2005-12-23,0.60,0.60,0.58,0.58,16100,5.640221
2005-12-22,0.58,0.60,0.57,0.59,19400,5.737466
2005-12-21,0.61,0.61,0.57,0.58,24800,5.640221
2005-12-20,0.63,0.63,0.58,0.60,31200,5.834711
2005-12-19,0.59,0.63,0.59,0.60,31900,5.834711
2005-12-16,0.59,0.59,0.57,0.59,13200,5.737466
2005-12-15,0.56,0.59,0.55,0.59,41500,5.737466
2005-12-14,0.58,0.58,0.55,0.56,21000,5.44573
2005-12-13,0.56,0.59,0.55,0.58,24800,5.640221
2005-12-12,0.55,0.57,0.55,0.55,22100,5.348485
2005-12-09,0.56,0.58,0.55,0.57,75700,5.542975
2005-12-08,0.60,0.62,0.55,0.55,29900,5.348485
2005-12-07,0.63,0.63,0.60,0.61,13700,5.931956
2005-12-06,0.62,0.64,0.60,0.62,14100,6.029201
2005-12-05,0.64,0.66,0.59,0.62,29600,6.029201
2005-12-02,0.69,0.69,0.63,0.64,21300,6.223692
2005-12-01,0.64,0.69,0.61,0.66,25500,6.418182
2005-11-30,0.63,0.75,0.62,0.64,153600,6.223692
2005-11-29,0.60,0.60,0.58,0.58,18800,5.640221
2005-11-28,0.60,0.60,0.58,0.59,14100,5.737466
2005-11-25,0.59,0.60,0.59,0.60,4500,5.834711
2005-11-23,0.59,0.60,0.58,0.59,16500,5.737466
2005-11-22,0.60,0.61,0.59,0.59,14600,5.737466
2005-11-21,0.60,0.61,0.58,0.60,18800,5.834711
2005-11-18,0.59,0.60,0.58,0.60,9000,5.834711
2005-11-17,0.60,0.60,0.57,0.59,9800,5.737466
2005-11-16,0.57,0.60,0.56,0.58,12700,5.640221
2005-11-15,0.60,0.60,0.55,0.59,16300,5.737466
2005-11-14,0.60,0.60,0.54,0.60,54700,5.834711
2005-11-11,0.64,0.65,0.59,0.60,37000,5.834711
2005-11-10,0.63,0.64,0.62,0.64,20300,6.223692
2005-11-09,0.62,0.64,0.61,0.63,37400,6.126447
2005-11-08,0.64,0.64,0.61,0.63,14100,6.126447
2005-11-07,0.62,0.63,0.61,0.62,6600,6.029201
2005-11-04,0.61,0.63,0.59,0.62,25500,6.029201
2005-11-03,0.64,0.64,0.61,0.63,13200,6.126447
2005-11-02,0.63,0.64,0.62,0.64,11600,6.223692
2005-11-01,0.66,0.66,0.63,0.64,10800,6.223692
2005-10-31,0.65,0.65,0.63,0.65,11600,6.320937
2005-10-28,0.62,0.65,0.62,0.65,9000,6.320937
2005-10-27,0.65,0.65,0.61,0.62,9300,6.029201
2005-10-26,0.64,0.65,0.63,0.65,14800,6.320937
2005-10-25,0.65,0.66,0.63,0.64,17500,6.223692
2005-10-24,0.67,0.67,0.64,0.65,29700,6.320937
2005-10-21,0.82,0.82,0.65,0.67,186100,6.515427
2005-10-20,0.77,0.90,0.77,0.87,55200,8.460331
2005-10-19,0.75,0.80,0.73,0.79,7200,7.682369
2005-10-18,0.76,0.76,0.73,0.76,8000,7.390634
2005-10-17,0.74,0.76,0.72,0.75,7900,7.293389
2005-10-14,0.73,0.74,0.70,0.74,3800,7.196144
2005-10-13,0.70,0.72,0.69,0.72,8400,7.001653
2005-10-12,0.75,0.76,0.70,0.70,8100,6.807163
2005-10-11,0.71,0.75,0.71,0.75,5100,7.293389
2005-10-10,0.77,0.80,0.71,0.71,5800,6.904408
2005-10-07,0.70,0.74,0.70,0.74,9100,7.196144
2005-10-06,0.82,0.84,0.72,0.72,18300,7.001653
2005-10-05,0.79,0.87,0.78,0.80,38100,7.779615
2005-10-04,0.70,0.77,0.69,0.77,37900,7.487879
2005-10-03,0.67,0.71,0.66,0.68,10300,6.612673
2005-09-30,0.68,0.69,0.65,0.66,6600,6.418182
2005-09-29,0.66,0.69,0.65,0.66,9100,6.418182
2005-09-28,0.71,0.72,0.66,0.67,9600,6.515427
2005-09-27,0.71,0.71,0.68,0.70,7900,6.807163
2005-09-26,0.72,0.72,0.70,0.71,17400,6.904408
2005-09-23,0.69,0.71,0.64,0.70,18800,6.807163
2005-09-22,0.66,0.69,0.63,0.68,8600,6.612673
2005-09-21,0.64,0.69,0.64,0.66,13400,6.418182
2005-09-20,0.68,0.69,0.65,0.68,12600,6.612673
2005-09-19,0.67,0.68,0.64,0.66,12000,6.418182
2005-09-16,0.64,0.69,0.63,0.65,15000,6.320937
2005-09-15,0.66,0.66,0.62,0.64,14200,6.223692
2005-09-14,0.67,0.70,0.62,0.65,21200,6.320937
2005-09-13,0.67,0.68,0.66,0.66,5000,6.418182
2005-09-12,0.64,0.68,0.64,0.66,11500,6.418182
2005-09-09,0.65,0.66,0.63,0.63,9000,6.126447
2005-09-08,0.65,0.66,0.60,0.63,14100,6.126447
2005-09-07,0.66,0.66,0.62,0.63,23300,6.126447
2005-09-06,0.71,0.71,0.65,0.66,21400,6.418182
2005-09-02,0.76,0.79,0.70,0.72,23600,7.001653
2005-09-01,0.70,0.77,0.70,0.75,38900,7.293389
2005-08-31,0.67,0.72,0.65,0.69,24200,6.709918
2005-08-30,0.65,0.67,0.63,0.67,13900,6.515427
2005-08-29,0.59,0.66,0.58,0.65,41800,6.320937
2005-08-26,0.55,0.60,0.53,0.60,35700,5.834711
2005-08-25,0.59,0.59,0.53,0.54,46900,5.25124
2005-08-24,0.60,0.62,0.57,0.59,25000,5.737466
2005-08-23,0.63,0.63,0.58,0.62,23600,6.029201
2005-08-22,0.63,0.65,0.57,0.62,32900,6.029201
2005-08-19,0.65,0.65,0.60,0.63,51500,6.126447
2005-08-18,0.70,0.70,0.64,0.67,26200,6.515427
2005-08-17,0.70,0.70,0.65,0.69,24100,6.709918
2005-08-16,0.71,0.72,0.67,0.70,65400,6.807163
2005-08-15,0.90,0.90,0.67,0.70,144000,6.807163
2005-08-12,0.94,0.97,0.92,0.97,19100,9.432782
2005-08-11,0.95,0.95,0.90,0.92,7800,8.946557
2005-08-10,0.95,0.97,0.94,0.95,13200,9.238292
2005-08-09,0.95,0.95,0.93,0.95,10700,9.238292
2005-08-08,0.95,0.96,0.91,0.94,7600,9.141047
2005-08-05,0.96,0.96,0.89,0.91,18500,8.849312
2005-08-04,0.96,0.97,0.93,0.94,17200,9.141047
2005-08-03,0.96,0.98,0.95,0.97,27200,9.432782
2005-08-02,0.99,1.00,0.95,0.97,19600,9.432782
2005-08-01,1.00,1.01,0.94,0.99,24400,9.627273
2005-07-29,1.00,1.00,0.94,0.98,44600,9.530028
2005-07-28,1.01,1.01,0.95,0.98,39000,9.530028
2005-07-27,1.00,1.03,0.99,1.01,42600,9.821764
2005-07-26,0.94,1.00,0.93,0.98,41400,9.530028
2005-07-25,0.90,0.95,0.90,0.94,23100,9.141047
2005-07-22,0.89,0.90,0.87,0.90,3900,8.752066
2005-07-21,0.88,0.90,0.87,0.89,4400,8.654821
2005-07-20,0.91,0.91,0.87,0.88,5700,8.557576
2005-07-19,0.94,0.94,0.90,0.91,6500,8.849312
2005-07-18,0.94,0.95,0.91,0.94,16400,9.141047
2005-07-15,0.87,0.92,0.85,0.91,9700,8.849312
2005-07-14,0.89,0.89,0.86,0.86,11700,8.363086
2005-07-13,0.90,0.91,0.88,0.89,7000,8.654821
2005-07-12,0.94,0.94,0.90,0.90,17400,8.752066
2005-07-11,0.90,0.94,0.90,0.93,14200,9.043802
2005-07-08,0.88,0.89,0.86,0.89,5300,8.654821
2005-07-07,0.85,0.88,0.85,0.88,7100,8.557576
2005-07-06,0.86,0.87,0.85,0.86,7200,8.363086
2005-07-05,0.90,0.90,0.86,0.87,5500,8.460331
2005-07-01,0.90,0.91,0.88,0.91,5200,8.849312
2005-06-30,0.88,0.90,0.85,0.90,14000,8.752066
2005-06-29,0.90,0.90,0.85,0.88,4800,8.557576
2005-06-28,0.92,0.94,0.88,0.90,23800,8.752066
2005-06-27,0.85,0.92,0.84,0.91,348800,8.849312
2005-06-24,0.83,0.85,0.81,0.85,334800,8.26584
2005-06-23,0.83,0.85,0.81,0.83,9200,8.07135
2005-06-22,0.87,0.88,0.81,0.83,22400,8.07135
2005-06-21,0.88,0.90,0.87,0.87,9500,8.460331
2005-06-20,0.94,0.94,0.86,0.87,17200,8.460331
2005-06-17,0.95,0.95,0.92,0.92,10400,8.946557
2005-06-16,0.92,0.95,0.92,0.95,7200,9.238292
2005-06-15,0.95,0.96,0.92,0.93,6700,9.043802
2005-06-14,0.94,0.95,0.93,0.93,8000,9.043802
2005-06-13,0.94,0.94,0.93,0.94,8500,9.141047
2005-06-10,0.94,0.95,0.93,0.94,9600,9.141047
2005-06-09,0.98,0.98,0.91,0.94,11200,9.141047
2005-06-08,0.96,0.98,0.96,0.97,13000,9.432782
2005-06-07,0.96,0.96,0.93,0.95,17300,9.238292
2005-06-06,0.94,0.97,0.91,0.95,157400,9.238292
2005-06-03,0.94,0.94,0.90,0.94,16600,9.141047
2005-06-02,0.97,0.98,0.93,0.94,11200,9.141047
2005-06-01,1.00,1.00,0.96,0.97,21300,9.432782
2005-05-31,1.04,1.04,0.98,0.99,31600,9.627273
2005-05-27,0.95,1.01,0.95,1.01,68500,9.821764
2005-05-26,0.93,0.95,0.91,0.94,17900,9.141047
2005-05-25,0.90,0.94,0.90,0.92,16000,8.946557
2005-05-24,0.85,0.93,0.85,0.89,40300,8.654821
2005-05-23,0.86,0.87,0.83,0.84,5900,8.168595
2005-05-20,0.86,0.86,0.82,0.85,8200,8.26584
2005-05-19,0.86,0.88,0.84,0.86,22500,8.363086
2005-05-18,0.78,0.89,0.78,0.85,46500,8.26584
2005-05-17,0.79,0.80,0.77,0.78,10600,7.585124
2005-05-16,0.80,0.80,0.78,0.79,8900,7.682369
2005-05-13,0.78,0.80,0.78,0.80,4400,7.779615
2005-05-12,0.82,0.83,0.78,0.78,13300,7.585124
2005-05-11,0.83,0.85,0.81,0.83,7200,8.07135
2005-05-10,0.85,0.85,0.80,0.84,13800,8.168595
2005-05-09,0.85,0.86,0.83,0.85,19900,8.26584
2005-05-06,0.85,0.88,0.83,0.85,23300,8.26584
2005-05-05,0.84,0.84,0.80,0.81,8300,7.87686
2005-05-04,0.73,0.84,0.73,0.84,13300,8.168595
2005-05-03,0.72,0.74,0.72,0.73,10600,7.098898
2005-05-02,0.80,0.80,0.70,0.72,32700,7.001653
2005-04-29,0.82,0.83,0.79,0.80,22100,7.779615
2005-04-28,0.84,0.84,0.81,0.82,10700,7.974105
2005-04-27,0.83,0.83,0.82,0.83,14800,8.07135
2005-04-26,0.82,0.83,0.81,0.82,7900,7.974105
2005-04-25,0.83,0.83,0.78,0.81,11600,7.87686
2005-04-22,0.83,0.85,0.81,0.83,8700,8.07135
2005-04-21,0.83,0.86,0.79,0.84,15900,8.168595
2005-04-20,0.85,0.92,0.80,0.82,26100,7.974105
2005-04-19,0.78,0.85,0.76,0.85,15500,8.26584
2005-04-18,0.77,0.80,0.76,0.79,11400,7.682369
2005-04-15,0.80,0.82,0.77,0.79,11500,7.682369
2005-04-14,0.80,0.83,0.80,0.81,9000,7.87686
2005-04-13,0.86,0.86,0.80,0.83,17800,8.07135
2005-04-12,0.87,0.87,0.78,0.82,44400,7.974105
2005-04-11,0.88,0.90,0.86,0.90,8000,8.752066
2005-04-08,0.88,0.91,0.87,0.91,5200,8.849312
2005-04-07,0.87,0.89,0.86,0.89,17200,8.654821
2005-04-06,0.90,0.90,0.88,0.88,14700,8.557576
2005-04-05,0.91,0.92,0.90,0.90,11700,8.752066
2005-04-04,0.92,0.94,0.91,0.91,7000,8.849312
2005-04-01,0.91,0.95,0.90,0.93,6000,9.043802
2005-03-31,0.93,0.98,0.90,0.91,36100,8.849312
2005-03-30,0.93,0.93,0.84,0.93,62600,9.043802
2005-03-29,0.98,0.98,0.94,0.94,19000,9.141047
2005-03-28,0.95,0.99,0.94,0.96,9500,9.335538
2005-03-24,0.97,1.01,0.93,0.96,28300,9.335538
2005-03-23,0.98,1.04,0.97,0.97,29300,9.432782
2005-03-22,1.00,1.02,0.99,0.99,8700,9.627273
2005-03-21,1.05,1.05,1.00,1.01,6300,9.821764
2005-03-18,1.08,1.08,1.04,1.05,13500,10.210744
2005-03-17,1.03,1.08,1.02,1.05,25100,10.210744
2005-03-16,0.98,1.02,0.97,1.02,22000,9.919008
2005-03-15,1.03,1.03,0.90,0.98,59700,9.530028
2005-03-14,1.04,1.04,1.00,1.03,11000,10.016254
2005-03-11,1.04,1.04,1.02,1.04,10700,10.113499
2005-03-10,1.01,1.04,1.00,1.03,21000,10.016254
2005-03-09,1.02,1.03,1.00,1.02,14100,9.919008
2005-03-08,1.02,1.03,1.00,1.02,13200,9.919008
2005-03-07,1.02,1.03,0.99,1.03,16200,10.016254
2005-03-04,1.01,1.04,1.01,1.03,10300,10.016254
2005-03-03,1.02,1.05,1.00,1.03,20600,10.016254
2005-03-02,0.96,1.04,0.96,1.02,45900,9.919008
2005-03-01,0.98,0.99,0.95,0.97,28900,9.432782
2005-02-28,0.99,1.00,0.98,0.98,28000,9.530028
2005-02-25,1.00,1.01,0.99,1.00,9100,9.724518
2005-02-24,1.00,1.01,0.99,1.01,5700,9.821764
2005-02-23,1.03,1.03,0.99,1.01,21600,9.821764
2005-02-22,0.99,1.02,0.99,1.01,14100,9.821764
2005-02-18,1.02,1.02,0.99,1.00,17100,9.724518
2005-02-17,1.00,1.03,1.00,1.01,7100,9.821764
2005-02-16,1.05,1.07,1.00,1.04,8300,10.113499
2005-02-15,1.05,1.07,1.02,1.05,15800,10.210744
2005-02-14,1.04,1.07,1.01,1.02,19200,9.919008
2005-02-11,0.98,1.03,0.97,1.02,25700,9.919008
2005-02-10,0.99,1.01,0.98,0.98,8300,9.530028
2005-02-09,0.99,1.01,0.99,0.99,12500,9.627273
2005-02-08,1.00,1.00,0.98,0.99,18400,9.627273
2005-02-07,1.00,1.00,0.98,0.98,16000,9.530028
2005-02-04,1.00,1.02,0.98,1.00,13100,9.724518
2005-02-03,1.02,1.03,0.99,0.99,14000,9.627273
2005-02-02,1.02,1.04,1.00,1.01,7700,9.821764
2005-02-01,1.04,1.04,1.01,1.02,11200,9.919008
2005-01-31,1.04,1.04,1.01,1.04,10900,10.113499
2005-01-28,1.04,1.06,1.00,1.04,19800,10.113499
2005-01-27,1.00,1.02,1.00,1.02,9100,9.919008
2005-01-26,1.04,1.05,1.00,1.01,9400,9.821764
2005-01-25,0.99,1.04,0.99,1.03,14500,10.016254
2005-01-24,1.00,1.02,0.98,0.98,9500,9.530028
2005-01-21,1.03,1.07,0.99,1.00,31300,9.724518
2005-01-20,1.05,1.07,1.01,1.03,18200,10.016254
2005-01-19,1.06,1.08,1.05,1.05,10600,10.210744
2005-01-18,1.05,1.08,1.05,1.06,15200,10.30799
2005-01-14,1.07,1.12,1.05,1.05,25400,10.210744
2005-01-13,1.10,1.10,1.07,1.07,11600,10.405234
2005-01-12,1.15,1.15,1.07,1.10,11200,10.69697
2005-01-11,1.11,1.12,1.06,1.09,17200,10.599724
2005-01-10,1.19,1.19,1.09,1.12,38100,10.89146
2005-01-07,1.16,1.18,1.08,1.12,24500,10.89146
2005-01-06,1.25,1.30,1.08,1.14,73900,11.08595
2005-01-05,1.08,1.11,1.04,1.06,30200,10.30799
2005-01-04,1.18,1.19,1.07,1.08,51900,10.50248
2005-01-03,1.25,1.25,1.15,1.17,58000,11.377686
2004-12-31,1.15,1.19,1.11,1.19,59100,11.572176
2004-12-30,1.18,1.19,1.13,1.15,84900,11.183196
2004-12-29,1.09,1.16,1.07,1.16,58800,11.280441
2004-12-28,1.12,1.12,1.06,1.09,27500,10.599724
2004-12-27,1.08,1.10,1.05,1.07,23200,10.405234
2004-12-23,1.08,1.11,1.05,1.08,44400,10.50248
2004-12-22,1.03,1.08,1.01,1.08,43600,10.50248
2004-12-21,1.10,1.10,1.02,1.05,41800,10.210744
2004-12-20,1.04,1.10,1.04,1.06,38100,10.30799
2004-12-17,1.07,1.10,1.04,1.05,36800,10.210744
2004-12-16,1.13,1.14,1.03,1.07,54200,10.405234
2004-12-15,0.99,1.17,0.98,1.13,145600,10.988706
2004-12-14,1.01,1.02,0.98,1.00,19900,9.724518
2004-12-13,0.99,1.00,0.97,1.00,33000,9.724518
2004-12-10,1.01,1.02,0.99,0.99,14800,9.627273
2004-12-09,1.00,1.01,0.99,1.01,10200,9.821764
2004-12-08,1.00,1.01,0.98,1.00,20400,9.724518
2004-12-07,1.00,1.02,0.98,0.99,26500,9.627273
2004-12-06,1.01,1.03,0.98,0.99,57400,9.627273
2004-12-03,1.02,1.04,1.00,1.01,29800,9.821764
2004-12-02,1.03,1.04,1.00,1.01,17200,9.821764
2004-12-01,1.01,1.05,1.00,1.00,51200,9.724518
2004-11-30,1.01,1.02,1.00,1.01,32700,9.821764
2004-11-29,1.05,1.05,1.01,1.02,26900,9.919008
2004-11-26,1.05,1.06,1.03,1.04,9300,10.113499
2004-11-24,1.05,1.06,1.02,1.05,10100,10.210744
2004-11-23,1.03,1.05,1.02,1.05,10300,10.210744
2004-11-22,1.03,1.05,1.02,1.04,13900,10.113499
2004-11-19,1.05,1.05,1.03,1.05,20900,10.210744
2004-11-18,1.05,1.07,1.03,1.06,21600,10.30799
2004-11-17,1.04,1.05,1.01,1.03,30800,10.016254
2004-11-16,1.03,1.05,1.02,1.04,18600,10.113499
2004-11-15,1.08,1.09,1.02,1.05,35200,10.210744
2004-11-12,1.07,1.08,1.00,1.08,83000,10.50248
2004-11-11,1.10,1.18,1.10,1.18,46800,11.474932
2004-11-10,1.18,1.21,1.08,1.10,63800,10.69697
2004-11-09,1.07,1.19,1.07,1.17,76400,11.377686
2004-11-08,1.06,1.07,1.04,1.06,14500,10.30799
2004-11-05,1.09,1.09,1.04,1.05,16700,10.210744
2004-11-04,1.03,1.10,1.01,1.06,37600,10.30799
2004-11-03,1.00,1.02,0.99,1.02,59300,9.919008
2004-11-02,0.99,1.00,0.98,0.99,18400,9.627273
2004-11-01,1.01,1.02,0.98,0.99,23800,9.627273
2004-10-29,1.05,1.05,1.00,1.02,27400,9.919008
2004-10-28,1.08,1.08,1.01,1.04,43800,10.113499
2004-10-27,1.10,1.12,1.04,1.07,38200,10.405234
2004-10-26,1.17,1.19,1.08,1.09,73500,10.599724
2004-10-25,1.50,1.50,1.15,1.17,73200,11.377686
2004-10-22,1.11,1.39,1.10,1.34,94500,13.030854
2004-10-21,1.01,1.10,1.01,1.09,30800,10.599724
2004-10-20,0.95,1.00,0.94,0.98,13300,9.530028
2004-10-19,1.02,1.02,0.90,0.93,26000,9.043802
2004-10-18,1.06,1.07,0.98,0.99,22800,9.627273
2004-10-15,1.09,1.09,1.05,1.08,13200,10.50248
2004-10-14,1.09,1.10,1.06,1.09,46200,10.599724
2004-10-13,1.04,1.09,1.03,1.08,14500,10.50248
2004-10-12,1.02,1.05,1.01,1.05,6000,10.210744
2004-10-11,1.03,1.05,1.01,1.02,6700,9.919008
2004-10-08,1.02,1.05,1.00,1.02,9100,9.919008
2004-10-07,1.03,1.04,1.01,1.02,10700,9.919008
2004-10-06,1.01,1.03,0.98,1.03,10500,10.016254
2004-10-05,1.01,1.04,0.98,1.01,17000,9.821764
2004-10-04,1.05,1.05,1.00,1.02,10200,9.919008
2004-10-01,1.01,1.03,0.99,1.02,6800,9.919008
2004-09-30,1.02,1.04,1.00,1.00,16000,9.724518
2004-09-29,1.09,1.09,1.00,1.01,14000,9.821764
2004-09-28,1.07,1.09,1.05,1.07,13300,10.405234
2004-09-27,1.06,1.09,1.06,1.07,11500,10.405234
2004-09-24,1.02,1.11,1.00,1.06,37100,10.30799
2004-09-23,1.00,1.02,0.98,1.00,12600,9.724518
2004-09-22,1.01,1.03,1.00,1.02,11100,9.919008
2004-09-21,1.04,1.06,1.01,1.03,9600,10.016254
2004-09-20,1.05,1.05,1.00,1.04,8400,10.113499
2004-09-17,1.01,1.05,1.00,1.05,17700,10.210744
2004-09-16,1.06,1.06,0.98,1.01,16300,9.821764
2004-09-15,1.00,1.06,1.00,1.04,14200,10.113499
2004-09-14,1.02,1.03,1.00,1.00,10500,9.724518
2004-09-13,0.99,1.04,0.99,1.02,19700,9.919008
2004-09-10,1.00,1.00,0.97,0.98,7100,9.530028
2004-09-09,0.97,1.00,0.95,1.00,12500,9.724518
2004-09-08,1.05,1.05,0.92,0.94,30300,9.141047
2004-09-07,0.99,1.06,0.99,1.05,35700,10.210744
2004-09-03,0.92,1.00,0.90,0.98,18800,9.530028
2004-09-02,0.82,0.94,0.82,0.89,32300,8.654821
2004-09-01,0.79,0.81,0.77,0.81,8100,7.87686
2004-08-31,0.79,0.81,0.78,0.79,8700,7.682369
2004-08-30,0.79,0.82,0.75,0.80,9300,7.779615
2004-08-27,0.80,0.81,0.77,0.79,22200,7.682369
2004-08-26,0.82,0.83,0.79,0.80,35300,7.779615
2004-08-25,0.84,0.85,0.82,0.84,21400,8.168595
2004-08-24,0.86,0.86,0.80,0.83,50100,8.07135
2004-08-23,0.90,0.90,0.85,0.86,25600,8.363086
2004-08-20,0.95,0.97,0.88,0.90,31500,8.752066
2004-08-19,0.95,0.97,0.90,0.92,10600,8.946557
2004-08-18,0.94,0.96,0.91,0.95,21100,9.238292
2004-08-17,1.05,1.06,0.90,0.95,37900,9.238292
2004-08-16,0.90,1.00,0.90,0.97,44800,9.432782
2004-08-13,0.88,0.91,0.85,0.89,19500,8.654821
2004-08-12,0.91,0.91,0.80,0.88,20000,8.557576
2004-08-11,0.93,0.94,0.88,0.90,21300,8.752066
2004-08-10,0.95,0.95,0.90,0.92,25800,8.946557
2004-08-09,1.00,1.00,0.88,0.92,76900,8.946557
2004-08-06,1.06,1.07,1.00,1.00,19800,9.724518
2004-08-05,1.10,1.12,1.05,1.07,12300,10.405234
2004-08-04,1.08,1.12,1.06,1.11,10000,10.794216
2004-08-03,1.11,1.14,1.08,1.10,9100,10.69697
2004-08-02,1.15,1.16,1.08,1.10,17700,10.69697
2004-07-30,1.10,1.15,1.10,1.15,17200,11.183196
2004-07-29,1.08,1.08,1.04,1.07,14700,10.405234
2004-07-28,1.12,1.12,1.04,1.08,15200,10.50248
2004-07-27,1.03,1.11,0.94,1.11,57500,10.794216
2004-07-26,1.02,1.10,1.02,1.04,26700,10.113499
2004-07-23,1.11,1.15,1.01,1.04,74100,10.113499
2004-07-22,1.20,1.23,1.12,1.17,15100,11.377686
2004-07-21,1.23,1.37,1.15,1.20,74500,11.669422
2004-07-20,1.21,1.25,1.11,1.15,22400,11.183196
2004-07-19,1.21,1.24,1.20,1.21,26700,11.766667
2004-07-16,1.25,1.35,1.21,1.25,19900,12.155648
2004-07-15,1.31,1.35,1.25,1.25,16000,12.155648
2004-07-14,1.35,1.39,1.30,1.35,21200,13.1281
2004-07-13,1.30,1.36,1.29,1.36,24700,13.225345
2004-07-12,1.52,1.52,1.28,1.30,66400,12.641874
2004-07-09,1.53,1.54,1.50,1.50,14800,14.586777
2004-07-08,1.55,1.58,1.50,1.53,19400,14.878513
2004-07-07,1.60,1.68,1.50,1.58,31500,15.364739
2004-07-06,1.70,1.70,1.61,1.61,15100,15.656475
2004-07-02,1.71,1.73,1.66,1.70,9200,16.531681
2004-07-01,1.72,1.73,1.67,1.70,11000,16.531681
2004-06-30,1.68,1.68,1.61,1.68,18000,16.33719
2004-06-29,1.68,1.72,1.65,1.68,7300,16.33719
2004-06-28,1.72,1.72,1.65,1.68,18200,16.33719
2004-06-25,1.72,1.73,1.65,1.69,15600,16.434435
2004-06-24,1.68,2.00,1.64,1.66,25800,16.142701
2004-06-23,1.73,1.74,1.69,1.71,12900,16.628927
2004-06-22,1.70,1.75,1.69,1.73,11900,16.823416
2004-06-21,1.77,1.77,1.65,1.69,12000,16.434435
2004-06-18,1.79,1.79,1.69,1.74,9500,16.920661
2004-06-17,1.69,1.79,1.66,1.76,22800,17.115152
2004-06-16,1.79,1.79,1.57,1.69,35800,16.434435
2004-06-15,1.80,1.82,1.71,1.73,13800,16.823416
2004-06-14,1.75,2.00,1.74,1.75,34600,17.017907
2004-06-10,1.81,1.81,1.71,1.73,9300,16.823416
2004-06-09,1.73,1.83,1.71,1.79,19900,17.406887
2004-06-08,1.83,1.83,1.72,1.75,20300,17.017907
2004-06-07,1.84,1.85,1.80,1.83,12100,17.795868
2004-06-04,1.85,1.87,1.80,1.83,10600,17.795868
2004-06-03,1.82,1.84,1.78,1.80,10400,17.504133
2004-06-02,1.83,1.87,1.80,1.82,17800,17.698624
2004-06-01,1.95,1.95,1.80,1.83,27600,17.795868
2004-05-28,3.01,3.01,1.90,1.94,17600,18.865565
2004-05-27,1.97,1.99,1.95,1.96,7600,19.060056
2004-05-26,2.03,2.03,1.95,1.97,15400,19.157302
2004-05-25,1.94,1.98,1.88,1.94,9200,18.865565
2004-05-24,1.89,1.95,1.85,1.91,11000,18.57383
2004-05-21,1.90,1.90,1.81,1.88,12500,18.282093
2004-05-20,1.94,1.99,1.83,1.88,6100,18.282093
2004-05-19,1.92,2.00,1.90,1.94,17600,18.865565
2004-05-18,1.85,1.92,1.85,1.90,21600,18.476585
2004-05-17,1.85,1.89,1.75,1.81,40600,17.601378
2004-05-14,2.15,2.17,1.95,1.96,39600,19.060056
2004-05-13,1.95,2.16,1.95,2.15,35400,20.907714
2004-05-12,1.89,1.95,1.85,1.95,22400,18.962811
2004-05-11,1.77,1.92,1.77,1.87,42500,18.18485
2004-05-10,2.00,2.00,1.61,1.79,78300,17.406887
2004-05-07,2.08,2.08,1.95,1.97,37200,19.157302
2004-05-06,2.09,2.14,1.91,2.08,43800,20.226997
2004-05-05,2.10,2.14,2.01,2.05,66000,19.935262
2004-05-04,2.04,2.25,2.00,2.14,61000,20.810469
2004-05-03,2.30,2.31,2.04,2.07,69400,20.129753
2004-04-30,2.42,2.42,2.13,2.21,88100,21.491186
2004-04-29,2.74,2.75,2.41,2.45,64900,23.82507
2004-04-28,2.79,2.79,2.60,2.64,47100,25.672728
2004-04-27,2.81,3.07,2.70,2.75,123800,26.742425
2004-04-26,2.84,2.84,2.74,2.79,82600,27.131405
2004-04-23,2.67,2.69,2.58,2.68,52300,26.061708
2004-04-22,2.57,2.68,2.54,2.60,36800,25.283747
2004-04-21,2.54,2.64,2.48,2.60,34800,25.283747
2004-04-20,2.75,2.77,2.54,2.54,42700,24.700276
2004-04-19,2.71,2.85,2.55,2.74,56400,26.64518
2004-04-16,2.94,2.95,2.65,2.77,59100,26.936916
2004-04-15,2.70,3.05,2.58,2.85,236800,27.714877
2004-04-14,2.76,3.80,2.55,2.62,635700,25.478238
2004-04-13,2.57,2.60,2.42,2.45,36700,23.82507
2004-04-12,2.40,2.55,2.31,2.42,37500,23.533335
2004-04-08,2.27,2.40,2.26,2.39,22600,23.241598
2004-04-07,2.30,2.32,2.26,2.26,14000,21.977412
2004-04-06,2.44,2.44,2.25,2.31,30200,22.463637
2004-04-05,2.40,2.50,2.33,2.44,38700,23.727824
2004-04-02,2.43,2.48,2.30,2.40,57200,23.338844
2004-04-01,2.10,2.40,2.10,2.33,83300,22.658127
2004-03-31,2.01,2.10,2.01,2.09,37400,20.324243
2004-03-30,2.09,2.15,2.01,2.07,25800,20.129753
2004-03-29,2.15,2.17,2.07,2.09,25900,20.324243
2004-03-26,2.06,2.15,2.06,2.14,17500,20.810469
2004-03-25,2.10,2.14,2.06,2.06,22200,20.032508
2004-03-24,2.12,2.20,2.01,2.08,47700,20.226997
2004-03-23,2.06,2.30,2.04,2.12,39500,20.615979
2004-03-22,2.27,2.29,2.05,2.10,39000,20.421488
2004-03-19,2.30,2.34,2.27,2.29,11400,22.269146
2004-03-18,2.36,2.40,2.23,2.29,24400,22.269146
2004-03-17,2.32,2.40,2.30,2.36,12900,22.949863
2004-03-16,2.35,2.40,2.21,2.35,40900,22.852618
2004-03-15,2.45,2.45,2.28,2.30,32200,22.366392
2004-03-12,2.25,2.55,2.19,2.48,58700,24.116804
2004-03-11,2.26,2.28,2.17,2.17,47800,21.102205
2004-03-10,2.46,2.49,2.30,2.31,37700,22.463637
2004-03-09,2.48,2.48,2.32,2.43,28900,23.630578
2004-03-08,2.50,2.55,2.47,2.48,36100,24.116804
2004-03-05,2.45,2.54,2.41,2.49,22700,24.21405
2004-03-04,2.30,2.60,2.30,2.49,48500,24.21405
2004-03-03,2.36,2.36,2.18,2.30,111300,22.366392
2004-03-02,2.68,2.69,2.36,2.36,50100,22.949863
2004-03-01,2.78,2.78,2.50,2.64,87900,25.672728
2004-02-27,2.04,2.50,2.01,2.48,147500,24.116804
2004-02-26,2.09,2.11,1.89,2.03,85400,19.740771
2004-02-25,2.25,2.30,2.06,2.08,53200,20.226997
2004-02-24,2.15,2.33,2.02,2.23,169400,21.685675
2004-02-23,2.68,2.68,2.25,2.30,123800,22.366392
2004-02-20,2.56,2.58,2.47,2.58,38900,25.089256
2004-02-19,2.66,2.78,2.53,2.60,47100,25.283747
2004-02-18,2.77,2.79,2.66,2.68,37400,26.061708
2004-02-17,2.66,2.95,2.63,2.74,114200,26.64518
2004-02-13,2.75,2.79,2.55,2.63,56500,25.575482
2004-02-12,2.88,2.94,2.69,2.72,68800,26.45069
2004-02-11,2.74,2.96,2.73,2.87,83800,27.909368
2004-02-10,2.55,2.73,2.55,2.71,54900,26.353445
2004-02-09,2.40,2.59,2.40,2.54,37300,24.700276
2004-02-06,2.45,2.50,2.35,2.39,69600,23.241598
2004-02-05,2.39,2.50,2.39,2.45,43200,23.82507
2004-02-04,2.60,2.60,2.35,2.39,76300,23.241598
2004-02-03,2.73,2.75,2.54,2.60,37400,25.283747
2004-02-02,2.55,2.78,2.55,2.63,38200,25.575482
2004-01-30,2.55,2.65,2.51,2.59,21700,25.186502
2004-01-29,2.88,2.88,2.57,2.58,78400,25.089256
2004-01-28,2.77,2.94,2.65,2.75,132800,26.742425
2004-01-27,2.73,2.77,2.61,2.76,62600,26.839671
2004-01-26,2.74,2.81,2.52,2.65,87500,25.769973
2004-01-23,2.81,2.87,2.51,2.64,80700,25.672728
2004-01-22,2.95,2.97,2.65,2.89,184900,28.103857
2004-01-21,2.35,3.15,2.35,2.89,371800,28.103857
2004-01-20,2.19,2.29,2.10,2.27,86000,22.074657
2004-01-16,1.97,2.14,1.95,2.07,97100,20.129753
2004-01-15,1.88,1.97,1.85,1.92,46700,18.671076
2004-01-14,1.75,1.91,1.74,1.84,75600,17.893113
2004-01-13,1.65,1.72,1.60,1.72,66300,16.726172
2004-01-12,1.73,1.73,1.52,1.60,122100,15.559229
2004-01-09,1.85,1.96,1.70,1.72,139800,16.726172
2004-01-08,2.26,2.29,1.90,2.04,113000,19.838017
2004-01-07,1.94,2.19,1.94,2.17,94400,21.102205
2004-01-06,1.57,1.97,1.57,1.94,63700,18.865565
2004-01-05,1.65,1.65,1.50,1.57,25900,15.267493
2004-01-02,1.41,1.64,1.40,1.62,28400,15.75372
2003-12-31,1.36,1.39,1.31,1.38,11600,13.419835
2003-12-30,1.36,1.40,1.35,1.38,7400,13.419835
2003-12-29,1.40,1.47,1.35,1.36,6600,13.225345
2003-12-26,1.35,1.43,1.33,1.39,4800,13.51708
2003-12-24,1.39,1.39,1.35,1.35,700,13.1281
2003-12-23,1.40,1.41,1.34,1.39,6900,13.51708
2003-12-22,1.39,1.50,1.39,1.40,3700,13.614325
2003-12-19,1.35,1.40,1.35,1.39,6300,13.51708
2003-12-18,1.31,1.39,1.30,1.35,6800,13.1281
2003-12-17,1.35,1.40,1.32,1.35,6600,13.1281
2003-12-16,1.40,1.42,1.36,1.42,9400,13.808816
2003-12-15,1.40,1.50,1.40,1.44,5600,14.003306
2003-12-12,1.47,1.49,1.37,1.40,8700,13.614325
2003-12-11,1.44,1.47,1.42,1.44,1700,14.003306
2003-12-10,1.52,1.52,1.41,1.44,8400,14.003306
2003-12-09,1.46,1.55,1.46,1.48,3600,14.392287
2003-12-08,1.50,1.53,1.44,1.45,5700,14.100551
2003-12-05,1.59,1.60,1.43,1.50,12000,14.586777
2003-12-04,1.58,1.61,1.50,1.57,21400,15.267493
2003-12-03,1.53,1.61,1.52,1.54,29300,14.975758
2003-12-02,1.49,1.56,1.48,1.52,17200,14.781267
2003-12-01,1.41,1.55,1.40,1.49,37800,14.489532
2003-11-28,1.40,1.41,1.38,1.41,6100,13.711571
2003-11-26,1.48,1.48,1.30,1.38,22400,13.419835
2003-11-25,1.51,1.53,1.40,1.46,8000,14.197797
2003-11-24,1.50,1.55,1.49,1.49,11200,14.489532
2003-11-21,1.51,1.53,1.50,1.50,11000,14.586777
2003-11-20,1.59,1.59,1.50,1.51,16800,14.684023
2003-11-19,1.55,1.63,1.54,1.57,9600,15.267493
2003-11-18,1.60,1.63,1.50,1.55,17300,15.073003
2003-11-17,1.68,1.70,1.60,1.63,25800,15.850964
2003-11-14,1.59,1.70,1.56,1.67,39000,16.239946
2003-11-13,1.56,1.56,1.42,1.55,9800,15.073003
2003-11-12,1.62,1.62,1.33,1.46,27900,14.197797
2003-11-11,1.61,1.74,1.60,1.62,19500,15.75372
2003-11-10,1.61,1.68,1.60,1.66,29100,16.142701
2003-11-07,1.45,1.63,1.45,1.60,31000,15.559229
2003-11-06,1.28,1.51,1.28,1.44,23900,14.003306
2003-11-05,1.31,1.40,1.21,1.27,16400,12.350138
2003-11-04,1.17,1.32,1.17,1.29,13200,12.544628
2003-11-03,1.16,1.23,1.15,1.18,15700,11.474932
2003-10-31,1.24,1.25,1.15,1.17,11600,11.377686
2003-10-30,1.19,1.33,1.19,1.23,17900,11.961158
2003-10-29,1.28,1.28,1.18,1.19,11900,11.572176
2003-10-28,1.22,1.25,1.19,1.24,13500,12.058402
2003-10-27,1.22,1.32,1.20,1.26,10700,12.252893
2003-10-24,1.21,1.33,1.21,1.24,15900,12.058402
2003-10-23,1.35,1.36,1.24,1.30,13700,12.641874
2003-10-22,1.40,1.40,1.26,1.34,31500,13.030854
2003-10-21,1.47,1.50,1.39,1.39,10500,13.51708
2003-10-20,1.50,1.54,1.45,1.49,4900,14.489532
2003-10-17,1.48,1.55,1.45,1.54,11100,14.975758
2003-10-16,1.55,1.55,1.48,1.48,9600,14.392287
2003-10-15,1.54,1.60,1.52,1.53,6600,14.878513
2003-10-14,1.65,1.65,1.55,1.56,5600,15.170249
2003-10-13,1.55,1.65,1.52,1.55,9700,15.073003
2003-10-10,1.53,1.63,1.51,1.53,4200,14.878513
2003-10-09,1.59,1.62,1.51,1.53,13900,14.878513
2003-10-08,1.70,1.70,1.50,1.52,16300,14.781267
2003-10-07,1.55,1.67,1.51,1.54,15700,14.975758
2003-10-06,1.40,1.50,1.40,1.47,10000,14.295042
2003-10-03,1.39,1.45,1.35,1.41,16400,13.711571
2003-10-02,1.25,1.45,1.25,1.34,15200,13.030854
2003-10-01,1.51,1.68,1.25,1.30,38400,12.641874
2003-09-30,1.77,1.77,1.43,1.54,31700,14.975758
2003-09-29,1.88,1.90,1.61,1.73,18200,16.823416
2003-09-26,1.89,1.90,1.63,1.80,27000,17.504133
2003-09-25,1.70,1.95,1.66,1.84,41900,17.893113
2003-09-24,1.54,1.70,1.50,1.69,38800,16.434435
2003-09-23,1.45,1.55,1.45,1.50,19400,14.586777
2003-09-22,1.54,1.55,1.43,1.48,21200,14.392287
2003-09-19,1.43,1.52,1.43,1.49,31900,14.489532
2003-09-18,1.50,1.59,1.42,1.45,33100,14.100551
2003-09-17,1.69,1.69,1.35,1.40,33700,13.614325
2003-09-16,1.66,1.80,1.40,1.59,42300,15.461984
2003-09-15,1.33,1.99,1.33,1.66,52700,16.142701
2003-09-12,1.49,1.50,1.25,1.33,39200,12.933609
2003-09-11,1.10,1.50,1.05,1.39,62500,13.51708
2003-09-10,0.90,1.13,0.87,1.03,25700,10.016254
2003-09-09,0.74,0.91,0.74,0.90,21100,8.752066
2003-09-08,0.76,0.76,0.73,0.76,900,7.390634
2003-09-05,0.75,0.77,0.73,0.76,1600,7.390634
2003-09-04,0.75,0.78,0.72,0.73,8200,7.098898
2003-09-03,0.77,0.77,0.73,0.73,4600,7.098898
2003-09-02,0.77,0.78,0.69,0.73,4700,7.098898
2003-08-29,0.77,0.77,0.72,0.76,3300,7.390634
2003-08-28,0.76,0.80,0.72,0.77,2600,7.487879
2003-08-27,0.75,0.76,0.72,0.76,4000,7.390634
2003-08-26,0.75,0.76,0.72,0.74,2300,7.196144
2003-08-25,0.72,0.78,0.72,0.75,7300,7.293389
2003-08-22,0.77,0.77,0.70,0.72,2400,7.001653
2003-08-21,0.78,0.78,0.70,0.72,10400,7.001653
2003-08-20,0.65,0.78,0.65,0.77,33600,7.487879
2003-08-19,0.67,0.69,0.64,0.65,5500,6.320937
2003-08-18,0.64,0.67,0.64,0.66,2300,6.418182
2003-08-15,0.64,0.64,0.64,0.64,000,6.223692
2003-08-14,0.65,0.67,0.64,0.64,1000,6.223692
2003-08-13,0.62,0.67,0.62,0.63,1400,6.126447
2003-08-12,0.62,0.66,0.62,0.62,2700,6.029201
2003-08-11,0.65,0.67,0.57,0.66,8500,6.418182
2003-08-08,0.67,0.67,0.65,0.65,1000,6.320937
2003-08-07,0.66,0.69,0.65,0.65,1900,6.320937
2003-08-06,0.70,0.70,0.65,0.68,4100,6.612673
2003-08-05,0.72,0.72,0.66,0.66,2000,6.418182
2003-08-04,0.65,0.73,0.65,0.70,7300,6.807163
2003-08-01,0.69,0.70,0.63,0.70,5400,6.807163
2003-07-31,0.70,0.70,0.67,0.68,3300,6.612673
2003-07-30,0.65,0.70,0.65,0.67,5100,6.515427
2003-07-29,0.65,0.68,0.65,0.67,2400,6.515427
2003-07-28,0.68,0.69,0.64,0.66,4500,6.418182
2003-07-25,0.71,0.71,0.65,0.69,1800,6.709918
2003-07-24,0.68,0.70,0.68,0.70,2800,6.807163
2003-07-23,0.70,0.70,0.68,0.70,1200,6.807163
2003-07-22,0.68,0.70,0.65,0.70,3300,6.807163
2003-07-21,0.69,0.69,0.66,0.66,3300,6.418182
2003-07-18,0.65,0.72,0.62,0.65,15000,6.320937
2003-07-17,0.56,0.65,0.56,0.65,14400,6.320937
2003-07-16,0.60,0.60,0.55,0.59,12300,5.737466
2003-07-15,0.64,0.64,0.59,0.61,7100,5.931956
2003-07-14,0.67,0.67,0.61,0.64,4900,6.223692
2003-07-11,0.68,0.68,0.63,0.66,3600,6.418182
2003-07-10,0.65,0.70,0.64,0.68,6700,6.612673
2003-07-09,0.72,0.72,0.66,0.70,3200,6.807163
2003-07-08,0.75,0.75,0.69,0.70,23900,6.807163
2003-07-07,0.63,0.72,0.57,0.71,28000,6.904408
2003-07-03,0.56,0.58,0.54,0.57,8800,5.542975
2003-07-02,0.56,0.56,0.51,0.56,14300,5.44573
2003-07-01,0.59,0.60,0.56,0.57,3100,5.542975
2003-06-30,0.59,0.60,0.56,0.59,5300,5.737466
2003-06-27,0.63,0.63,0.50,0.59,16000,5.737466
2003-06-26,0.67,0.67,0.60,0.64,7900,6.223692
2003-06-25,0.69,0.70,0.67,0.69,6000,6.709918
2003-06-24,0.69,0.70,0.69,0.70,8100,6.807163
2003-06-23,0.73,0.73,0.68,0.70,6400,6.807163
2003-06-20,0.70,0.75,0.69,0.69,5600,6.709918
2003-06-19,0.72,0.74,0.68,0.72,2400,7.001653
2003-06-18,0.70,0.72,0.70,0.72,5000,7.001653
2003-06-17,0.73,0.78,0.69,0.72,12600,7.001653
2003-06-16,0.78,0.78,0.73,0.73,3600,7.098898
2003-06-13,0.75,0.77,0.74,0.76,2600,7.390634
2003-06-12,0.75,0.78,0.74,0.74,4100,7.196144
2003-06-11,0.77,0.79,0.75,0.78,2000,7.585124
2003-06-10,0.78,0.80,0.75,0.76,4200,7.390634
2003-06-09,0.76,0.78,0.74,0.78,5000,7.585124
2003-06-06,0.78,0.79,0.75,0.79,3300,7.682369
2003-06-05,0.76,0.81,0.76,0.77,6100,7.487879
2003-06-04,0.78,0.79,0.76,0.78,5900,7.585124
2003-06-03,0.80,0.81,0.77,0.78,4700,7.585124
2003-06-02,0.76,0.80,0.76,0.79,3200,7.682369
2003-05-30,0.76,0.79,0.72,0.79,30600,7.682369
2003-05-29,0.72,0.72,0.69,0.72,11800,7.001653
2003-05-28,0.70,0.73,0.67,0.72,17500,7.001653
2003-05-27,0.78,0.78,0.70,0.72,26700,7.001653
2003-05-23,0.80,0.82,0.73,0.73,27000,7.098898
2003-05-22,0.80,0.82,0.75,0.81,2300,7.87686
2003-05-21,0.80,0.80,0.77,0.79,3000,7.682369
2003-05-20,0.81,0.81,0.78,0.81,3400,7.87686
2003-05-19,0.76,0.80,0.76,0.80,6800,7.779615
2003-05-16,0.75,0.79,0.75,0.77,2000,7.487879
2003-05-15,0.78,0.80,0.74,0.76,2700,7.390634
2003-05-14,0.80,0.80,0.77,0.77,7600,7.487879
2003-05-13,0.76,0.79,0.75,0.78,6400,7.585124
2003-05-12,0.80,0.80,0.75,0.79,4200,7.682369
2003-05-09,0.76,0.78,0.74,0.77,2000,7.487879
2003-05-08,0.74,0.79,0.73,0.79,3800,7.682369
2003-05-07,0.77,0.79,0.74,0.74,2400,7.196144
2003-05-06,0.77,0.79,0.76,0.77,20000,7.487879
2003-05-05,0.80,0.80,0.74,0.80,3200,7.779615
2003-05-02,0.78,0.84,0.77,0.79,16800,7.682369
2003-05-01,0.74,0.78,0.74,0.77,7000,7.487879
2003-04-30,0.71,0.85,0.71,0.73,12200,7.098898
2003-04-29,0.72,0.75,0.70,0.71,5300,6.904408
2003-04-28,0.75,0.85,0.70,0.70,49000,6.807163
2003-04-25,0.66,0.75,0.66,0.71,5800,6.904408
2003-04-24,0.71,0.73,0.65,0.67,8700,6.515427
2003-04-23,0.74,0.74,0.71,0.71,5100,6.904408
2003-04-22,0.75,0.75,0.71,0.74,11900,7.196144
2003-04-21,0.77,0.78,0.71,0.77,13800,7.487879
2003-04-17,0.78,0.79,0.77,0.77,7600,7.487879
2003-04-16,0.78,0.80,0.77,0.77,4000,7.487879
2003-04-15,0.83,0.83,0.77,0.80,2700,7.779615
2003-04-14,0.76,0.80,0.75,0.80,2700,7.779615
2003-04-11,0.79,0.79,0.76,0.77,3400,7.487879
2003-04-10,0.75,0.84,0.75,0.81,8700,7.87686
2003-04-09,0.79,0.80,0.74,0.77,13100,7.487879
2003-04-08,0.84,0.84,0.80,0.81,2700,7.87686
2003-04-07,0.79,0.85,0.79,0.84,3100,8.168595
2003-04-04,0.84,0.84,0.80,0.83,1700,8.07135
2003-04-03,0.80,0.83,0.76,0.83,7800,8.07135
2003-04-02,0.78,0.80,0.75,0.80,2400,7.779615
2003-04-01,0.78,0.82,0.75,0.78,13800,7.585124
2003-03-31,0.87,0.87,0.78,0.78,41300,7.585124
2003-03-28,0.75,0.89,0.72,0.88,112100,8.557576
2003-03-27,0.72,0.74,0.71,0.72,8900,7.001653
2003-03-26,0.75,0.79,0.70,0.73,1700,7.098898
2003-03-25,0.69,0.74,0.69,0.74,5400,7.196144
2003-03-24,0.74,0.75,0.69,0.72,2600,7.001653
2003-03-21,0.81,0.81,0.70,0.74,39900,7.196144
2003-03-20,0.72,0.82,0.68,0.81,61500,7.87686
2003-03-19,0.69,0.78,0.68,0.72,28500,7.001653
2003-03-18,0.71,0.73,0.68,0.69,10100,6.709918
2003-03-17,0.75,0.79,0.64,0.79,33900,7.682369
2003-03-14,0.68,0.68,0.61,0.64,4300,6.223692
2003-03-13,0.70,0.70,0.62,0.67,7800,6.515427
2003-03-12,0.54,0.70,0.51,0.70,64900,6.807163
2003-03-11,0.65,0.67,0.52,0.58,29600,5.640221
2003-03-10,0.80,0.80,0.65,0.65,9900,6.320937
2003-03-07,0.78,0.79,0.77,0.77,5200,7.487879
2003-03-06,0.79,0.83,0.78,0.78,6100,7.585124
2003-03-05,0.78,0.85,0.78,0.85,8600,8.26584
2003-03-04,0.83,0.85,0.78,0.78,3900,7.585124
2003-03-03,0.84,0.84,0.84,0.84,200,8.168595
2003-02-28,0.92,0.93,0.83,0.86,10300,8.363086
2003-02-27,0.74,0.98,0.68,0.95,51400,9.238292
2003-02-26,0.75,0.75,0.70,0.70,3900,6.807163
2003-02-25,0.73,0.75,0.67,0.75,11200,7.293389
2003-02-24,0.82,0.82,0.70,0.74,15100,7.196144
2003-02-21,0.90,0.90,0.80,0.82,9200,7.974105
2003-02-20,0.95,0.99,0.84,0.87,9900,8.460331
2003-02-19,0.95,1.00,0.95,0.95,6800,9.238292
2003-02-18,0.92,0.99,0.92,0.99,12100,9.627273
2003-02-14,0.82,0.92,0.80,0.92,6500,8.946557
2003-02-13,0.84,0.84,0.80,0.82,4800,7.974105
2003-02-12,0.84,0.84,0.80,0.81,39400,7.87686
2003-02-11,0.72,0.90,0.72,0.90,38800,8.752066
2003-02-10,0.72,0.75,0.71,0.74,4500,7.196144
2003-02-07,0.80,0.80,0.70,0.74,22600,7.196144
2003-02-06,0.61,0.80,0.61,0.80,55500,7.779615
2003-02-05,0.65,0.68,0.62,0.68,2300,6.612673
2003-02-04,0.60,0.75,0.58,0.70,19200,6.807163
2003-02-03,0.60,0.60,0.55,0.60,9500,5.834711
2003-01-31,0.62,0.66,0.60,0.62,2700,6.029201
2003-01-30,0.57,0.70,0.53,0.68,16300,6.612673
2003-01-29,0.52,0.57,0.50,0.53,3900,5.153995
2003-01-28,0.53,0.55,0.50,0.52,2300,5.056749
2003-01-27,0.61,0.61,0.53,0.55,6700,5.348485
2003-01-24,0.63,0.63,0.60,0.61,4000,5.931956
2003-01-23,0.61,0.64,0.60,0.63,2500,6.126447
2003-01-22,0.65,0.66,0.59,0.60,7900,5.834711
2003-01-21,0.75,0.75,0.65,0.68,12000,6.612673
2003-01-17,0.55,0.75,0.53,0.75,41700,7.293389
2003-01-16,0.60,0.60,0.60,0.60,000,5.834711
2003-01-15,0.67,0.70,0.57,0.60,11100,5.834711
2003-01-14,0.46,0.68,0.43,0.65,27500,6.320937
2003-01-13,0.55,0.55,0.52,0.52,8300,5.056749
2003-01-10,0.56,0.60,0.50,0.53,32400,5.153995
2003-01-09,0.41,0.56,0.41,0.55,32400,5.348485
2003-01-08,0.47,0.47,0.40,0.40,8300,3.889807
2003-01-07,0.39,0.48,0.39,0.44,31600,4.278788
2003-01-06,0.35,0.39,0.33,0.38,7700,3.695317
2003-01-03,0.35,0.36,0.34,0.35,6100,3.403581
2003-01-02,0.36,0.36,0.34,0.34,5400,3.306336
2002-12-31,0.30,0.40,0.29,0.40,23400,3.889807
2002-12-30,0.30,0.34,0.29,0.32,4500,3.111846
2002-12-27,0.31,0.33,0.30,0.31,2000,3.014601
2002-12-26,0.33,0.35,0.31,0.31,1900,3.014601
2002-12-24,0.33,0.35,0.32,0.34,1400,3.306336
2002-12-23,0.33,0.36,0.31,0.33,2500,3.209091
2002-12-20,0.36,0.39,0.32,0.32,4100,3.111846
2002-12-19,0.38,0.39,0.31,0.37,9400,3.598072
2002-12-18,0.33,0.39,0.30,0.35,16200,3.403581
2002-12-17,0.37,0.37,0.30,0.31,10000,3.014601
2002-12-16,0.35,0.39,0.35,0.37,4900,3.598072
2002-12-13,0.31,0.39,0.30,0.39,34100,3.792562
2002-12-12,0.33,0.37,0.31,0.37,7500,3.598072
2002-12-11,0.35,0.35,0.28,0.33,7000,3.209091
2002-12-10,0.27,0.33,0.25,0.32,52100,3.111846
2002-12-09,0.29,0.32,0.23,0.25,22600,2.43113
2002-12-06,0.33,0.33,0.29,0.31,20000,3.014601
2002-12-05,0.32,0.36,0.32,0.33,1800,3.209091
2002-12-04,0.38,0.39,0.32,0.35,3100,3.403581
2002-12-03,0.39,0.39,0.33,0.38,6600,3.695317
2002-12-02,0.31,0.35,0.31,0.34,14000,3.306336
2002-11-29,0.30,0.32,0.28,0.31,2300,3.014601
2002-11-27,0.30,0.32,0.30,0.31,4300,3.014601
2002-11-26,0.31,0.32,0.30,0.31,7700,3.014601
2002-11-25,0.29,0.32,0.29,0.31,4700,3.014601
2002-11-22,0.31,0.31,0.29,0.29,5600,2.82011
2002-11-21,0.34,0.35,0.30,0.30,9700,2.917355
2002-11-20,0.33,0.36,0.33,0.36,3800,3.500826
2002-11-19,0.40,0.40,0.36,0.36,5800,3.500826
2002-11-18,0.39,0.40,0.36,0.37,2900,3.598072
2002-11-15,0.40,0.40,0.36,0.38,4800,3.695317
2002-11-14,0.38,0.42,0.35,0.40,12700,3.889807
2002-11-13,0.34,0.35,0.32,0.35,4700,3.403581
2002-11-12,0.27,0.34,0.27,0.34,5700,3.306336
2002-11-11,0.26,0.30,0.26,0.30,1500,2.917355
2002-11-08,0.28,0.30,0.27,0.30,1400,2.917355
2002-11-07,0.28,0.30,0.27,0.30,1500,2.917355
2002-11-06,0.29,0.30,0.28,0.30,1000,2.917355
2002-11-05,0.28,0.29,0.26,0.29,3400,2.82011
2002-11-04,0.29,0.29,0.27,0.27,2600,2.62562
2002-11-01,0.27,0.30,0.26,0.30,3800,2.917355
2002-10-31,0.27,0.30,0.25,0.29,3100,2.82011
2002-10-30,0.23,0.29,0.23,0.29,9200,2.82011
2002-10-29,0.24,0.26,0.23,0.26,4700,2.528375
2002-10-28,0.22,0.26,0.22,0.22,1300,2.139394
2002-10-25,0.21,0.24,0.21,0.24,800,2.333884
2002-10-24,0.22,0.24,0.21,0.24,100,2.333884
2002-10-23,0.24,0.24,0.22,0.22,200,2.139394
2002-10-22,0.22,0.25,0.20,0.25,2000,2.43113
2002-10-21,0.21,0.25,0.21,0.22,600,2.139394
2002-10-18,0.25,0.25,0.21,0.22,400,2.139394
2002-10-17,0.23,0.23,0.20,0.23,1300,2.236639
2002-10-16,0.20,0.23,0.20,0.20,400,1.944904
2002-10-15,0.19,0.22,0.19,0.21,1400,2.042149
2002-10-14,0.23,0.23,0.19,0.20,500,1.944904
2002-10-11,0.18,0.20,0.17,0.19,2200,1.847658
2002-10-10,0.18,0.24,0.17,0.19,12200,1.847658
2002-10-09,0.19,0.20,0.18,0.18,4000,1.750413
2002-10-08,0.21,0.22,0.17,0.18,19300,1.750413
2002-10-07,0.24,0.24,0.20,0.21,900,2.042149
2002-10-04,0.22,0.22,0.21,0.21,3900,2.042149
2002-10-03,0.21,0.22,0.21,0.22,24800,2.139394
2002-10-02,0.23,0.23,0.21,0.23,1400,2.236639
2002-10-01,0.24,0.24,0.23,0.23,2300,2.236639
2002-09-30,0.26,0.26,0.24,0.24,1500,2.333884
2002-09-27,0.28,0.28,0.27,0.27,3200,2.62562
2002-09-26,0.26,0.28,0.26,0.27,600,2.62562
2002-09-25,0.27,0.28,0.25,0.28,1000,2.722865
2002-09-24,0.25,0.25,0.24,0.24,700,2.333884
2002-09-23,0.27,0.28,0.26,0.27,900,2.62562
2002-09-20,0.20,0.24,0.20,0.24,9800,2.333884
2002-09-19,0.22,0.24,0.20,0.20,7700,1.944904
2002-09-18,0.24,0.25,0.22,0.24,1100,2.333884
2002-09-17,0.26,0.28,0.25,0.25,5900,2.43113
2002-09-16,0.25,0.27,0.25,0.26,700,2.528375
2002-09-13,0.28,0.28,0.25,0.26,800,2.528375
2002-09-12,0.27,0.27,0.26,0.27,900,2.62562
2002-09-11,0.26,0.27,0.25,0.27,1400,2.62562
2002-09-10,0.26,0.26,0.25,0.26,6200,2.528375
2002-09-09,0.27,0.28,0.25,0.27,1200,2.62562
2002-09-06,0.29,0.29,0.26,0.27,1900,2.62562
2002-09-05,0.28,0.28,0.27,0.28,500,2.722865
2002-09-04,0.29,0.29,0.27,0.29,25300,2.82011
2002-09-03,0.25,0.29,0.25,0.29,800,2.82011
2002-08-30,0.28,0.28,0.27,0.27,1400,2.62562
2002-08-29,0.27,0.28,0.26,0.28,1900,2.722865
2002-08-28,0.29,0.29,0.24,0.28,16000,2.722865
2002-08-27,0.29,0.29,0.26,0.27,14500,2.62562
2002-08-26,0.29,0.30,0.29,0.29,5000,2.82011
2002-08-23,0.30,0.30,0.27,0.29,13300,2.82011
2002-08-22,0.26,0.33,0.25,0.28,26300,2.722865
2002-08-21,0.28,0.28,0.25,0.26,12200,2.528375
2002-08-20,0.31,0.31,0.28,0.29,7100,2.82011
2002-08-19,0.35,0.36,0.30,0.31,3600,3.014601
2002-08-16,0.36,0.37,0.32,0.33,9000,3.209091
2002-08-15,0.39,0.39,0.35,0.37,10300,3.598072
2002-08-14,0.33,0.39,0.33,0.34,1100,3.306336
2002-08-13,0.35,0.40,0.35,0.36,2300,3.500826
2002-08-12,0.42,0.42,0.34,0.38,18800,3.695317
2002-08-09,0.48,0.54,0.45,0.45,7000,4.376033
2002-08-08,0.33,0.53,0.30,0.50,23900,4.862259
2002-08-07,0.30,0.33,0.29,0.33,700,3.209091
2002-08-06,0.29,0.32,0.28,0.30,700,2.917355
2002-08-05,0.30,0.30,0.28,0.29,1100,2.82011
2002-08-02,0.31,0.32,0.27,0.31,3600,3.014601
2002-08-01,0.35,0.35,0.30,0.34,1000,3.306336
2002-07-31,0.36,0.37,0.29,0.33,6000,3.209091
2002-07-30,0.31,0.31,0.27,0.30,2700,2.917355
2002-07-29,0.30,0.31,0.28,0.28,1600,2.722865
2002-07-26,0.30,0.30,0.26,0.27,4700,2.62562
2002-07-25,0.30,0.31,0.28,0.28,4000,2.722865
2002-07-24,0.33,0.33,0.27,0.30,1900,2.917355
2002-07-23,0.26,0.34,0.26,0.30,4600,2.917355
2002-07-22,0.30,0.30,0.26,0.30,1600,2.917355
2002-07-19,0.26,0.30,0.26,0.30,4900,2.917355
2002-07-18,0.26,0.34,0.26,0.34,2000,3.306336
2002-07-17,0.31,0.35,0.27,0.30,2000,2.917355
2002-07-16,0.34,0.37,0.31,0.32,2400,3.111846
2002-07-15,0.36,0.36,0.31,0.32,700,3.111846
2002-07-12,0.28,0.35,0.26,0.30,3200,2.917355
2002-07-11,0.29,0.30,0.26,0.28,4100,2.722865
2002-07-10,0.30,0.31,0.25,0.27,14900,2.62562
2002-07-09,0.33,0.33,0.30,0.30,7400,2.917355
2002-07-08,0.38,0.38,0.33,0.34,12100,3.306336
2002-07-05,0.34,0.35,0.32,0.33,2800,3.209091
2002-07-03,0.38,0.38,0.31,0.36,2900,3.500826
2002-07-02,0.33,0.39,0.29,0.33,4900,3.209091
2002-07-01,0.34,0.39,0.33,0.37,5000,3.598072
2002-06-28,0.40,0.40,0.32,0.35,6600,3.403581
2002-06-27,0.38,0.39,0.35,0.37,8600,3.598072
2002-06-26,0.35,0.38,0.30,0.38,84300,3.695317
2002-06-25,0.38,0.40,0.33,0.35,14200,3.403581
2002-06-24,0.39,0.39,0.33,0.34,2300,3.306336
2002-06-21,0.39,0.39,0.30,0.38,7400,3.695317
2002-06-20,0.37,0.39,0.31,0.32,6900,3.111846
2002-06-19,0.41,0.41,0.35,0.37,14900,3.598072
2002-06-18,0.43,0.45,0.35,0.40,11100,3.889807
2002-06-17,0.55,0.55,0.41,0.45,11400,4.376033
2002-06-14,0.50,0.58,0.43,0.47,10500,4.570523
2002-06-13,0.58,0.58,0.50,0.50,1800,4.862259
2002-06-12,0.60,0.60,0.48,0.56,2800,5.44573
2002-06-11,0.48,0.59,0.48,0.55,10600,5.348485
2002-06-10,0.48,0.50,0.45,0.48,7100,4.667769
2002-06-07,0.58,0.61,0.20,0.50,21100,4.862259
2002-06-06,0.65,0.65,0.54,0.58,4000,5.640221
2002-06-05,0.65,0.66,0.60,0.65,3600,6.320937
2002-06-04,0.65,0.65,0.58,0.63,11200,6.126447
2002-06-03,0.69,0.69,0.67,0.68,2300,6.612673
2002-05-31,0.66,0.70,0.66,0.70,5200,6.807163
2002-05-30,0.71,0.71,0.67,0.70,4400,6.807163
2002-05-29,0.74,0.74,0.71,0.71,5500,6.904408
2002-05-28,0.80,0.80,0.75,0.75,3300,7.293389
2002-05-24,0.75,0.78,0.75,0.77,1300,7.487879
2002-05-23,0.77,0.79,0.73,0.75,3100,7.293389
2002-05-22,0.80,0.80,0.75,0.77,5700,7.487879
2002-05-21,0.75,0.81,0.74,0.79,9300,7.682369
2002-05-20,0.72,0.75,0.70,0.74,5100,7.196144
2002-05-17,0.70,0.81,0.70,0.72,2600,7.001653
2002-05-16,0.80,0.80,0.64,0.71,14400,6.904408
2002-05-15,0.79,0.80,0.78,0.79,5600,7.682369
2002-05-14,0.79,0.80,0.77,0.77,6700,7.487879
2002-05-13,0.84,0.84,0.77,0.77,2300,7.487879
2002-05-10,0.80,0.80,0.74,0.76,7300,7.390634
2002-05-09,0.86,0.86,0.75,0.79,7400,7.682369
2002-05-08,0.70,0.85,0.70,0.85,18500,8.26584
2002-05-07,0.73,0.73,0.64,0.65,14700,6.320937
2002-05-06,0.79,0.79,0.70,0.75,3600,7.293389
2002-05-03,0.77,0.82,0.75,0.75,2900,7.293389
2002-05-02,0.79,0.85,0.78,0.78,4400,7.585124
2002-05-01,0.83,0.84,0.81,0.81,2100,7.87686
2002-04-30,0.85,0.85,0.82,0.83,2900,8.07135
2002-04-29,0.84,0.87,0.82,0.85,6800,8.26584
2002-04-26,0.84,0.85,0.80,0.84,13400,8.168595
2002-04-25,0.79,0.82,0.78,0.80,8900,7.779615
2002-04-24,0.81,0.81,0.78,0.79,4800,7.682369
2002-04-23,0.77,0.80,0.76,0.78,11500,7.585124
2002-04-22,0.80,0.82,0.77,0.80,8400,7.779615
2002-04-19,0.80,0.85,0.77,0.80,8700,7.779615
2002-04-18,0.79,0.85,0.77,0.78,4700,7.585124
2002-04-17,0.79,0.80,0.78,0.79,4900,7.682369
2002-04-16,0.79,0.80,0.77,0.80,5200,7.779615
2002-04-15,0.80,0.81,0.78,0.81,5900,7.87686
2002-04-12,0.78,0.80,0.76,0.80,4800,7.779615
2002-04-11,0.80,0.83,0.77,0.80,5300,7.779615
2002-04-10,0.81,0.85,0.77,0.80,5600,7.779615
2002-04-09,0.85,0.85,0.76,0.77,3700,7.487879
2002-04-08,0.80,0.80,0.76,0.79,8500,7.682369
2002-04-05,0.80,0.80,0.76,0.79,12400,7.682369
2002-04-04,0.85,0.89,0.75,0.80,25600,7.779615
2002-04-03,0.72,0.89,0.70,0.85,41800,8.26584
2002-04-02,0.69,0.69,0.65,0.69,7200,6.709918
2002-04-01,0.70,0.70,0.64,0.64,6700,6.223692
2002-03-28,0.69,0.70,0.65,0.69,3100,6.709918
2002-03-27,0.75,0.75,0.65,0.69,9900,6.709918
2002-03-26,0.72,0.78,0.70,0.70,11600,6.807163
2002-03-25,0.84,0.84,0.70,0.70,10700,6.807163
2002-03-22,0.85,0.85,0.76,0.76,8200,7.390634
2002-03-21,0.84,0.84,0.78,0.78,13500,7.585124
2002-03-20,0.85,0.90,0.80,0.82,17200,7.974105
2002-03-19,0.87,0.90,0.74,0.85,84900,8.26584
2002-03-18,1.00,1.00,0.75,0.76,30400,7.390634
2002-03-15,1.00,1.00,0.95,0.96,7200,9.335538
2002-03-14,1.03,1.03,0.95,0.99,8000,9.627273
2002-03-13,1.10,1.20,1.02,1.04,8000,10.113499
2002-03-12,1.30,1.30,1.03,1.09,8500,10.599724
2002-03-11,1.36,1.36,1.20,1.24,8000,12.058402
2002-03-08,1.23,1.40,1.23,1.26,11700,12.252893
2002-03-07,1.15,1.24,1.15,1.19,4600,11.572176
2002-03-06,1.18,1.25,1.10,1.15,11400,11.183196
2002-03-05,1.05,1.15,1.00,1.08,10800,10.50248
2002-03-04,1.60,1.60,0.96,1.02,51000,9.919008
2002-03-01,1.70,1.75,1.45,1.50,27200,14.586777
2002-02-28,1.05,1.75,1.05,1.44,48800,14.003306
2002-02-27,0.72,1.05,0.72,1.00,28300,9.724518
2002-02-26,0.70,0.70,0.65,0.69,1300,6.709918
2002-02-25,0.65,0.70,0.65,0.67,1300,6.515427
2002-02-22,0.67,0.67,0.61,0.62,500,6.029201
2002-02-21,0.58,0.65,0.58,0.61,5900,5.931956
2002-02-20,0.58,0.58,0.55,0.57,400,5.542975
2002-02-19,0.58,0.63,0.55,0.58,2200,5.640221
2002-02-15,0.61,0.65,0.56,0.60,3200,5.834711
2002-02-14,0.65,0.65,0.62,0.63,1300,6.126447
2002-02-13,0.60,0.64,0.59,0.61,3700,5.931956
2002-02-12,0.65,0.65,0.60,0.60,2400,5.834711
2002-02-11,0.60,0.64,0.55,0.64,3000,6.223692
2002-02-08,0.57,0.60,0.57,0.58,4200,5.640221
2002-02-07,0.52,0.64,0.52,0.53,4600,5.153995
2002-02-06,0.60,0.61,0.50,0.55,2300,5.348485
2002-02-05,0.55,0.59,0.48,0.59,8900,5.737466
2002-02-04,0.71,0.71,0.57,0.58,7000,5.640221
2002-02-01,0.58,0.68,0.50,0.59,15400,5.737466
2002-01-31,0.56,0.64,0.54,0.55,12800,5.348485
2002-01-30,0.60,0.60,0.55,0.56,2400,5.44573
2002-01-29,0.60,0.64,0.56,0.60,5400,5.834711
2002-01-28,0.70,0.70,0.55,0.60,7200,5.834711
2002-01-25,0.69,0.69,0.63,0.63,1500,6.126447
2002-01-24,0.69,0.69,0.62,0.69,8500,6.709918
2002-01-23,0.72,0.72,0.66,0.68,4200,6.612673
2002-01-22,0.70,0.72,0.68,0.70,6600,6.807163
2002-01-18,0.70,0.71,0.65,0.70,5500,6.807163
2002-01-17,0.73,0.79,0.66,0.70,17600,6.807163
2002-01-16,0.74,0.74,0.65,0.70,7000,6.807163
2002-01-15,0.85,0.85,0.68,0.71,16400,6.904408
2002-01-14,0.98,0.98,0.68,0.85,10500,8.26584
2002-01-11,0.83,0.98,0.76,0.90,9200,8.752066
2002-01-10,0.80,0.90,0.73,0.78,11400,7.585124
2002-01-09,1.20,1.25,0.70,0.85,24700,8.26584
2002-01-08,0.80,1.25,0.80,1.10,32000,10.69697
2002-01-07,0.59,0.79,0.55,0.79,11200,7.682369
2002-01-04,0.58,0.59,0.51,0.59,5900,5.737466
2002-01-03,0.47,0.50,0.43,0.50,9700,4.862259
2002-01-02,0.45,0.49,0.42,0.42,2300,4.084297
2001-12-31,0.42,0.47,0.42,0.42,15300,4.084297
2001-12-28,0.47,0.49,0.42,0.43,10900,4.181543
2001-12-27,0.41,0.45,0.37,0.45,14600,4.376033
2001-12-26,0.36,0.45,0.36,0.42,17200,4.084297
2001-12-24,0.48,0.48,0.36,0.36,15000,3.500826
2001-12-21,0.40,0.49,0.36,0.38,25200,3.695317
2001-12-20,0.38,0.43,0.37,0.38,4300,3.695317
2001-12-19,0.39,0.42,0.35,0.37,9400,3.598072
2001-12-18,0.30,0.38,0.30,0.37,12800,3.598072
2001-12-17,0.34,0.37,0.27,0.27,10900,2.62562
2001-12-14,0.38,0.42,0.37,0.38,4400,3.695317
2001-12-13,0.38,0.40,0.34,0.35,11900,3.403581
2001-12-12,0.43,0.45,0.37,0.38,7800,3.695317
2001-12-11,0.40,0.45,0.38,0.44,11500,4.278788
2001-12-10,0.44,0.46,0.39,0.40,9800,3.889807
2001-12-07,0.49,0.50,0.42,0.45,15800,4.376033
2001-12-06,0.45,0.49,0.42,0.49,14100,4.765014
2001-12-05,0.42,0.49,0.41,0.43,29500,4.181543
2001-12-04,1.35,1.35,0.36,0.41,75900,3.987052
2001-12-03,1.43,1.43,1.36,1.36,8800,13.225345
2001-11-30,1.44,1.59,1.43,1.45,5700,14.100551
2001-11-29,1.59,1.59,1.43,1.43,4800,13.906061
2001-11-28,1.49,1.59,1.43,1.55,9300,15.073003
2001-11-27,1.50,1.55,1.43,1.43,3300,13.906061
2001-11-26,1.45,1.53,1.40,1.50,14600,14.586777
2001-11-23,1.50,1.55,1.43,1.47,1300,14.295042
2001-11-21,1.49,1.49,1.43,1.49,400,14.489532
2001-11-20,1.35,1.50,1.35,1.44,6400,14.003306
2001-11-19,1.48,1.48,1.35,1.37,3000,13.32259
2001-11-16,1.40,1.48,1.35,1.41,9000,13.711571
2001-11-15,1.34,1.40,1.25,1.39,5600,13.51708
2001-11-14,1.26,1.34,1.22,1.26,4400,12.252893
2001-11-13,1.35,1.35,1.22,1.29,6200,12.544628
2001-11-12,1.26,1.30,1.22,1.29,3400,12.544628
2001-11-09,1.32,1.32,1.26,1.26,2200,12.252893
2001-11-08,1.27,1.55,1.27,1.29,6700,12.544628
2001-11-07,1.28,1.29,1.26,1.26,1300,12.252893
2001-11-06,1.30,1.45,1.25,1.30,3700,12.641874
2001-11-05,1.40,1.40,1.35,1.35,2400,13.1281
2001-11-02,1.50,1.55,1.40,1.40,3900,13.614325
2001-11-01,1.50,1.50,1.41,1.50,1200,14.586777
2001-10-31,1.48,1.55,1.40,1.45,4900,14.100551
2001-10-30,1.30,1.48,1.20,1.30,9500,12.641874
2001-10-29,1.28,1.28,1.15,1.22,3700,11.863912
2001-10-26,1.30,1.30,1.25,1.28,1700,12.447383
2001-10-25,1.34,1.34,1.29,1.30,2200,12.641874
2001-10-24,1.31,1.39,1.30,1.36,1700,13.225345
2001-10-23,1.40,1.40,1.26,1.26,1500,12.252893
2001-10-22,1.25,1.39,1.20,1.30,1400,12.641874
2001-10-19,1.40,1.48,1.30,1.31,2500,12.739119
2001-10-18,1.41,1.47,1.35,1.35,1400,13.1281
2001-10-17,1.46,1.55,1.30,1.37,3400,13.32259
2001-10-16,1.45,1.55,1.35,1.55,2700,15.073003
2001-10-15,1.35,1.55,1.27,1.40,4100,13.614325
2001-10-12,1.33,1.43,1.25,1.35,4700,13.1281
2001-10-11,1.20,1.45,1.20,1.33,11300,12.933609
2001-10-10,1.25,1.25,1.15,1.17,6800,11.377686
2001-10-09,1.48,1.48,1.20,1.29,7100,12.544628
2001-10-08,1.50,1.60,1.44,1.48,2300,14.392287
2001-10-05,1.60,1.60,1.53,1.57,300,15.267493
2001-10-04,1.69,1.69,1.50,1.55,3400,15.073003
2001-10-03,1.65,1.70,1.51,1.65,3200,16.045455
2001-10-02,1.69,1.69,1.56,1.56,1000,15.170249
2001-10-01,1.68,1.75,1.55,1.65,1200,16.045455
2001-09-28,1.75,1.80,1.67,1.67,5200,16.239946
2001-09-27,1.76,1.77,1.65,1.70,2400,16.531681
2001-09-26,1.69,1.79,1.62,1.66,1800,16.142701
2001-09-25,1.80,1.85,1.60,1.69,4900,16.434435
2001-09-24,1.40,1.70,1.30,1.70,7500,16.531681
2001-09-21,1.70,1.70,1.26,1.42,13300,13.808816
2001-09-20,2.10,2.15,1.77,1.77,6100,17.212398
2001-09-19,2.00,2.10,1.80,1.95,24900,18.962811
2001-09-18,1.45,1.99,1.40,1.75,17300,17.017907
2001-09-17,1.20,1.50,1.10,1.30,10600,12.641874
2001-09-10,1.10,1.40,1.10,1.27,4800,12.350138
2001-09-07,1.05,1.15,1.05,1.15,5300,11.183196
2001-09-06,1.19,1.20,1.02,1.12,3800,10.89146
2001-09-05,1.05,1.17,1.05,1.10,14300,10.69697
2001-09-04,1.20,1.29,1.08,1.14,9000,11.08595
2001-08-31,1.19,1.30,1.19,1.30,2500,12.641874
2001-08-30,1.22,1.35,1.19,1.29,3700,12.544628
2001-08-29,1.41,1.55,1.35,1.42,3700,13.808816
2001-08-28,1.50,1.50,1.40,1.50,3100,14.586777
2001-08-27,1.45,1.55,1.40,1.55,1800,15.073003
2001-08-24,1.50,1.59,1.43,1.55,2100,15.073003
2001-08-23,1.45,1.50,1.42,1.45,4600,14.100551
2001-08-22,1.55,1.60,1.43,1.55,1000,15.073003
2001-08-21,1.66,1.66,1.51,1.61,5000,15.656475
2001-08-20,1.55,1.61,1.50,1.61,5200,15.656475
2001-08-17,1.65,1.67,1.45,1.65,6300,16.045455
2001-08-16,1.76,1.76,1.55,1.69,6900,16.434435
2001-08-15,1.95,1.95,1.76,1.82,2400,17.698624
2001-08-14,1.76,1.90,1.76,1.90,1200,18.476585
2001-08-13,1.81,1.95,1.80,1.80,1800,17.504133
2001-08-10,1.87,1.99,1.76,1.76,3600,17.115152
2001-08-09,1.90,1.90,1.77,1.80,2800,17.504133
2001-08-08,2.00,2.00,1.85,1.85,2700,17.990359
2001-08-07,2.08,2.09,1.98,2.00,4800,19.449036
2001-08-06,2.00,2.10,2.00,2.09,1300,20.324243
2001-08-03,2.09,2.10,2.00,2.10,2100,20.421488
2001-08-02,2.00,2.15,1.96,2.05,7800,19.935262
2001-08-01,2.00,2.00,1.95,1.99,2600,19.351791
2001-07-31,1.90,2.00,1.90,2.00,12900,19.449036
2001-07-30,1.91,1.95,1.83,1.95,5400,18.962811
2001-07-27,1.95,1.95,1.86,1.90,1200,18.476585
2001-07-26,1.86,1.90,1.80,1.85,2600,17.990359
2001-07-25,2.00,2.00,1.85,1.86,6700,18.087604
2001-07-24,2.00,2.00,1.90,1.91,6900,18.57383
2001-07-23,1.97,2.00,1.90,1.94,2200,18.865565
2001-07-20,2.00,2.00,1.90,1.95,6000,18.962811
2001-07-19,2.10,2.15,1.95,2.00,8300,19.449036
2001-07-18,2.15,2.15,2.00,2.00,15900,19.449036
2001-07-17,2.14,2.15,2.05,2.11,4700,20.518734
2001-07-16,2.11,2.15,2.05,2.15,8400,20.907714
2001-07-13,2.15,2.20,2.10,2.15,3300,20.907714
2001-07-12,2.10,2.15,2.09,2.13,6200,20.713223
2001-07-11,2.20,2.20,2.05,2.05,9900,19.935262
2001-07-10,2.25,2.25,2.20,2.22,1400,21.588431
2001-07-09,2.35,2.35,2.25,2.25,2600,21.880166
2001-07-06,2.35,2.35,2.25,2.25,3800,21.880166
2001-07-05,2.49,2.49,2.30,2.35,8900,22.852618
2001-07-03,2.60,2.75,2.55,2.57,3700,24.992013
2001-07-02,2.30,2.75,2.30,2.60,9500,25.283747
2001-06-29,2.65,2.99,2.10,2.10,33800,20.421488
2001-06-28,2.50,2.65,2.50,2.65,4500,25.769973
2001-06-27,2.30,2.58,2.30,2.45,6100,23.82507
2001-06-26,2.50,2.65,2.45,2.48,6000,24.116804
2001-06-25,2.74,2.74,2.50,2.50,7000,24.311296
2001-06-22,2.75,2.89,2.69,2.74,9900,26.64518
2001-06-21,2.99,2.99,2.72,2.75,6600,26.742425
2001-06-20,2.80,2.99,2.70,2.97,5000,28.88182
2001-06-19,2.90,2.99,2.69,2.76,4500,26.839671
2001-06-18,2.79,2.95,2.75,2.95,2800,28.687329
2001-06-15,2.80,2.85,2.70,2.71,6500,26.353445
2001-06-14,2.90,2.99,2.68,2.89,7700,28.103857
2001-06-13,3.10,3.10,2.86,3.00,5000,29.173555
2001-06-12,3.10,3.29,2.96,3.10,6000,30.146006
2001-06-11,3.25,3.25,3.19,3.19,3300,31.021213
2001-06-08,3.34,3.34,3.00,3.20,4900,31.118458
2001-06-07,3.10,3.32,3.10,3.29,5100,31.993666
2001-06-06,3.43,3.44,3.10,3.10,6000,30.146006
2001-06-05,2.95,3.44,2.95,3.38,10300,32.868871
2001-06-04,2.87,3.10,2.61,2.95,7400,28.687329
2001-06-01,3.00,3.01,2.66,2.77,19500,26.936916
2001-05-31,3.05,3.22,2.95,3.00,18500,29.173555
2001-05-30,3.20,3.39,3.15,3.15,5700,30.632232
2001-05-29,3.35,3.40,3.13,3.20,6800,31.118458
2001-05-25,3.32,3.40,3.11,3.25,8900,31.604684
2001-05-24,3.30,3.40,3.20,3.20,7400,31.118458
2001-05-23,3.66,3.80,3.20,3.20,13900,31.118458
2001-05-22,3.25,3.70,3.25,3.56,12300,34.619283
2001-05-21,3.08,3.24,3.08,3.19,3600,31.021213
2001-05-18,3.10,3.20,3.01,3.02,3700,29.368046
2001-05-17,3.02,3.20,3.02,3.09,7300,30.048761
2001-05-16,3.25,3.25,3.01,3.01,7300,29.2708
2001-05-15,3.20,3.30,3.15,3.30,4000,32.09091
2001-05-14,3.35,3.35,3.10,3.20,7500,31.118458
2001-05-11,3.70,3.70,3.35,3.35,4500,32.577136
2001-05-10,3.90,3.94,3.52,3.60,6400,35.008266
2001-05-09,3.84,3.95,3.83,3.85,2700,37.439395
2001-05-08,3.90,3.99,3.82,3.88,3200,37.73113
2001-05-07,3.80,4.02,3.80,3.85,4500,37.439395
2001-05-04,3.74,3.95,3.74,3.89,2500,37.828377
2001-05-03,3.95,3.95,3.76,3.85,2400,37.439395
2001-05-02,3.63,4.00,3.58,3.96,4900,38.509091
2001-05-01,3.80,3.84,3.55,3.68,5800,35.786226
2001-04-30,4.20,4.20,3.82,3.90,4900,37.925621
2001-04-27,4.45,4.49,4.10,4.20,7300,40.842976
2001-04-26,4.50,4.50,4.25,4.35,11900,42.301654
2001-04-25,4.15,4.49,4.05,4.45,22100,43.274106
2001-04-24,3.60,3.95,3.52,3.95,15800,38.411847
2001-04-23,4.45,4.45,3.51,3.52,13000,34.230305
2001-04-20,4.50,4.95,4.10,4.30,28200,41.815428
2001-04-19,3.15,4.73,3.15,4.04,44500,39.287055
2001-04-18,2.28,3.25,2.28,3.07,29100,29.854272
2001-04-17,2.26,2.30,2.10,2.18,8400,21.199449
2001-04-16,2.44,2.55,2.25,2.27,6800,22.074657
2001-04-12,2.21,2.41,2.21,2.35,1900,22.852618
2001-04-11,2.57,2.57,2.21,2.21,2500,21.491186
2001-04-10,2.41,2.75,2.40,2.42,3800,23.533335
2001-04-09,2.55,2.69,2.40,2.40,1700,23.338844
2001-04-06,2.24,2.39,2.20,2.39,1200,23.241598
2001-04-05,2.31,2.45,2.15,2.25,3200,21.880166
2001-04-04,2.50,2.65,2.21,2.21,4700,21.491186
2001-04-03,2.60,2.60,2.30,2.35,3700,22.852618
2001-04-02,2.45,2.65,2.45,2.60,1200,25.283747
2001-03-30,2.84,2.84,2.50,2.50,5900,24.311296
2001-03-29,2.85,2.85,2.75,2.75,2000,26.742425
2001-03-28,2.96,2.99,2.78,2.84,3600,27.617631
2001-03-27,2.95,3.04,2.70,2.86,2700,27.812122
2001-03-26,3.00,3.20,2.95,2.95,1800,28.687329
2001-03-23,2.70,3.00,2.70,3.00,6600,29.173555
2001-03-22,2.99,2.99,2.50,2.70,8600,26.256199
2001-03-21,2.99,3.00,2.81,2.95,2800,28.687329
2001-03-20,3.15,3.15,2.90,2.95,3100,28.687329
2001-03-19,3.40,3.50,3.10,3.15,9500,30.632232
2001-03-16,3.42,3.42,3.10,3.40,12100,33.063362
2001-03-15,3.50,3.62,3.30,3.32,1600,32.285401
2001-03-14,3.40,3.65,3.20,3.40,5000,33.063362
2001-03-13,3.35,3.45,3.25,3.45,4000,33.549588
2001-03-12,3.45,3.49,3.25,3.25,4000,31.604684
2001-03-09,3.77,3.77,3.51,3.55,1700,34.52204
2001-03-08,3.90,3.94,3.70,3.77,3100,36.661434
2001-03-07,4.00,4.17,3.75,3.80,8500,36.953169
2001-03-06,4.10,4.10,3.80,3.95,11200,38.411847
2001-03-05,3.80,4.20,3.80,3.90,3100,37.925621
2001-03-02,3.26,3.85,3.25,3.75,2500,36.466943
2001-03-01,3.35,3.35,3.20,3.20,1000,31.118458
2001-02-28,3.70,3.76,3.20,3.38,2300,32.868871
2001-02-27,3.80,3.98,3.70,3.70,2100,35.980717
2001-02-26,3.56,3.80,3.50,3.80,1800,36.953169
2001-02-23,3.52,3.55,3.31,3.55,3700,34.52204
2001-02-22,3.81,3.81,3.40,3.52,2900,34.230305
2001-02-21,4.00,4.00,3.75,3.85,2600,37.439395
2001-02-20,4.00,4.00,3.85,3.95,1700,38.411847
2001-02-16,4.20,4.20,3.85,3.95,1900,38.411847
2001-02-15,3.95,4.64,3.95,4.21,14000,40.94022
2001-02-14,4.00,4.01,3.80,4.00,1200,38.898073
2001-02-13,4.30,4.60,4.00,4.06,5900,39.481542
2001-02-12,3.99,4.27,3.85,4.25,2400,41.329202
2001-02-09,4.00,4.10,3.61,3.80,3900,36.953169
2001-02-08,4.60,4.60,4.10,4.10,4400,39.870525
2001-02-07,4.80,5.00,4.25,4.70,9300,45.705236
2001-02-06,4.90,5.28,4.75,4.90,3400,47.650139
2001-02-05,4.65,4.79,4.57,4.70,1700,45.705236
2001-02-02,5.05,5.10,4.55,4.65,4300,45.21901
2001-02-01,5.44,5.44,5.02,5.09,4100,49.497799
2001-01-31,5.65,5.75,5.45,5.45,2900,52.998624
2001-01-30,5.79,5.79,5.36,5.57,4500,54.165567
2001-01-29,6.12,6.12,5.64,5.72,2800,55.624245
2001-01-26,5.65,6.20,5.36,6.05,5800,58.833335
2001-01-25,6.50,6.50,5.30,5.65,17300,54.943528
2001-01-24,8.00,8.10,5.86,6.61,29900,64.279064
2001-01-23,7.35,8.20,7.30,7.98,23400,77.601658
2001-01-22,6.45,7.70,6.45,7.25,19600,70.502757
2001-01-19,5.60,6.50,5.50,6.25,14500,60.778239
2001-01-18,5.05,5.44,5.05,5.44,5000,52.901381
2001-01-17,4.69,5.40,4.60,5.00,9900,48.622591
2001-01-16,4.50,4.70,4.50,4.60,3300,44.732784
2001-01-12,4.55,4.70,4.40,4.50,2800,43.760332
2001-01-11,3.95,4.75,3.95,4.48,5900,43.565841
2001-01-10,3.70,3.90,3.55,3.90,2700,37.925621
2001-01-09,3.60,3.90,3.30,3.65,4300,35.494491
2001-01-08,4.09,4.09,3.50,3.50,5600,34.035814
2001-01-05,3.70,4.05,3.51,4.05,10000,39.384299
2001-01-04,4.00,4.00,3.66,3.66,7400,35.591735
2001-01-03,2.65,3.95,2.60,3.84,15500,37.342151
2001-01-02,2.22,2.70,2.06,2.60,6300,25.283747
2000-12-29,2.21,2.29,2.10,2.12,22500,20.615979
2000-12-28,1.97,2.30,1.97,2.30,20600,22.366392
2000-12-27,2.25,2.32,1.95,2.04,14800,19.838017
2000-12-26,2.44,2.55,1.95,2.20,23700,21.39394
2000-12-22,2.15,2.90,2.15,2.44,9500,23.727824
2000-12-21,2.85,2.85,2.10,2.20,10100,21.39394
2000-12-20,3.10,3.10,2.50,2.65,12300,25.769973
2000-12-19,3.20,3.30,3.05,3.10,5800,30.146006
2000-12-18,3.30,3.50,3.01,3.28,6800,31.896419
2000-12-15,3.60,3.60,3.00,3.30,8000,32.09091
2000-12-14,4.05,4.10,3.62,3.62,5900,35.202757
2000-12-13,3.85,4.45,3.76,3.85,10200,37.439395
2000-12-12,2.95,3.70,2.95,3.70,12000,35.980717
2000-12-11,3.00,3.15,2.95,2.95,10900,28.687329
2000-12-08,3.60,3.85,3.20,3.35,7300,32.577136
2000-12-07,3.85,3.85,3.50,3.50,4100,34.035814
2000-12-06,3.60,3.95,3.53,3.65,4000,35.494491
2000-12-05,3.55,3.85,3.53,3.69,5700,35.883474
2000-12-04,3.95,4.10,3.40,3.48,7800,33.841323
2000-12-01,3.33,4.40,3.33,3.90,13400,37.925621
2000-11-30,3.95,3.95,2.55,3.23,21900,31.410193
2000-11-29,4.75,4.80,4.00,4.00,16900,38.898073
2000-11-28,5.36,5.36,4.85,5.00,8100,48.622591
2000-11-27,6.38,6.40,5.35,5.60,7100,54.457302
2000-11-24,5.55,6.38,5.55,6.38,3200,62.042425
2000-11-22,6.08,6.15,5.45,5.55,7000,53.971076
2000-11-21,6.25,6.50,6.05,6.06,5600,58.930579
2000-11-20,6.88,7.00,6.05,6.30,6800,61.264465
2000-11-17,7.10,7.10,6.70,7.03,3400,68.363366
2000-11-16,7.50,7.50,6.91,7.00,5500,68.071627
2000-11-15,7.35,7.55,7.25,7.40,4200,71.961435
2000-11-14,7.35,7.95,7.35,7.40,5700,71.961435
2000-11-13,7.90,7.90,7.10,7.28,6600,70.794496
2000-11-10,7.76,8.20,7.60,8.05,5900,78.282372
2000-11-09,8.16,8.18,7.75,7.90,7800,76.823694
2000-11-08,8.21,8.25,8.15,8.16,1800,79.352067
2000-11-07,8.35,8.38,8.25,8.26,5200,80.324519
2000-11-06,8.55,8.55,8.32,8.40,4600,81.685953
2000-11-03,8.75,8.90,8.75,8.82,900,85.770248
2000-11-02,8.60,8.80,8.50,8.80,2800,85.57576
2000-11-01,8.70,8.75,8.35,8.50,4000,82.658405
2000-10-31,8.81,9.15,8.65,8.65,2800,84.117082
2000-10-30,8.70,8.93,8.65,8.80,1400,85.57576
2000-10-27,8.16,8.92,8.16,8.61,7700,83.7281
2000-10-26,8.55,8.60,8.15,8.29,6200,80.616257
2000-10-25,9.05,9.05,8.42,8.45,6900,82.172179
2000-10-24,9.60,9.65,9.05,9.15,1700,88.979342
2000-10-23,9.25,9.50,9.14,9.50,2400,92.382923
2000-10-20,9.65,9.65,9.21,9.25,2600,89.951793
2000-10-19,9.49,9.65,9.05,9.65,7800,93.841601
2000-10-18,8.95,9.55,8.50,9.49,7800,92.285679
2000-10-17,9.40,9.48,8.70,8.95,4100,87.034438
2000-10-16,9.08,9.40,9.00,9.40,5300,91.410471
2000-10-13,8.30,9.75,8.25,9.00,7600,87.520664
2000-10-12,9.20,9.50,8.20,8.30,5100,80.713501
2000-10-11,8.25,9.40,7.95,9.40,9000,91.410471
2000-10-10,8.50,8.50,8.01,8.30,2400,80.713501
2000-10-09,8.38,8.38,8.15,8.35,2700,81.199727
2000-10-06,8.57,8.57,8.38,8.38,2600,81.491466
2000-10-05,8.76,8.76,8.50,8.56,2100,83.241874
2000-10-04,9.05,9.05,8.25,8.76,7900,85.186778
2000-10-03,9.80,9.90,8.75,9.00,5200,87.520664
2000-10-02,11.50,12.01,9.10,9.75,12900,94.814053
2000-09-29,9.85,12.00,9.73,10.74,22800,104.441327
2000-09-28,8.20,9.90,8.10,9.70,6300,94.327827
2000-09-27,8.01,8.25,7.90,7.97,3100,77.504407
2000-09-26,8.98,8.98,8.00,8.11,5700,78.865841
2000-09-25,8.31,8.90,8.15,8.90,8300,86.548212
2000-09-22,8.00,8.35,7.90,8.35,5500,81.199727
2000-09-21,8.30,8.45,8.00,8.05,2800,78.282372
2000-09-20,8.30,8.40,8.18,8.30,2800,80.713501
2000-09-19,8.45,8.45,8.00,8.19,7000,79.643806
2000-09-18,9.00,9.00,8.20,8.65,3300,84.117082
2000-09-15,8.70,9.30,8.45,9.08,6100,88.298628
2000-09-14,8.95,9.10,8.70,8.80,2400,85.57576
2000-09-13,9.02,9.25,8.54,9.00,3300,87.520664
2000-09-12,9.30,9.33,9.01,9.03,2900,87.812402
2000-09-11,9.20,9.55,9.15,9.30,2200,90.438019
2000-09-08,9.25,9.25,9.00,9.11,3200,88.590359
2000-09-07,9.09,9.25,9.02,9.25,2600,89.951793
2000-09-06,9.45,9.45,9.01,9.09,6600,88.395872
2000-09-05,9.45,10.15,9.40,9.56,4900,92.966393
2000-09-01,9.65,9.74,9.50,9.51,4800,92.480167
2000-08-31,10.75,10.85,9.50,9.69,10100,94.230583
2000-08-30,10.75,11.25,10.70,10.70,4600,104.052345
2000-08-29,10.00,11.00,9.80,10.50,7100,102.107441
2000-08-28,8.85,9.70,8.80,9.66,4600,93.938844
2000-08-25,8.875,9.00,8.75,8.75,2100,85.089534
2000-08-24,9.25,9.25,8.75,9.00,2900,87.520664
2000-08-23,9.625,9.625,8.75,9.00,2900,87.520664
2000-08-22,9.9375,10.4375,9.50,9.625,1900,93.598488
2000-08-21,10.875,10.875,9.75,9.75,5700,94.814053
2000-08-18,11.375,12.4375,11.25,11.25,5100,109.40083
2000-08-17,10.375,12.00,10.375,11.125,17100,108.185265
2000-08-16,8.50,10.50,8.50,10.125,9200,98.460747
2000-08-15,8.00,8.50,8.00,8.4375,7600,82.050622
2000-08-14,8.0625,8.25,8.0625,8.0625,3400,78.403928
2000-08-11,8.1875,8.25,7.9375,8.0625,1800,78.403928
2000-08-10,8.375,8.375,8.00,8.1875,1900,79.619493
2000-08-09,7.9375,8.25,7.9375,8.25,4700,80.227275
2000-08-08,8.00,8.375,7.875,8.00,4000,77.796146
2000-08-07,7.875,8.25,7.8125,8.00,8300,77.796146
2000-08-04,8.125,8.375,7.8125,7.9375,10900,77.188363
2000-08-03,8.375,8.4375,7.875,7.875,8100,76.580581
2000-08-02,8.5625,8.5625,8.00,8.375,4000,81.44284
2000-08-01,9.00,9.0625,8.50,8.625,12100,83.87397
2000-07-31,9.50,9.5625,9.125,9.25,7300,89.951793
2000-07-28,9.625,9.6875,9.50,9.5625,3200,92.990705
2000-07-27,10.00,10.00,9.75,9.75,3700,94.814053
2000-07-26,10.25,10.25,9.375,10.00,10000,97.245182
2000-07-25,10.625,10.625,10.125,10.1875,3900,99.068529
2000-07-24,10.25,10.6875,10.00,10.50,3600,102.107441
2000-07-21,10.8125,10.9375,10.00,10.00,5500,97.245182
2000-07-20,10.875,10.875,10.50,10.6875,3300,103.930788
2000-07-19,11.0625,11.125,10.8125,10.875,3600,105.754135
2000-07-18,11.1875,11.375,10.8125,10.9375,5900,106.361918
2000-07-17,10.75,11.25,10.625,11.0625,7000,107.577483
2000-07-14,11.0625,11.0625,10.3125,10.6875,9700,103.930788
2000-07-13,11.375,11.75,11.125,11.1875,10000,108.793047
2000-07-12,11.875,11.875,11.625,11.6875,7600,113.655307
2000-07-11,11.875,12.1875,11.6875,11.875,10000,115.478654
2000-07-10,12.875,12.875,12.1875,12.3125,7700,119.73313
2000-07-07,12.625,13.00,12.50,13.00,4700,126.418737
2000-07-06,12.8125,12.875,12.50,12.625,5600,122.772042
2000-07-05,13.125,13.125,12.25,12.625,9800,122.772042
2000-07-03,13.00,13.00,12.8125,13.00,4300,126.418737
2000-06-30,13.9375,14.25,12.8125,12.8125,48800,124.59539
2000-06-29,11.125,13.00,11.00,12.9375,14100,125.810954
2000-06-28,11.0625,11.50,10.9375,11.00,20000,106.9697
2000-06-27,9.8125,11.4375,9.625,11.00,20200,106.9697
2000-06-26,8.75,10.375,8.75,9.75,9900,94.814053
2000-06-23,8.75,8.875,8.50,8.75,6200,85.089534
2000-06-22,9.00,9.00,8.875,8.875,3900,86.305099
2000-06-21,9.00,9.00,8.8125,9.00,5300,87.520664
2000-06-20,8.8125,9.00,8.75,8.9375,5300,86.912881
2000-06-19,8.9375,9.00,8.6875,8.6875,7200,84.481752
2000-06-16,9.125,9.25,8.75,8.75,6700,85.089534
2000-06-15,9.4375,9.625,9.00,9.125,6000,88.736229
2000-06-14,9.625,9.6875,9.375,9.375,5200,91.167358
2000-06-13,10.00,10.00,9.625,9.6875,3600,94.20627
2000-06-12,9.0625,10.50,8.875,10.0625,9300,97.852964
2000-06-09,9.00,9.3125,8.8125,9.0625,9300,88.128446
2000-06-08,9.6875,9.6875,9.00,9.0625,11800,88.128446
2000-06-07,10.125,10.125,9.625,9.8125,6000,95.421835
2000-06-06,10.4375,10.625,10.00,10.25,9300,99.676312
2000-06-05,10.50,10.75,10.125,10.375,10300,100.891876
2000-06-02,10.25,10.6875,10.00,10.50,9200,102.107441
2000-06-01,9.25,10.75,9.25,10.00,9700,97.245182
2000-05-31,9.5625,9.8125,9.00,9.125,6700,88.736229
2000-05-30,8.75,10.125,8.50,9.5625,9800,92.990705
2000-05-26,9.625,9.875,8.3125,8.50,11100,82.658405
2000-05-25,9.375,10.00,9.25,9.625,5600,93.598488
2000-05-24,11.125,11.25,8.75,9.4375,16500,91.775141
2000-05-23,11.25,11.50,11.00,11.125,5400,108.185265
2000-05-22,11.9375,11.9375,11.125,11.25,9400,109.40083
2000-05-19,12.6875,12.6875,11.75,12.00,9200,116.694218
2000-05-18,13.375,13.75,12.25,12.625,12100,122.772042
2000-05-17,12.00,13.3125,11.875,13.1875,9900,128.242084
2000-05-16,11.875,12.625,11.75,12.0625,7800,117.302001
2000-05-15,12.4375,12.50,11.8125,11.875,6500,115.478654
2000-05-12,12.50,12.50,12.25,12.4375,5300,120.948695
2000-05-11,12.4375,13.00,12.375,12.375,6000,120.340913
2000-05-10,13.375,13.4375,12.125,12.375,12000,120.340913
2000-05-09,14.125,14.4375,13.50,13.5625,7900,131.888778
2000-05-08,14.0625,14.375,13.9375,14.00,6100,136.143255
2000-05-05,14.625,15.00,14.0625,14.375,12400,139.789949
2000-05-04,13.50,14.6875,13.50,14.6875,14100,142.828861
2000-05-03,13.8125,13.8125,13.00,13.375,5800,130.065431
2000-05-02,14.00,14.125,13.625,13.8125,8800,134.319908
2000-05-01,14.00,14.6875,13.75,13.875,19300,134.92769
2000-04-28,12.125,13.0625,11.6875,13.0625,17000,127.026519
2000-04-27,11.50,12.00,11.00,11.75,21500,114.263089
2000-04-26,13.375,13.375,11.75,12.125,16000,117.909783
2000-04-25,13.9375,14.25,13.125,13.375,15800,130.065431
2000-04-24,14.00,14.0625,13.50,13.875,18700,134.92769
2000-04-20,14.6875,14.75,13.75,14.00,16500,136.143255
2000-04-19,14.3125,14.625,13.8125,14.25,34000,138.574384
2000-04-18,13.0625,14.50,13.00,13.50,46300,131.280996
2000-04-17,15.50,15.50,12.75,13.125,40800,127.634301
2000-04-14,18.00,18.125,15.75,15.9375,33500,154.984509
2000-04-13,18.0625,18.50,17.25,18.00,23300,175.041328
2000-04-12,19.75,19.9375,17.50,17.75,34300,172.610198
2000-04-11,19.4375,19.75,18.625,19.50,24800,189.628105
2000-04-10,21.125,21.75,20.00,20.125,84500,195.705929
2000-04-07,19.0625,20.125,19.0625,20.0625,43300,195.098146
2000-04-06,18.00,19.125,18.00,18.6875,48400,181.726934
2000-04-05,17.9375,18.00,16.125,17.75,47800,172.610198
2000-04-04,20.4375,20.75,15.00,18.25,60500,177.472457
2000-04-03,22.00,22.875,20.125,20.25,46000,196.921494
2000-03-31,19.75,21.125,19.75,20.8125,27800,202.391535
2000-03-30,20.00,20.8125,19.0625,19.50,19900,189.628105
2000-03-29,22.625,22.875,20.5625,20.625,19400,200.568188
2000-03-28,21.75,23.4375,21.6875,22.9375,36800,223.056136
2000-03-27,21.25,21.625,21.0625,21.5625,16300,209.684924
2000-03-24,19.9375,21.625,19.75,21.125,31200,205.430447
2000-03-23,20.00,20.0625,19.375,19.75,16100,192.059235
2000-03-22,21.9375,22.00,19.75,20.25,30300,196.921494
2000-03-21,23.00,23.875,19.25,21.75,86700,211.508271
2000-03-20,21.25,22.875,21.25,22.625,103800,220.017224
2000-03-17,18.25,20.4375,18.125,20.125,116200,195.705929
2000-03-16,19.00,20.625,17.00,18.25,15300,177.472457
2000-03-15,13.25,17.25,11.00,17.00,13400,165.316809
2000-03-14,13.375,13.375,11.00,11.125,1300,108.185265
2000-03-13,14.00,14.00,13.50,13.50,200,131.280996
2000-03-10,13.00,15.00,13.00,15.00,000,145.867773
2000-03-09,13.375,13.375,13.00,13.375,300,130.065431
2000-03-08,13.0625,13.0625,12.9375,12.9375,100,125.810954
2000-03-07,13.00,13.00,13.00,13.00,000,126.418737
2000-03-06,12.75,13.00,12.75,13.00,000,126.418737
2000-03-03,11.00,11.125,11.00,11.125,200,108.185265
2000-03-02,11.75,11.75,11.75,11.75,000,114.263089
2000-03-01,11.625,11.75,11.625,11.75,100,114.263089
2000-02-29,11.75,11.875,11.75,11.875,100,115.478654
2000-02-28,11.75,11.8125,11.75,11.8125,200,114.870871
2000-02-25,11.75,15.00,11.75,14.9375,500,145.259991
2000-02-24,10.9375,11.00,10.9375,11.00,100,106.9697
2000-02-23,10.125,10.375,10.125,10.375,400,100.891876
2000-02-22,9.50,9.5625,9.50,9.5625,100,92.990705
2000-02-18,9.6875,9.75,9.6875,9.75,200,94.814053
2000-02-17,9.75,9.75,9.6875,9.6875,300,94.20627
2000-02-16,9.5625,9.75,9.5625,9.75,200,94.814053
2000-02-15,10.00,10.00,9.9375,9.9375,100,96.6374
2000-02-14,8.4375,10.00,8.4375,10.00,000,97.245182
2000-02-11,7.875,7.875,7.8125,7.8125,100,75.972798
2000-02-10,7.75,7.75,7.75,7.75,000,75.365016
2000-02-09,7.6875,7.75,7.6875,7.75,000,75.365016
2000-02-08,7.6875,7.75,7.6875,7.75,000,75.365016
2000-02-07,7.75,7.75,7.6875,7.6875,000,74.757234
2000-02-04,7.6875,7.75,7.6875,7.75,000,75.365016
2000-02-03,7.6875,7.75,7.6875,7.75,000,75.365016
2000-02-02,7.5625,7.625,7.5625,7.625,000,74.149451
2000-02-01,7.625,7.6875,7.625,7.6875,000,74.757234
2000-01-31,7.50,7.50,7.50,7.50,000,72.933887
2000-01-28,7.50,7.50,7.50,7.50,000,72.933887
2000-01-27,7.4375,7.50,7.4375,7.50,000,72.933887
2000-01-26,6.75,7.00,6.75,7.00,000,68.071627
2000-01-25,6.6875,6.6875,6.625,6.625,000,64.424933
2000-01-24,6.00,6.00,6.00,6.00,000,58.347109
2000-01-21,5.9375,6.00,5.9375,6.00,100,58.347109
