Date,Open,High,Low,Close,Volume,Adj Close
2015-10-09,27.15,27.299999,27.139999,27.139999,7000,26.619302
2015-10-08,26.98,27.25,26.98,27.24,9100,26.717384
2015-10-07,26.940001,27.040001,26.84,27.040001,16200,26.521222
2015-10-06,26.950001,27.02,26.950001,27.01,8200,26.491797
2015-10-05,26.92,27.07,26.83,26.90,10700,26.383907
2015-10-02,26.76,26.879999,26.639999,26.790001,14100,26.276019
2015-10-01,26.780001,26.98,26.77,26.83,13300,26.31525
2015-09-30,26.83,26.940001,26.77,26.82,13400,26.305442
2015-09-29,27.059999,27.059999,26.84,26.92,15700,26.403524
2015-09-28,26.969999,27.10,26.879999,27.049999,7000,26.531029
2015-09-25,27.25,27.42,27.01,27.040001,22500,26.521222
2015-09-24,27.059999,27.24,26.99,27.24,8000,26.717384
2015-09-23,26.940001,27.059999,26.93,27.059999,8700,26.540837
2015-09-22,26.83,27.00,26.83,26.93,15300,26.413332
2015-09-21,26.83,27.02,26.83,26.940001,13400,26.42314
2015-09-18,26.93,26.98,26.809999,26.92,14800,26.403524
2015-09-17,26.92,27.24,26.91,27.24,7200,26.717384
2015-09-16,26.90,27.01,26.90,27.01,8300,26.491797
2015-09-15,26.92,26.940001,26.90,26.90,5600,26.383907
2015-09-14,26.969999,27.07,26.969999,26.98,21100,26.462372
2015-09-11,27.110001,27.110001,26.950001,27.030001,9600,26.511414
2015-09-10,26.98,27.10,26.83,27.10,48300,26.580071
2015-09-09,26.950001,27.049999,26.92,27.040001,4300,26.521222
2015-09-08,26.959999,27.00,26.84,27.00,9000,26.481989
2015-09-04,26.870001,26.889999,26.82,26.84,11000,26.325059
2015-09-03,26.809999,26.950001,26.809999,26.84,14600,26.325059
2015-09-02,26.870001,27.01,26.84,26.889999,7800,26.374099
2015-09-01,26.950001,26.950001,26.799999,26.92,12000,26.403524
2015-08-31,27.07,27.07,26.860001,26.940001,22000,26.42314
2015-08-28,26.870001,27.059999,26.83,27.059999,28400,26.540837
2015-08-27,26.700001,26.870001,26.65,26.870001,10500,26.354484
2015-08-26,26.469999,26.690001,26.41,26.690001,6900,26.177937
2015-08-25,26.98,26.98,26.540001,26.540001,9900,26.030815
2015-08-24,26.700001,27.030001,26.379999,27.030001,35000,26.511414
2015-08-21,26.76,26.90,26.75,26.82,19100,26.305442
2015-08-20,26.76,26.809999,26.76,26.809999,10400,26.295633
2015-08-19,26.82,26.90,26.76,26.780001,9300,26.26621
2015-08-18,26.809999,26.92,26.809999,26.860001,20300,26.344675
2015-08-17,26.76,27.02,26.76,26.93,18700,26.413332
2015-08-14,26.92,27.00,26.780001,27.00,21600,26.481989
2015-08-13,26.889999,26.98,26.889999,26.940001,6800,26.42314
2015-08-12,27.120001,27.120001,26.90,26.93,18500,26.413332
2015-08-11,27.440001,27.530001,27.42,27.530001,15500,26.488854
2015-08-10,27.52,27.52,27.299999,27.50,11400,26.459988
2015-08-07,27.33,27.49,27.32,27.33,3400,26.296417
2015-08-06,27.35,27.459999,27.35,27.379999,6800,26.344526
2015-08-05,27.379999,27.540001,27.35,27.35,12000,26.315661
2015-08-04,27.469999,27.559999,27.459999,27.50,6000,26.459988
2015-08-03,27.370001,27.50,27.370001,27.459999,12400,26.4215
2015-07-31,27.469999,27.48,27.35,27.450001,8500,26.41188
2015-07-30,27.50,27.57,27.50,27.530001,2800,26.488854
2015-07-29,27.530001,27.530001,27.42,27.42,4000,26.383014
2015-07-28,27.370001,27.549999,27.370001,27.469999,15600,26.431122
2015-07-27,27.540001,27.60,27.309999,27.469999,13200,26.431122
2015-07-24,27.34,27.540001,27.32,27.540001,7300,26.498476
2015-07-23,27.299999,27.48,27.25,27.43,13100,26.392636
2015-07-22,27.450001,27.59,27.450001,27.450001,11700,26.41188
2015-07-21,27.40,27.530001,27.299999,27.48,13800,26.440744
2015-07-20,27.35,27.49,27.35,27.440001,14900,26.402258
2015-07-17,27.450001,27.58,27.450001,27.58,24200,26.536963
2015-07-16,27.370001,27.52,27.370001,27.49,18700,26.450366
2015-07-15,27.08,27.360001,27.08,27.24,16500,26.209821
2015-07-14,27.18,27.34,27.07,27.17,14300,26.142468
2015-07-13,27.00,27.17,27.00,27.139999,12300,26.113602
2015-07-10,27.01,27.10,27.01,27.09,1900,26.065494
2015-07-09,27.01,27.110001,26.93,26.950001,9400,25.930789
2015-07-08,27.24,28.41,26.889999,27.01,8300,25.98852
2015-07-07,27.129999,27.25,27.09,27.10,13700,26.075116
2015-07-06,27.26,27.26,26.98,27.200001,8200,26.171335
2015-07-02,27.01,27.26,27.01,27.26,5400,26.229065
2015-07-01,26.91,27.01,26.91,26.940001,9800,25.921167
2015-06-30,26.85,26.91,26.780001,26.91,13800,25.892301
2015-06-29,26.66,26.91,26.639999,26.889999,20600,25.873057
2015-06-26,26.84,26.870001,26.77,26.77,12500,25.757596
2015-06-25,26.90,26.90,26.82,26.860001,16200,25.844193
2015-06-24,26.889999,26.889999,26.780001,26.84,41500,25.824949
2015-06-23,26.83,26.83,26.709999,26.83,22900,25.815327
2015-06-22,26.870001,26.940001,26.76,26.809999,54600,25.796083
2015-06-19,26.85,27.00,26.84,26.870001,10000,25.853815
2015-06-18,27.00,27.09,26.950001,26.959999,13600,25.940409
2015-06-17,27.030001,27.129999,26.959999,26.98,22300,25.959653
2015-06-16,27.09,27.110001,27.00,27.01,10500,25.98852
2015-06-15,27.059999,27.09,27.00,27.01,19500,25.98852
2015-06-12,27.16,27.200001,27.07,27.16,3500,26.132846
2015-06-11,27.10,27.17,27.08,27.17,5900,26.142468
2015-06-10,27.040001,27.200001,27.040001,27.16,6700,26.132846
2015-06-09,27.09,27.24,26.98,27.09,10600,26.065494
2015-06-08,27.049999,27.209999,27.049999,27.139999,8000,26.113602
2015-06-05,27.10,27.17,26.98,27.00,9200,25.978898
2015-06-04,26.950001,27.09,26.950001,27.030001,6000,26.007764
2015-06-03,27.07,27.07,26.90,27.00,13000,25.978898
2015-06-02,27.049999,27.129999,26.959999,27.110001,14900,26.084738
2015-06-01,27.25,27.25,27.08,27.120001,11600,26.09436
2015-05-29,27.059999,27.219999,27.049999,27.129999,21500,26.10398
2015-05-28,27.07,27.15,27.059999,27.15,9500,26.123224
2015-05-27,27.059999,27.16,27.059999,27.15,7600,26.123224
2015-05-26,26.969999,27.129999,26.950001,27.110001,25200,26.084738
2015-05-22,27.00,27.09,26.959999,27.049999,7500,26.027006
2015-05-21,27.139999,27.16,27.00,27.02,38700,25.998142
2015-05-20,27.10,27.190001,26.950001,27.120001,36300,26.09436
2015-05-19,27.18,27.26,27.110001,27.190001,7200,26.161712
2015-05-18,27.209999,27.219999,27.120001,27.200001,7500,26.171335
2015-05-15,27.23,27.360001,27.09,27.26,13100,26.229065
2015-05-14,27.52,27.870001,27.23,27.25,18700,26.219443
2015-05-13,27.23,27.50,27.10,27.469999,27900,26.431122
2015-05-12,27.17,27.17,26.799999,27.01,22100,25.98852
2015-05-11,27.540001,27.59,27.469999,27.540001,40200,25.995256
2015-05-08,27.549999,27.60,27.48,27.58,13200,26.033012
2015-05-07,27.41,27.51,27.290001,27.49,11400,25.94806
2015-05-06,27.49,27.49,27.25,27.389999,42600,25.853668
2015-05-05,27.52,27.610001,27.42,27.459999,14000,25.919742
2015-05-04,27.50,27.68,27.50,27.52,20600,25.976377
2015-05-01,27.450001,27.469999,27.42,27.42,19400,25.881986
2015-04-30,27.50,27.50,27.43,27.459999,31700,25.919742
2015-04-29,27.57,27.59,27.450001,27.49,27700,25.94806
2015-04-28,27.540001,27.77,27.540001,27.59,20300,26.042451
2015-04-27,27.84,27.92,27.639999,27.639999,24500,26.089646
2015-04-24,27.83,27.969999,27.83,27.85,7300,26.287867
2015-04-23,27.75,27.93,27.75,27.860001,8000,26.297307
2015-04-22,27.75,27.77,27.68,27.68,8200,26.127403
2015-04-21,27.68,27.780001,27.67,27.77,12900,26.212355
2015-04-20,27.719999,27.799999,27.60,27.719999,8900,26.165158
2015-04-17,27.879999,27.879999,27.59,27.59,47300,26.042451
2015-04-16,27.889999,27.92,27.809999,27.84,12100,26.278428
2015-04-15,27.709999,28.00,27.709999,27.99,41000,26.420014
2015-04-14,27.51,27.709999,27.51,27.709999,21400,26.155719
2015-04-13,27.59,27.59,27.51,27.549999,6900,26.004694
2015-04-10,27.49,27.57,27.49,27.51,10300,25.966938
2015-04-09,27.549999,27.57,27.469999,27.50,11800,25.957499
2015-04-08,27.559999,27.559999,27.41,27.49,16600,25.94806
2015-04-07,27.58,27.629999,27.51,27.52,17400,25.976377
2015-04-06,27.75,27.75,27.549999,27.629999,19200,26.080206
2015-04-02,27.83,27.83,27.639999,27.67,30100,26.117963
2015-04-01,27.959999,28.00,27.68,27.76,36900,26.202915
2015-03-31,27.940001,28.01,27.85,28.01,13500,26.438893
2015-03-30,27.67,27.950001,27.639999,27.940001,6200,26.372819
2015-03-27,27.719999,27.77,27.629999,27.77,4200,26.212355
2015-03-26,27.60,27.76,27.52,27.74,18700,26.184037
2015-03-25,27.719999,27.790001,27.60,27.60,14500,26.05189
2015-03-24,27.76,27.85,27.57,27.719999,22300,26.165158
2015-03-23,27.68,27.85,27.68,27.85,16000,26.287867
2015-03-20,27.67,27.82,27.58,27.66,21200,26.108524
2015-03-19,27.68,27.75,27.57,27.57,26000,26.023572
2015-03-18,27.530001,27.719999,27.42,27.610001,16700,26.061329
2015-03-17,27.440001,27.549999,27.40,27.540001,17900,25.995256
2015-03-16,27.440001,27.57,27.43,27.51,9300,25.966938
2015-03-13,27.379999,27.58,27.290001,27.450001,12700,25.910304
2015-03-12,27.540001,27.57,27.33,27.49,13100,25.94806
2015-03-11,27.450001,27.629999,27.42,27.57,14900,26.023572
2015-03-10,27.43,27.620001,27.27,27.559999,18500,26.014133
2015-03-09,27.73,27.73,27.32,27.43,16100,25.891426
2015-03-06,27.65,27.780001,27.58,27.68,14700,26.127403
2015-03-05,27.950001,27.950001,27.76,27.85,7100,26.287867
2015-03-04,27.85,28.00,27.82,27.90,19700,26.335062
2015-03-03,28.110001,28.17,27.860001,27.860001,21200,26.297307
2015-03-02,27.85,28.23,27.85,28.00,14600,26.429453
2015-02-27,27.74,27.940001,27.74,27.940001,27700,26.372819
2015-02-26,27.790001,27.889999,27.719999,27.790001,10200,26.231233
2015-02-25,27.799999,27.90,27.719999,27.719999,20500,26.165158
2015-02-24,27.92,27.959999,27.790001,27.799999,23100,26.240671
2015-02-23,27.870001,27.889999,27.75,27.860001,9500,26.297307
2015-02-20,27.84,27.93,27.719999,27.870001,40600,26.306746
2015-02-19,27.75,27.870001,27.75,27.85,9000,26.287867
2015-02-18,27.610001,27.74,27.469999,27.709999,17800,26.155719
2015-02-17,27.629999,27.700001,27.57,27.67,17900,26.117963
2015-02-13,27.700001,27.700001,27.629999,27.629999,22900,26.080206
2015-02-12,27.440001,27.68,27.440001,27.620001,16900,26.070769
2015-02-11,27.559999,27.60,27.43,27.540001,43900,25.995256
2015-02-10,28.00,28.07,27.93,28.07,15000,26.001863
2015-02-09,28.139999,28.17,27.959999,28.08,10900,26.011126
2015-02-06,28.040001,28.18,27.98,27.98,16600,25.918494
2015-02-05,27.969999,28.09,27.93,27.959999,24900,25.899967
2015-02-04,28.18,28.219999,28.02,28.02,19700,25.955547
2015-02-03,28.15,28.35,28.120001,28.129999,40000,26.057442
2015-02-02,28.32,28.32,28.139999,28.15,26700,26.075969
2015-01-30,28.27,28.299999,28.10,28.18,12900,26.103759
2015-01-29,28.299999,28.299999,28.219999,28.25,8800,26.168601
2015-01-28,28.15,28.299999,28.15,28.280001,10200,26.196391
2015-01-27,28.129999,28.23,28.02,28.15,12100,26.075969
2015-01-26,28.09,28.129999,28.049999,28.09,21700,26.02039
2015-01-23,28.049999,28.200001,28.049999,28.10,12300,26.029653
2015-01-22,28.15,28.15,27.940001,28.08,17000,26.011126
2015-01-21,27.91,28.110001,27.91,27.950001,14700,25.890705
2015-01-20,28.120001,28.120001,27.860001,27.98,17000,25.918494
2015-01-16,27.76,28.129999,27.75,28.129999,27400,26.057442
2015-01-15,27.620001,27.690001,27.549999,27.620001,8100,25.585019
2015-01-14,27.620001,27.709999,27.59,27.59,40200,25.557229
2015-01-13,27.77,27.77,27.58,27.58,16600,25.547965
2015-01-12,27.879999,27.879999,27.690001,27.690001,28600,25.649861
2015-01-09,27.879999,27.99,27.870001,27.870001,15600,25.816599
2015-01-08,28.049999,28.09,27.959999,27.99,13300,25.927757
2015-01-07,28.00,28.15,27.92,28.15,8800,26.075969
2015-01-06,28.209999,28.219999,28.00,28.00,15700,25.937021
2015-01-05,28.120001,28.16,27.67,28.049999,24000,25.983336
2015-01-02,27.709999,28.00,27.709999,28.00,26100,25.937021
2014-12-31,27.799999,27.84,27.67,27.76,25000,25.714703
2014-12-30,27.610001,27.799999,27.59,27.799999,15400,25.751755
2014-12-29,27.50,27.629999,27.50,27.59,9400,25.557229
2014-12-26,27.450001,27.48,27.33,27.389999,11900,25.371963
2014-12-24,27.200001,27.459999,27.200001,27.379999,20800,25.3627
2014-12-23,27.49,27.66,27.32,27.32,18300,25.307121
2014-12-22,27.440001,27.60,27.24,27.60,10100,25.566492
2014-12-19,27.41,27.530001,27.25,27.51,13900,25.483123
2014-12-18,27.40,27.40,27.16,27.32,14400,25.307121
2014-12-17,27.33,27.35,27.00,27.35,44000,25.334911
2014-12-16,27.10,27.24,27.00,27.24,26000,25.233015
2014-12-15,27.43,27.540001,27.23,27.360001,15300,25.344175
2014-12-12,27.57,27.57,27.370001,27.450001,9100,25.427544
2014-12-11,27.34,27.540001,27.33,27.43,17900,25.409017
2014-12-10,27.379999,27.459999,27.32,27.360001,10900,25.344175
2014-12-09,27.370001,27.50,27.360001,27.41,21200,25.39049
2014-12-08,27.50,27.60,27.35,27.51,13600,25.483123
2014-12-05,27.379999,27.41,27.309999,27.379999,7500,25.3627
2014-12-04,27.58,27.58,27.309999,27.34,21800,25.325648
2014-12-03,27.57,27.690001,27.43,27.549999,19800,25.520175
2014-12-02,27.52,27.60,27.52,27.559999,10900,25.529438
2014-12-01,27.76,27.799999,27.58,27.58,9900,25.547965
2014-11-28,27.83,27.84,27.76,27.790001,4000,25.742494
2014-11-26,27.780001,27.860001,27.780001,27.780001,35600,25.73323
2014-11-25,27.82,27.85,27.75,27.84,15000,25.788809
2014-11-24,27.889999,27.889999,27.709999,27.799999,15900,25.751755
2014-11-21,27.870001,27.90,27.870001,27.90,6400,25.844388
2014-11-20,27.85,27.860001,27.76,27.83,11700,25.779546
2014-11-19,27.75,27.870001,27.74,27.83,12200,25.779546
2014-11-18,27.889999,27.90,27.799999,27.809999,16200,25.761019
2014-11-17,27.90,27.92,27.82,27.860001,13100,25.807336
2014-11-14,27.870001,27.950001,27.85,27.85,9600,25.798073
2014-11-13,27.950001,27.950001,27.809999,27.809999,16100,25.761019
2014-11-12,27.950001,27.950001,27.719999,27.91,15900,25.853651
2014-11-11,28.379999,28.450001,28.379999,28.379999,6600,25.804555
2014-11-10,28.34,28.469999,28.34,28.42,15500,25.840926
2014-11-07,28.34,28.450001,28.26,28.450001,16300,25.868204
2014-11-06,28.33,28.34,28.15,28.299999,11500,25.731815
2014-11-05,28.440001,28.440001,28.25,28.25,11600,25.686354
2014-11-04,28.15,28.40,28.15,28.35,17600,25.777279
2014-11-03,28.18,28.25,28.18,28.209999,17900,25.649983
2014-10-31,28.190001,28.25,28.01,28.25,19900,25.686354
2014-10-30,28.10,28.25,28.10,28.190001,31200,25.631799
2014-10-29,28.17,28.190001,28.059999,28.15,21800,25.595428
2014-10-28,28.17,28.200001,28.09,28.09,23100,25.540873
2014-10-27,28.10,28.17,28.10,28.16,9100,25.604521
2014-10-24,28.110001,28.18,28.110001,28.120001,9600,25.568152
2014-10-23,28.01,28.200001,27.870001,28.110001,22800,25.559059
2014-10-22,27.860001,28.030001,27.860001,27.98,15700,25.440855
2014-10-21,27.709999,27.950001,27.709999,27.950001,12300,25.413579
2014-10-20,27.809999,27.809999,27.629999,27.700001,16200,25.186266
2014-10-17,27.780001,27.98,27.59,27.59,37400,25.086248
2014-10-16,27.57,27.889999,27.530001,27.870001,9700,25.340839
2014-10-15,27.700001,27.799999,27.610001,27.75,18100,25.231728
2014-10-14,28.24,28.26,27.629999,27.73,35600,25.213542
2014-10-13,28.110001,28.25,28.049999,28.17,4300,25.613613
2014-10-10,28.02,28.219999,28.01,28.17,6100,25.613613
2014-10-09,28.18,28.18,28.040001,28.16,6200,25.604521
2014-10-08,28.01,28.24,28.01,28.17,19500,25.613613
2014-10-07,28.16,28.17,28.08,28.09,6900,25.540873
2014-10-06,28.129999,28.24,28.040001,28.110001,31600,25.559059
2014-10-03,28.01,28.18,28.01,28.08,14600,25.531781
2014-10-02,27.85,28.16,27.83,28.02,33100,25.477226
2014-10-01,27.99,28.15,27.860001,27.99,27200,25.449948
2014-09-30,27.690001,28.049999,27.690001,28.00,23200,25.459041
2014-09-29,27.85,27.85,27.73,27.75,19200,25.231728
2014-09-26,27.74,27.75,27.610001,27.75,17000,25.231728
2014-09-25,27.73,27.75,27.58,27.73,28300,25.213542
2014-09-24,27.549999,27.74,27.50,27.709999,25600,25.195357
2014-09-23,27.719999,27.719999,27.610001,27.700001,22500,25.186266
2014-09-22,27.459999,27.73,27.360001,27.709999,14500,25.195357
2014-09-19,27.459999,27.620001,27.459999,27.60,15600,25.09534
2014-09-18,27.469999,27.59,27.450001,27.459999,15100,24.968044
2014-09-17,27.43,27.700001,27.43,27.52,14900,25.0226
2014-09-16,27.34,27.940001,27.34,27.57,48700,25.068062
2014-09-15,27.42,27.540001,27.360001,27.48,9800,24.986229
2014-09-12,27.26,27.549999,27.26,27.51,26700,25.013508
2014-09-11,27.379999,27.66,27.26,27.360001,20400,24.87712
2014-09-10,27.309999,27.73,27.309999,27.49,17300,24.995322
2014-09-09,27.48,27.50,27.33,27.40,24300,24.913489
2014-09-08,27.51,27.620001,27.50,27.540001,28800,25.040786
2014-09-05,27.530001,27.60,27.50,27.549999,27500,25.049877
2014-09-04,27.299999,27.690001,27.299999,27.66,38000,25.149895
2014-09-03,27.950001,27.950001,27.75,27.77,14700,25.249913
2014-09-02,27.950001,28.02,27.860001,27.91,6900,25.377208
2014-08-29,27.90,28.049999,27.90,27.99,15700,25.449948
2014-08-28,27.85,27.969999,27.85,27.93,9100,25.395393
2014-08-27,28.040001,28.040001,27.889999,27.91,9400,25.377208
2014-08-26,28.120001,28.120001,27.93,28.00,14100,25.459041
2014-08-25,28.15,28.15,28.030001,28.09,18700,25.540873
2014-08-22,28.17,28.17,27.98,28.049999,11100,25.504503
2014-08-21,28.08,28.120001,27.93,27.98,68200,25.440855
2014-08-20,27.93,28.01,27.93,28.00,14700,25.459041
2014-08-19,27.870001,28.030001,27.870001,27.98,9200,25.440855
2014-08-18,27.950001,28.18,27.85,27.870001,25300,25.340839
2014-08-15,28.08,28.290001,28.08,28.17,19900,25.613613
2014-08-14,27.91,28.200001,27.90,28.110001,9900,25.559059
2014-08-13,27.860001,28.00,27.860001,27.959999,7100,25.42267
2014-08-12,27.93,27.99,27.799999,27.84,16000,25.313561
2014-08-11,28.280001,28.459999,28.280001,28.459999,15000,25.401757
2014-08-08,28.299999,28.309999,28.209999,28.25,5700,25.214323
2014-08-07,27.940001,28.43,27.92,28.299999,12700,25.25895
2014-08-06,28.030001,28.030001,27.870001,27.93,20200,24.92871
2014-08-05,27.799999,28.030001,27.74,28.030001,10800,25.017965
2014-08-04,27.92,27.92,27.690001,27.870001,33900,24.875158
2014-08-01,27.90,28.049999,27.809999,27.91,15400,24.910859
2014-07-31,28.049999,28.10,27.75,28.02,40000,25.009039
2014-07-30,28.16,28.27,28.040001,28.059999,25700,25.04474
2014-07-29,28.139999,28.280001,28.120001,28.18,31200,25.151846
2014-07-28,28.27,28.280001,28.120001,28.139999,5500,25.116143
2014-07-25,28.219999,28.34,28.15,28.200001,37000,25.169697
2014-07-24,28.280001,28.309999,28.200001,28.24,9300,25.205398
2014-07-23,28.32,28.33,28.23,28.27,4300,25.232175
2014-07-22,28.24,28.309999,28.190001,28.25,5600,25.214323
2014-07-21,28.389999,28.469999,28.16,28.280001,38100,25.2411
2014-07-18,28.33,28.50,28.200001,28.50,25500,25.437459
2014-07-17,28.299999,28.50,28.299999,28.389999,14000,25.339279
2014-07-16,28.34,28.469999,28.27,28.41,13600,25.35713
2014-07-15,28.459999,28.459999,28.299999,28.42,16500,25.366056
2014-07-14,28.24,28.459999,28.15,28.40,28200,25.348204
2014-07-11,28.02,28.25,28.02,28.17,18500,25.14292
2014-07-10,28.030001,28.120001,28.02,28.049999,18500,25.035814
2014-07-09,28.219999,28.309999,28.040001,28.10,18300,25.080442
2014-07-08,28.25,28.379999,28.25,28.280001,24200,25.2411
2014-07-07,28.17,28.40,28.17,28.25,30400,25.214323
2014-07-03,28.25,28.50,28.209999,28.25,6200,25.214323
2014-07-02,28.299999,28.48,28.290001,28.35,11800,25.303578
2014-07-01,28.35,28.42,28.049999,28.35,16700,25.303578
2014-06-30,28.33,28.33,28.049999,28.200001,11700,25.169697
2014-06-27,28.309999,28.459999,28.309999,28.42,5200,25.366056
2014-06-26,28.35,28.450001,28.23,28.450001,6100,25.392833
2014-06-25,28.299999,28.450001,28.299999,28.42,17000,25.366056
2014-06-24,28.200001,28.440001,28.200001,28.440001,10400,25.383907
2014-06-23,28.200001,28.469999,28.139999,28.35,13100,25.303578
2014-06-20,28.290001,28.459999,28.110001,28.33,9800,25.285727
2014-06-19,28.02,28.16,27.940001,28.139999,18200,25.116143
2014-06-18,27.860001,28.10,27.860001,28.09,12500,25.071517
2014-06-17,27.65,27.950001,27.65,27.91,11200,24.910859
2014-06-16,27.73,27.90,27.73,27.75,13700,24.768052
2014-06-13,27.90,27.92,27.799999,27.799999,5900,24.812679
2014-06-12,27.90,28.09,27.90,27.91,15400,24.910859
2014-06-11,27.709999,27.98,27.709999,27.969999,15300,24.964411
2014-06-10,27.75,27.98,27.68,27.860001,28100,24.866232
2014-06-09,27.76,28.00,27.75,27.75,12800,24.768052
2014-06-06,27.66,27.860001,27.66,27.799999,21700,24.812679
2014-06-05,27.74,28.120001,27.51,27.75,19100,24.768052
2014-06-04,28.280001,28.280001,27.120001,27.92,36800,24.919784
2014-06-03,28.620001,28.620001,28.18,28.18,17900,25.151846
2014-06-02,28.49,28.66,28.43,28.469999,13000,25.410682
2014-05-30,28.26,28.42,28.25,28.42,8300,25.366056
2014-05-29,27.940001,28.379999,27.940001,28.309999,9400,25.267875
2014-05-28,27.90,28.07,27.90,28.02,9500,25.009039
2014-05-27,27.719999,27.959999,27.719999,27.92,10500,24.919784
2014-05-23,27.809999,28.01,27.790001,27.809999,12200,24.821604
2014-05-22,27.809999,28.15,27.809999,27.90,9200,24.901933
2014-05-21,27.84,27.889999,27.65,27.879999,28100,24.884082
2014-05-20,27.700001,27.91,27.700001,27.83,17500,24.839456
2014-05-19,27.719999,27.790001,27.719999,27.76,9900,24.776978
2014-05-16,27.799999,27.969999,27.68,27.83,26000,24.839456
2014-05-15,27.709999,27.969999,27.709999,27.90,15200,24.901933
2014-05-14,27.60,27.85,27.60,27.82,18300,24.83053
2014-05-13,27.620001,27.889999,27.620001,27.690001,9700,24.7145
2014-05-12,27.969999,27.969999,27.77,27.77,10400,24.785903
2014-05-09,28.23,28.290001,28.15,28.219999,12500,24.720746
2014-05-08,28.129999,28.40,28.129999,28.23,24900,24.729506
2014-05-07,28.18,28.35,28.18,28.200001,11700,24.703227
2014-05-06,28.360001,28.48,28.18,28.200001,15100,24.703227
2014-05-05,28.15,28.450001,28.15,28.41,22500,24.887187
2014-05-02,28.200001,28.379999,28.15,28.25,29400,24.747027
2014-05-01,28.299999,28.389999,28.209999,28.389999,23900,24.869666
2014-04-30,28.24,28.34,28.10,28.18,32800,24.685707
2014-04-29,28.139999,28.18,27.969999,28.139999,13300,24.650666
2014-04-28,28.16,28.35,28.02,28.059999,22000,24.580586
2014-04-25,27.950001,28.200001,27.940001,28.200001,31900,24.703227
2014-04-24,28.17,28.200001,27.90,28.00,106500,24.528026
2014-04-23,28.110001,28.40,28.110001,28.17,31500,24.676947
2014-04-22,28.01,28.219999,28.00,28.190001,18200,24.694467
2014-04-21,27.92,28.15,27.92,28.059999,28600,24.580586
2014-04-17,28.309999,28.309999,27.82,27.82,72200,24.370346
2014-04-16,28.00,28.25,28.00,28.18,27800,24.685707
2014-04-15,27.92,28.00,27.82,27.99,20500,24.519266
2014-04-14,27.889999,27.950001,27.799999,27.85,12500,24.396627
2014-04-11,27.809999,27.85,27.709999,27.75,12600,24.309026
2014-04-10,27.799999,27.950001,27.700001,27.90,17300,24.440426
2014-04-09,27.940001,27.950001,27.77,27.83,17900,24.379106
2014-04-08,27.82,27.950001,27.809999,27.83,24500,24.379106
2014-04-07,27.809999,27.959999,27.809999,27.879999,15100,24.422905
2014-04-04,27.860001,27.98,27.799999,27.940001,14300,24.475467
2014-04-03,27.82,27.92,27.809999,27.889999,24300,24.431666
2014-04-02,27.870001,28.35,27.82,27.870001,21700,24.414147
2014-04-01,27.85,28.16,27.790001,27.98,27900,24.510506
2014-03-31,28.00,28.00,27.629999,27.690001,31500,24.256467
2014-03-28,27.93,28.129999,27.889999,27.950001,23500,24.484227
2014-03-27,27.83,28.16,27.790001,27.950001,51400,24.484227
2014-03-26,28.049999,28.08,27.60,27.940001,35800,24.475467
2014-03-25,28.18,28.18,27.93,28.040001,53100,24.563067
2014-03-24,27.950001,28.15,27.870001,27.93,25600,24.466707
2014-03-21,27.99,28.08,27.799999,28.030001,26000,24.554307
2014-03-20,27.42,27.84,27.42,27.82,34100,24.370346
2014-03-19,27.549999,27.77,27.51,27.59,44600,24.168866
2014-03-18,27.469999,27.639999,27.469999,27.58,32500,24.160106
2014-03-17,27.459999,27.59,27.440001,27.51,16700,24.098786
2014-03-14,27.690001,27.76,27.16,27.42,215500,24.019946
2014-03-13,27.76,27.959999,27.67,27.91,13400,24.449186
2014-03-12,27.83,28.00,27.83,27.83,15000,24.379106
2014-03-11,27.889999,27.950001,27.799999,27.90,23700,24.440426
2014-03-10,27.65,27.950001,27.65,27.90,29100,24.440426
2014-03-07,27.76,27.84,27.75,27.76,20900,24.317786
2014-03-06,27.75,27.75,27.65,27.719999,18600,24.282745
2014-03-05,27.48,27.639999,27.35,27.620001,27500,24.195147
2014-03-04,27.27,27.549999,27.27,27.389999,36400,23.993665
2014-03-03,27.370001,27.59,27.370001,27.40,24000,24.002425
2014-02-28,27.530001,27.700001,27.530001,27.540001,51900,24.125067
2014-02-27,27.52,27.690001,27.459999,27.559999,67300,24.142585
2014-02-26,27.459999,27.74,27.379999,27.610001,12300,24.186387
2014-02-25,27.32,27.60,27.32,27.52,14200,24.107546
2014-02-24,27.33,27.52,27.33,27.459999,24900,24.054985
2014-02-21,27.290001,27.42,27.219999,27.42,20200,24.019946
2014-02-20,27.120001,27.280001,27.049999,27.209999,31200,23.835985
2014-02-19,27.059999,27.17,27.059999,27.120001,11200,23.757146
2014-02-18,27.16,27.27,27.120001,27.190001,11200,23.818466
2014-02-14,27.10,27.27,27.10,27.139999,10300,23.774665
2014-02-13,27.030001,27.280001,26.98,27.16,16900,23.792185
2014-02-12,27.129999,27.17,26.98,27.17,7900,23.800946
2014-02-11,27.370001,27.549999,27.370001,27.50,26400,23.631878
2014-02-10,27.219999,27.50,27.219999,27.49,29900,23.623285
2014-02-07,27.200001,27.35,27.18,27.34,18800,23.494384
2014-02-06,27.200001,27.35,27.18,27.33,26400,23.48579
2014-02-05,27.059999,27.370001,27.049999,27.370001,25300,23.520165
2014-02-04,26.959999,27.33,26.93,27.200001,71300,23.374077
2014-02-03,27.18,27.18,26.93,26.940001,13500,23.150648
2014-01-31,27.00,27.24,27.00,27.030001,11800,23.227989
2014-01-30,27.059999,27.360001,27.059999,27.129999,13900,23.313921
2014-01-29,27.040001,27.290001,27.040001,27.09,9100,23.279549
2014-01-28,27.35,27.35,27.15,27.26,8400,23.425637
2014-01-27,27.120001,27.27,26.959999,27.24,19900,23.408449
2014-01-24,26.870001,27.08,26.870001,26.950001,12600,23.159241
2014-01-23,27.18,27.18,26.940001,27.09,11600,23.279549
2014-01-22,27.00,27.129999,26.99,27.129999,8400,23.313921
2014-01-21,27.15,27.290001,26.959999,26.959999,25500,23.167833
2014-01-17,27.110001,27.40,27.110001,27.110001,32700,23.296736
2014-01-16,27.15,27.23,27.15,27.15,9500,23.331109
2014-01-15,27.01,27.17,27.01,27.120001,24100,23.305329
2014-01-14,27.030001,27.24,27.030001,27.15,8800,23.331109
2014-01-13,27.059999,27.25,27.059999,27.15,29300,23.331109
2014-01-10,26.950001,27.32,26.950001,27.129999,32500,23.313921
2014-01-09,27.129999,27.27,26.940001,26.950001,26300,23.159241
2014-01-08,27.24,27.26,27.120001,27.139999,16700,23.322515
2014-01-07,27.389999,27.389999,27.10,27.26,20600,23.425637
2014-01-06,27.200001,27.50,27.200001,27.40,20300,23.545944
2014-01-03,26.98,27.379999,26.90,27.34,13100,23.494384
2014-01-02,26.74,27.15,26.700001,27.10,14000,23.288142
2013-12-31,26.700001,26.84,26.629999,26.809999,25000,23.038932
2013-12-30,26.700001,26.870001,26.700001,26.870001,19000,23.090494
2013-12-27,26.700001,26.83,26.68,26.719999,26600,22.961592
2013-12-26,26.90,27.040001,26.700001,26.82,15600,23.047526
2013-12-24,27.09,27.09,26.870001,26.92,5300,23.13346
2013-12-23,26.959999,27.23,26.889999,27.200001,18300,23.374077
2013-12-20,26.879999,27.290001,26.879999,26.92,21100,23.13346
2013-12-19,27.209999,27.209999,26.76,26.92,20600,23.13346
2013-12-18,27.120001,27.33,27.02,27.200001,26900,23.374077
2013-12-17,26.77,27.40,26.639999,27.25,89400,23.417043
2013-12-16,26.23,26.620001,26.209999,26.620001,31800,22.875659
2013-12-13,26.15,26.549999,26.15,26.25,20200,22.557702
2013-12-12,26.07,26.40,25.74,26.18,71300,22.497548
2013-12-11,26.60,26.620001,26.02,26.08,22600,22.411614
2013-12-10,26.85,26.85,26.60,26.60,13300,22.858472
2013-12-09,26.950001,26.98,26.82,26.84,24300,23.064713
2013-12-06,26.66,26.98,26.66,26.91,19500,23.124867
2013-12-05,26.73,26.860001,26.629999,26.700001,21400,22.944406
2013-12-04,26.889999,26.940001,26.719999,26.84,18400,23.064713
2013-12-03,26.889999,27.07,26.82,27.00,13300,23.202208
2013-12-02,26.879999,26.98,26.75,26.91,25000,23.124867
2013-11-29,26.84,26.950001,26.84,26.91,4100,23.124867
2013-11-27,26.879999,27.049999,26.809999,26.91,16400,23.124867
2013-11-26,26.879999,27.02,26.85,27.01,19100,23.210801
2013-11-25,26.83,26.98,26.799999,26.92,8700,23.13346
2013-11-22,26.639999,26.969999,26.639999,26.91,23000,23.124867
2013-11-21,26.889999,27.02,26.57,26.77,54700,23.00456
2013-11-20,26.91,27.17,26.83,26.90,32500,23.116273
2013-11-19,26.879999,27.110001,26.690001,27.059999,19600,23.253768
2013-11-18,26.799999,27.02,26.690001,26.879999,25800,23.099086
2013-11-15,27.129999,27.129999,26.790001,26.790001,12200,23.021747
2013-11-14,27.040001,27.190001,26.98,27.02,7500,23.219395
2013-11-13,26.799999,27.280001,26.77,26.77,19200,23.00456
2013-11-12,26.60,26.809999,26.60,26.75,12900,22.987372
2013-11-11,26.950001,27.209999,26.950001,27.059999,26700,22.804333
2013-11-08,27.02,27.290001,26.92,27.02,23400,22.770624
2013-11-07,27.15,27.299999,27.15,27.190001,13000,22.913889
2013-11-06,27.27,27.49,27.09,27.18,20900,22.905461
2013-11-05,27.629999,27.75,27.32,27.360001,13300,23.057153
2013-11-04,27.639999,27.790001,27.639999,27.68,7900,23.326827
2013-11-01,27.75,28.09,27.57,27.75,19300,23.385818
2013-10-31,27.84,27.879999,27.75,27.75,15300,23.385818
2013-10-30,27.700001,27.950001,27.66,27.860001,21700,23.478519
2013-10-29,27.700001,27.950001,27.52,27.690001,55800,23.335255
2013-10-28,27.110001,27.68,27.030001,27.59,32100,23.250981
2013-10-25,27.02,27.280001,27.02,27.24,8900,22.956025
2013-10-24,27.129999,27.16,26.92,27.09,9200,22.829615
2013-10-23,27.10,27.25,27.10,27.24,10400,22.956025
2013-10-22,27.10,27.200001,27.059999,27.110001,19900,22.84647
2013-10-21,27.09,27.10,26.84,27.09,10400,22.829615
2013-10-18,26.91,27.10,26.77,27.10,14400,22.838043
2013-10-17,26.719999,26.92,26.719999,26.82,19000,22.602077
2013-10-16,26.66,26.92,26.610001,26.809999,18700,22.59365
2013-10-15,26.84,26.84,26.66,26.719999,16200,22.517804
2013-10-14,26.75,26.950001,26.719999,26.940001,13300,22.703206
2013-10-11,26.75,26.889999,26.68,26.85,9200,22.62736
2013-10-10,26.690001,26.85,26.65,26.77,20900,22.559941
2013-10-09,26.57,26.799999,26.57,26.700001,29500,22.50095
2013-10-08,26.620001,26.709999,26.57,26.629999,17100,22.441958
2013-10-07,26.73,26.73,26.549999,26.60,13900,22.416677
2013-10-04,26.76,26.799999,26.639999,26.690001,16600,22.492523
2013-10-03,26.83,27.00,26.76,26.77,21600,22.559941
2013-10-02,26.700001,26.93,26.700001,26.83,16400,22.610505
2013-10-01,26.77,26.969999,26.719999,26.77,11500,22.559941
2013-09-30,26.52,26.93,26.52,26.93,39400,22.694778
2013-09-27,26.74,26.93,26.52,26.65,17700,22.458813
2013-09-26,26.959999,27.00,26.82,26.860001,16900,22.635787
2013-09-25,26.809999,27.00,26.780001,26.940001,22900,22.703206
2013-09-24,26.65,26.889999,26.65,26.85,35700,22.62736
2013-09-23,26.530001,26.76,26.440001,26.65,41400,22.458813
2013-09-20,26.90,26.90,26.379999,26.48,42000,22.315548
2013-09-19,26.709999,27.030001,26.549999,27.030001,27000,22.779052
2013-09-18,26.450001,26.809999,26.379999,26.809999,10800,22.59365
2013-09-17,26.50,26.60,26.280001,26.549999,23400,22.374539
2013-09-16,26.950001,27.09,26.50,26.51,37900,22.340831
2013-09-13,26.92,26.940001,26.75,26.93,15200,22.694778
2013-09-12,27.07,27.07,26.879999,26.92,9100,22.686351
2013-09-11,26.860001,27.09,26.809999,26.940001,14200,22.703206
2013-09-10,26.76,27.01,26.76,26.950001,24400,22.711633
2013-09-09,26.700001,27.10,26.700001,26.77,20000,22.559941
2013-09-06,26.43,26.799999,26.43,26.700001,13800,22.50095
2013-09-05,26.65,26.75,26.389999,26.40,16300,22.24813
2013-09-04,26.549999,26.790001,26.43,26.76,22600,22.551514
2013-09-03,26.75,26.780001,26.40,26.559999,18400,22.382967
2013-08-30,26.66,26.90,26.40,26.83,16900,22.610505
2013-08-29,26.459999,26.799999,26.26,26.799999,28200,22.585222
2013-08-28,26.280001,26.68,26.110001,26.620001,17400,22.433532
2013-08-27,26.309999,26.719999,26.24,26.389999,31500,22.239702
2013-08-26,26.51,26.65,26.50,26.50,52100,22.332403
2013-08-23,26.299999,26.549999,26.299999,26.49,54800,22.323976
2013-08-22,26.049999,26.52,26.049999,26.33,21000,22.189139
2013-08-21,26.00,26.33,25.84,26.049999,51200,21.953173
2013-08-20,26.00,26.75,25.65,26.07,81500,21.970028
2013-08-19,26.35,26.360001,26.01,26.049999,32500,21.953173
2013-08-16,26.40,26.700001,26.01,26.530001,35800,22.357686
2013-08-15,26.32,26.85,25.969999,26.540001,28300,22.366113
2013-08-14,26.66,26.93,26.549999,26.65,24100,22.458813
2013-08-13,26.889999,26.99,26.34,26.66,58400,22.46724
2013-08-12,27.00,27.01,26.83,26.889999,17900,22.661068
2013-08-09,24.809999,27.50,24.809999,27.23,37300,22.506848
2013-08-08,27.07,27.35,27.07,27.26,12100,22.531645
2013-08-07,27.200001,27.40,27.10,27.18,23700,22.465521
2013-08-06,27.200001,27.25,27.110001,27.190001,23200,22.473787
2013-08-05,27.129999,27.450001,27.129999,27.290001,18000,22.556441
2013-08-02,27.09,27.370001,27.08,27.25,18500,22.523379
2013-08-01,27.50,27.50,27.08,27.25,13800,22.523379
2013-07-31,27.01,27.559999,26.77,27.41,31100,22.655626
2013-07-30,27.17,27.549999,26.700001,27.15,51100,22.440724
2013-07-29,27.309999,27.700001,27.23,27.23,12300,22.506848
2013-07-26,27.42,27.68,27.200001,27.50,7900,22.730015
2013-07-25,27.50,27.60,27.15,27.540001,16000,22.763078
2013-07-24,27.66,27.860001,27.549999,27.59,15300,22.804405
2013-07-23,28.030001,28.27,27.75,27.75,23400,22.936652
2013-07-22,27.84,28.200001,27.84,27.870001,51400,23.035838
2013-07-19,27.76,28.049999,27.76,27.860001,12200,23.027572
2013-07-18,27.98,28.10,27.67,27.799999,19600,22.977979
2013-07-17,27.84,28.049999,27.84,28.01,11900,23.151554
2013-07-16,27.959999,28.00,27.809999,27.84,15800,23.011041
2013-07-15,27.969999,28.190001,27.85,27.860001,19300,23.027572
2013-07-12,27.83,28.129999,27.82,28.040001,21400,23.176351
2013-07-11,27.629999,28.09,27.629999,27.82,15400,22.99451
2013-07-10,27.59,27.780001,27.40,27.57,12200,22.787873
2013-07-09,27.549999,27.860001,27.33,27.67,20600,22.870528
2013-07-08,27.51,27.549999,27.139999,27.549999,17400,22.771342
2013-07-05,27.48,27.639999,27.190001,27.639999,17400,22.845731
2013-07-03,27.65,27.76,27.440001,27.719999,6000,22.911855
2013-07-02,27.59,28.00,27.52,27.790001,22700,22.969714
2013-07-01,27.969999,27.969999,27.690001,27.870001,7500,23.035838
2013-06-28,27.58,27.870001,26.98,27.74,26100,22.928386
2013-06-27,27.709999,28.10,27.67,27.73,23800,22.920121
2013-06-26,27.10,27.950001,27.10,27.65,25100,22.853997
2013-06-25,26.90,27.35,26.50,27.02,22700,22.333274
2013-06-24,27.15,27.17,26.309999,27.00,28200,22.316742
2013-06-21,27.32,27.74,26.76,27.450001,21600,22.688689
2013-06-20,27.540001,27.60,27.049999,27.50,37300,22.730015
2013-06-19,27.68,28.24,27.42,27.860001,36700,23.027572
2013-06-18,27.959999,28.16,27.09,27.93,44900,23.08543
2013-06-17,27.860001,28.48,27.59,27.870001,31200,23.035838
2013-06-14,27.190001,27.969999,27.190001,27.969999,27400,23.118491
2013-06-13,26.49,27.450001,25.98,27.17,48800,22.457255
2013-06-12,26.370001,26.700001,26.02,26.379999,70500,21.804283
2013-06-11,26.67,26.74,26.26,26.450001,55500,21.862143
2013-06-10,26.98,27.110001,26.84,26.870001,48100,22.209292
2013-06-07,27.24,27.40,27.18,27.280001,26100,22.548176
2013-06-06,27.40,27.40,27.10,27.26,18300,22.531645
2013-06-05,27.389999,27.549999,26.860001,27.299999,58100,22.564706
2013-06-04,27.08,27.65,27.00,27.40,31200,22.64736
2013-06-03,27.01,27.35,26.200001,27.209999,49900,22.490316
2013-05-31,27.719999,27.75,27.01,27.01,24300,22.325008
2013-05-30,27.83,27.90,27.459999,27.799999,24500,22.977979
2013-05-29,28.35,28.50,27.27,27.93,48200,23.08543
2013-05-28,28.530001,28.67,28.459999,28.50,14100,23.556561
2013-05-24,28.299999,28.549999,28.200001,28.50,13800,23.556561
2013-05-23,28.40,28.459999,28.02,28.379999,39300,23.457375
2013-05-22,28.84,28.98,28.530001,28.58,56900,23.622685
2013-05-21,28.90,29.01,28.76,28.959999,14000,23.936772
2013-05-20,28.780001,29.01,28.780001,28.950001,9400,23.928508
2013-05-17,29.00,29.00,28.66,28.83,16400,23.829322
2013-05-16,28.85,28.969999,28.59,28.969999,13600,23.945037
2013-05-15,28.65,29.040001,28.41,28.959999,27000,23.936772
2013-05-14,28.85,29.040001,28.85,28.860001,13000,23.854118
2013-05-13,29.040001,29.040001,28.790001,28.98,6600,23.953303
2013-05-10,29.00,29.07,28.82,29.040001,4200,24.002897
2013-05-09,29.24,29.35,29.129999,29.35,14500,23.826843
2013-05-08,29.26,29.40,28.969999,29.40,17000,23.867433
2013-05-07,29.299999,29.379999,29.16,29.379999,18400,23.851197
2013-05-06,29.200001,29.24,28.99,29.16,12600,23.672597
2013-05-03,29.200001,29.389999,29.120001,29.23,5700,23.729424
2013-05-02,28.950001,29.280001,28.950001,29.26,22200,23.753779
2013-05-01,29.24,29.25,28.85,28.940001,26900,23.493998
2013-04-30,29.00,29.25,29.00,29.200001,4800,23.705071
2013-04-29,29.00,29.24,29.00,29.08,8300,23.607652
2013-04-26,28.92,29.049999,28.92,29.01,11200,23.550825
2013-04-25,28.90,29.10,28.90,29.02,9400,23.558943
2013-04-24,28.91,29.120001,28.91,28.98,8900,23.52647
2013-04-23,29.030001,29.190001,28.940001,28.99,14400,23.534588
2013-04-22,28.870001,29.049999,28.629999,28.92,17500,23.477761
2013-04-19,28.76,29.200001,28.690001,28.969999,29700,23.518351
2013-04-18,28.870001,28.940001,28.639999,28.940001,8900,23.493998
2013-04-17,28.870001,28.93,28.639999,28.879999,12900,23.445288
2013-04-16,28.379999,28.77,28.379999,28.75,13700,23.339752
2013-04-15,28.790001,28.790001,28.00,28.40,20300,23.055616
2013-04-12,29.00,29.049999,28.41,28.610001,17200,23.226098
2013-04-11,28.610001,29.34,28.610001,29.08,18600,23.607652
2013-04-10,28.60,28.76,28.559999,28.76,19600,23.347871
2013-04-09,28.530001,28.73,28.530001,28.639999,6300,23.250452
2013-04-08,28.50,28.780001,28.50,28.66,13100,23.266688
2013-04-05,28.530001,28.700001,28.32,28.58,20500,23.201743
2013-04-04,28.719999,28.950001,28.58,28.68,19200,23.282925
2013-04-03,28.84,28.950001,28.799999,28.83,19700,23.404698
2013-04-02,28.709999,28.969999,28.629999,28.879999,9200,23.445288
2013-04-01,28.780001,28.790001,28.58,28.790001,7000,23.372226
2013-03-28,28.879999,29.120001,28.719999,28.940001,17400,23.493998
2013-03-27,28.84,28.98,28.82,28.90,7800,23.461524
2013-03-26,28.66,29.129999,28.60,28.959999,21400,23.510233
2013-03-25,28.719999,28.93,28.559999,28.76,16200,23.347871
2013-03-22,28.549999,28.85,28.51,28.82,6900,23.396579
2013-03-21,28.559999,28.690001,28.559999,28.68,6800,23.282925
2013-03-20,28.67,28.940001,28.370001,28.469999,23600,23.112443
2013-03-19,28.82,29.00,28.629999,28.799999,15100,23.380342
2013-03-18,28.629999,28.99,28.629999,28.959999,9000,23.510233
2013-03-15,28.33,28.74,28.33,28.74,18400,23.331634
2013-03-14,28.49,28.52,28.41,28.469999,13600,23.112443
2013-03-13,28.59,28.719999,28.309999,28.610001,16400,23.226098
2013-03-12,28.18,28.610001,28.18,28.50,14200,23.136798
2013-03-11,28.309999,28.40,28.299999,28.299999,9600,22.974434
2013-03-08,28.200001,28.469999,28.07,28.459999,20700,23.104324
2013-03-07,28.42,28.469999,28.139999,28.25,11700,22.933843
2013-03-06,28.49,28.530001,28.42,28.459999,21600,23.104324
2013-03-05,28.67,28.74,28.389999,28.59,24200,23.209862
2013-03-04,28.379999,28.559999,28.379999,28.51,10100,23.144916
2013-03-01,28.34,28.450001,28.34,28.450001,4800,23.096208
2013-02-28,27.91,28.530001,27.91,28.389999,21500,23.047497
2013-02-27,28.41,28.51,28.41,28.50,12400,23.136798
2013-02-26,28.08,28.58,28.08,28.50,13700,23.136798
2013-02-25,27.92,28.27,27.92,28.23,13000,22.917607
2013-02-22,27.93,28.129999,27.90,27.950001,6800,22.690299
2013-02-21,27.870001,28.049999,27.870001,28.049999,13100,22.771479
2013-02-20,27.92,28.049999,27.92,27.950001,6700,22.690299
2013-02-19,27.969999,28.10,27.90,27.99,19700,22.722771
2013-02-15,27.940001,28.040001,27.879999,27.93,10200,22.674062
2013-02-14,27.99,28.190001,27.93,27.950001,22100,22.690299
2013-02-13,27.82,28.049999,27.82,28.00,18500,22.730889
2013-02-12,27.559999,28.15,27.559999,27.959999,4600,22.698416
2013-02-11,28.50,28.59,28.32,28.51,19100,22.720336
2013-02-08,28.299999,28.35,28.299999,28.33,8600,22.576889
2013-02-07,28.27,28.41,28.27,28.309999,16000,22.56095
2013-02-06,28.40,28.540001,28.40,28.41,19100,22.640643
2013-02-05,28.40,28.65,28.40,28.49,9600,22.704397
2013-02-04,28.40,28.540001,28.40,28.40,12100,22.632673
2013-02-01,28.41,28.58,28.299999,28.40,13500,22.632673
2013-01-31,28.620001,28.629999,28.42,28.450001,13000,22.67252
2013-01-30,28.58,28.73,28.49,28.49,23500,22.704397
2013-01-29,28.74,28.74,28.629999,28.629999,9500,22.815966
2013-01-28,28.709999,28.73,28.559999,28.639999,10000,22.823935
2013-01-25,28.370001,28.75,28.370001,28.73,15500,22.895659
2013-01-24,28.629999,28.67,28.41,28.43,21400,22.656582
2013-01-23,28.459999,28.67,28.389999,28.51,19800,22.720336
2013-01-22,28.870001,28.870001,28.34,28.58,33100,22.77612
2013-01-18,28.43,28.48,28.379999,28.48,16100,22.696427
2013-01-17,28.440001,28.48,28.290001,28.43,20500,22.656582
2013-01-16,28.23,28.459999,28.23,28.35,37200,22.592828
2013-01-15,28.27,28.27,28.08,28.26,17800,22.521104
2013-01-14,28.190001,28.200001,28.07,28.15,17100,22.433442
2013-01-11,27.950001,28.129999,27.889999,28.10,32900,22.393596
2013-01-10,28.60,28.60,27.92,28.049999,87800,22.353749
2013-01-09,28.58,28.58,28.370001,28.50,26600,22.712366
2013-01-08,28.360001,28.57,28.219999,28.41,25600,22.640643
2013-01-07,28.33,28.33,28.08,28.16,11000,22.441411
2013-01-04,27.879999,28.389999,27.879999,28.24,25000,22.505165
2013-01-03,27.799999,27.959999,27.67,27.82,16200,22.170457
2013-01-02,28.10,28.10,27.629999,27.68,39400,22.058888
2012-12-31,27.809999,27.969999,27.68,27.969999,23900,22.289995
2012-12-28,27.74,27.74,27.450001,27.629999,25600,22.019041
2012-12-27,27.90,27.99,27.540001,27.700001,25000,22.074827
2012-12-26,28.129999,28.25,27.66,27.90,17700,22.234211
2012-12-24,28.129999,28.129999,27.879999,27.99,4900,22.305934
2012-12-21,27.77,28.190001,27.77,27.959999,20800,22.282026
2012-12-20,27.549999,28.040001,27.469999,27.879999,27800,22.218272
2012-12-19,27.219999,27.52,27.15,27.49,33100,21.907472
2012-12-18,27.540001,27.540001,27.209999,27.360001,22400,21.803872
2012-12-17,27.65,27.719999,27.360001,27.49,22400,21.907472
2012-12-14,27.75,27.85,27.59,27.82,8600,22.170457
2012-12-13,27.950001,27.950001,27.58,27.60,24000,21.995134
2012-12-12,27.73,27.950001,27.68,27.92,16400,22.25015
2012-12-11,27.74,27.85,27.610001,27.85,24100,22.194365
2012-12-10,27.51,27.65,27.50,27.60,12400,21.995134
2012-12-07,27.620001,27.75,27.41,27.66,18900,22.042949
2012-12-06,27.629999,27.76,27.57,27.65,10200,22.034979
2012-12-05,27.77,27.77,27.43,27.559999,30500,21.963256
2012-12-04,27.73,27.969999,27.68,27.809999,17100,22.162487
2012-12-03,27.709999,27.799999,27.629999,27.700001,8500,22.074827
2012-11-30,27.91,28.190001,27.58,27.700001,36500,22.074827
2012-11-29,28.08,28.08,27.780001,27.93,15800,22.258119
2012-11-28,28.01,28.129999,27.66,27.90,40800,22.234211
2012-11-27,27.790001,28.120001,27.790001,28.02,11900,22.329842
2012-11-26,27.610001,27.83,27.610001,27.77,10000,22.130611
2012-11-23,27.58,27.92,27.50,27.860001,9700,22.202335
2012-11-21,27.99,27.99,27.459999,27.639999,43200,22.02701
2012-11-20,27.370001,28.030001,27.370001,27.75,24600,22.114672
2012-11-19,27.01,27.690001,27.01,27.540001,36300,21.947319
2012-11-16,26.76,27.389999,26.620001,26.83,37500,21.381501
2012-11-15,26.77,27.33,26.469999,26.889999,74100,21.429316
2012-11-14,27.639999,27.639999,26.77,26.959999,54800,21.485101
2012-11-13,28.02,28.379999,27.67,27.809999,49700,22.162487
2012-11-12,28.309999,28.549999,27.08,28.18,28300,22.45735
2012-11-09,28.67,28.92,28.40,28.48,44600,22.696427
2012-11-08,28.85,29.17,28.85,29.17,31400,22.829514
2012-11-07,28.950001,29.139999,28.83,29.00,38500,22.696466
2012-11-06,29.059999,29.129999,28.99,29.040001,29600,22.727772
2012-11-05,29.07,29.15,29.049999,29.10,12900,22.77473
2012-11-02,29.200001,29.200001,28.99,29.040001,16700,22.727772
2012-11-01,28.959999,29.15,28.959999,29.02,22500,22.712119
2012-10-31,28.73,29.450001,28.73,29.00,38800,22.696466
2012-10-26,28.459999,29.040001,28.41,28.82,24700,22.555591
2012-10-25,28.92,29.00,28.610001,28.709999,19000,22.469501
2012-10-24,29.139999,29.139999,28.65,28.790001,19700,22.532113
2012-10-23,28.969999,29.059999,28.790001,28.969999,79700,22.672986
2012-10-22,28.99,29.09,28.860001,28.950001,33500,22.657335
2012-10-19,28.77,28.90,28.299999,28.90,23200,22.618202
2012-10-18,28.52,29.040001,28.440001,28.889999,23500,22.610376
2012-10-17,28.540001,28.73,28.43,28.59,9600,22.375585
2012-10-16,28.889999,29.01,28.459999,28.67,19200,22.438196
2012-10-15,29.27,29.34,28.59,28.83,50700,22.563418
2012-10-12,29.24,29.59,28.969999,29.41,33100,23.017347
2012-10-11,28.85,29.219999,28.709999,29.120001,30600,22.790383
2012-10-10,28.48,28.959999,28.48,28.84,14000,22.571244
2012-10-09,28.809999,28.809999,28.51,28.65,31400,22.422543
2012-10-08,28.950001,28.950001,28.83,28.85,7800,22.579071
2012-10-05,28.67,28.90,28.67,28.790001,13400,22.532113
2012-10-04,29.00,29.049999,28.58,28.780001,27200,22.524287
2012-10-03,29.00,29.030001,28.809999,28.969999,18500,22.672986
2012-10-02,28.690001,28.950001,28.65,28.879999,44400,22.602549
2012-10-01,28.49,28.73,28.43,28.73,24800,22.485154
2012-09-28,28.34,28.59,28.299999,28.40,20800,22.226884
2012-09-27,28.27,28.360001,28.030001,28.34,19400,22.179926
2012-09-26,28.09,28.15,27.959999,28.10,8900,21.992093
2012-09-25,28.40,28.40,27.74,27.93,40000,21.859045
2012-09-24,28.549999,28.59,28.190001,28.26,30300,22.117315
2012-09-21,28.35,28.549999,28.17,28.52,20600,22.320801
2012-09-20,28.34,28.35,28.24,28.33,16700,22.172099
2012-09-19,28.450001,28.50,28.200001,28.34,24700,22.179926
2012-09-18,28.25,28.440001,28.25,28.440001,15600,22.25819
2012-09-17,28.27,28.27,28.10,28.26,7600,22.117315
2012-09-14,28.27,28.27,28.139999,28.27,13700,22.125142
2012-09-13,28.129999,28.35,28.030001,28.27,17400,22.125142
2012-09-12,28.120001,28.120001,27.940001,27.959999,18700,21.882523
2012-09-11,28.09,28.219999,28.049999,28.120001,17300,22.007746
2012-09-10,28.09,28.09,27.969999,28.01,16600,21.921656
2012-09-07,27.799999,28.02,27.799999,27.969999,20000,21.89035
2012-09-06,27.84,27.889999,27.780001,27.85,19800,21.796434
2012-09-05,27.799999,27.889999,27.76,27.85,15900,21.796434
2012-09-04,27.75,27.85,27.65,27.76,32700,21.725997
2012-08-31,27.629999,27.74,27.60,27.709999,34100,21.686864
2012-08-30,27.629999,27.639999,27.549999,27.60,23400,21.600775
2012-08-29,27.48,27.690001,27.48,27.639999,80000,21.63208
2012-08-28,27.40,27.50,27.40,27.48,34800,21.506858
2012-08-27,27.40,27.40,27.33,27.40,35400,21.444247
2012-08-24,27.379999,27.379999,27.26,27.299999,22100,21.365983
2012-08-23,27.379999,27.48,27.32,27.370001,44500,21.420769
2012-08-22,27.50,27.50,27.33,27.379999,33500,21.428594
2012-08-21,27.309999,27.50,27.200001,27.49,48600,21.514684
2012-08-20,27.49,27.49,27.129999,27.27,66300,21.342505
2012-08-17,27.530001,27.530001,27.32,27.389999,33700,21.43642
2012-08-16,27.799999,27.799999,27.35,27.40,36000,21.444247
2012-08-15,27.76,27.799999,27.549999,27.719999,37000,21.69469
2012-08-14,28.290001,28.299999,27.50,27.709999,78900,21.686864
2012-08-13,28.299999,28.440001,28.08,28.42,23600,22.242537
2012-08-10,28.09,28.299999,27.700001,28.299999,32600,22.14862
2012-08-09,28.49,28.49,28.15,28.40,28600,21.817565
2012-08-08,28.40,28.440001,28.309999,28.389999,16900,21.809882
2012-08-07,28.360001,28.360001,28.18,28.309999,19400,21.748424
2012-08-06,28.16,28.50,28.16,28.23,27400,21.686967
2012-08-03,28.299999,28.41,28.219999,28.370001,15800,21.794519
2012-08-02,28.360001,28.360001,28.139999,28.190001,40800,21.656238
2012-08-01,28.35,28.43,28.219999,28.34,36600,21.771472
2012-07-31,28.32,28.40,28.120001,28.26,40000,21.710014
2012-07-30,28.42,28.43,28.27,28.27,35800,21.717696
2012-07-27,28.379999,28.42,28.33,28.379999,23500,21.8022
2012-07-26,28.33,28.35,28.18,28.32,21300,21.756107
2012-07-25,28.190001,28.23,27.82,28.139999,32600,21.617826
2012-07-24,28.10,28.17,27.809999,28.02,18300,21.52564
2012-07-23,28.10,28.10,27.879999,28.10,41900,21.587098
2012-07-20,28.10,28.10,27.85,28.10,50800,21.587098
2012-07-19,28.379999,28.389999,27.940001,28.10,41900,21.587098
2012-07-18,28.219999,28.40,28.17,28.40,29400,21.817565
2012-07-17,28.23,28.440001,28.10,28.15,34100,21.625509
2012-07-16,27.90,28.440001,27.82,28.219999,48300,21.679284
2012-07-13,27.940001,28.08,27.68,27.870001,23100,21.410407
2012-07-12,27.76,27.889999,27.530001,27.84,33400,21.38736
2012-07-11,27.58,27.82,27.129999,27.74,27800,21.310537
2012-07-10,27.91,27.91,27.639999,27.76,27100,21.325902
2012-07-09,27.799999,27.799999,27.51,27.700001,27200,21.279809
2012-07-06,27.60,27.889999,27.450001,27.799999,13100,21.35663
2012-07-05,27.389999,28.040001,27.379999,27.57,33600,21.179939
2012-07-03,27.360001,27.40,27.27,27.389999,15900,21.041658
2012-07-02,27.15,27.389999,27.059999,27.290001,18200,20.964837
2012-06-29,26.92,27.10,26.92,27.01,27900,20.749734
2012-06-28,26.950001,27.059999,26.879999,26.940001,26300,20.695958
2012-06-27,26.82,27.24,26.82,26.98,25700,20.726686
2012-06-26,26.73,27.00,26.73,26.75,26300,20.549995
2012-06-25,27.01,27.08,26.48,26.67,35200,20.488537
2012-06-22,27.17,27.219999,26.959999,27.01,20500,20.749734
2012-06-21,27.00,27.280001,26.91,26.99,55200,20.734369
2012-06-20,27.42,27.42,26.93,27.08,41400,20.803509
2012-06-19,27.059999,27.469999,27.059999,27.40,29700,21.049341
2012-06-18,27.18,27.190001,26.950001,27.190001,52700,20.888014
2012-06-15,27.219999,27.24,27.01,27.02,31700,20.757416
2012-06-14,27.18,27.190001,27.040001,27.10,21900,20.818874
2012-06-13,27.01,27.17,26.950001,27.08,31100,20.803509
2012-06-12,26.959999,27.02,26.799999,26.98,18200,20.726686
2012-06-11,27.02,27.129999,26.76,26.780001,35700,20.573042
2012-06-08,26.77,27.02,26.559999,26.959999,29400,20.711322
2012-06-07,26.870001,26.879999,26.700001,26.76,16000,20.557678
2012-06-06,27.059999,27.059999,26.700001,26.83,57400,20.611453
2012-06-05,26.98,26.98,26.780001,26.83,3400,20.611453
2012-06-04,26.74,27.049999,26.690001,26.85,39100,20.626818
2012-06-01,26.780001,26.82,26.68,26.690001,15500,20.503902
2012-05-31,26.889999,26.969999,26.76,26.82,39300,20.603771
2012-05-30,26.98,27.09,26.700001,26.700001,33600,20.511585
2012-05-29,27.049999,27.18,26.93,26.98,27800,20.726686
2012-05-25,26.92,27.059999,26.860001,26.90,16000,20.665229
2012-05-24,26.98,27.059999,26.74,26.799999,33300,20.588406
2012-05-23,26.57,26.83,26.50,26.83,19000,20.611453
2012-05-22,26.57,26.870001,26.43,26.57,23400,20.411715
2012-05-21,26.49,26.540001,26.379999,26.530001,76300,20.380986
2012-05-18,26.559999,26.639999,26.40,26.50,56500,20.357939
2012-05-17,26.76,26.76,26.440001,26.559999,92100,20.404032
2012-05-16,26.799999,26.799999,26.66,26.74,28700,20.542313
2012-05-15,26.68,26.959999,26.639999,26.860001,33000,20.6345
2012-05-14,26.77,26.90,26.370001,26.700001,38300,20.511585
2012-05-11,26.700001,26.92,26.700001,26.799999,24000,20.588406
2012-05-10,26.42,26.889999,26.42,26.799999,44300,20.588406
2012-05-09,27.00,27.17,26.90,27.09,39700,20.40941
2012-05-08,27.00,27.18,27.00,27.18,16400,20.477215
2012-05-07,27.17,27.32,26.92,27.08,24000,20.401876
2012-05-04,27.02,27.209999,26.99,27.15,17600,20.454613
2012-05-03,27.00,27.02,26.969999,27.00,20000,20.341604
2012-05-02,26.969999,27.09,26.940001,27.00,30000,20.341604
2012-05-01,26.809999,26.959999,26.809999,26.950001,28400,20.303935
2012-04-30,26.92,26.93,26.77,26.809999,31000,20.198459
2012-04-27,26.889999,26.950001,26.809999,26.90,21200,20.266265
2012-04-26,26.67,26.91,26.67,26.85,31000,20.228596
2012-04-25,27.00,27.00,26.66,26.799999,52900,20.190925
2012-04-24,26.790001,26.969999,26.790001,26.91,34200,20.273799
2012-04-23,26.77,26.90,26.77,26.82,27600,20.205993
2012-04-20,26.799999,26.950001,26.75,26.77,31900,20.168324
2012-04-19,26.540001,26.799999,26.48,26.700001,24200,20.115587
2012-04-18,26.700001,26.709999,26.60,26.67,35900,20.092985
2012-04-17,26.620001,26.73,26.52,26.65,27200,20.077917
2012-04-16,26.57,26.780001,26.57,26.68,36900,20.100519
2012-04-13,26.360001,26.57,26.34,26.50,22600,19.964908
2012-04-12,26.57,26.65,26.26,26.309999,32800,19.821763
2012-04-11,26.209999,26.530001,26.209999,26.42,21700,19.904637
2012-04-10,26.610001,26.719999,26.24,26.309999,27800,19.821763
2012-04-09,26.450001,26.67,26.450001,26.48,13300,19.94984
2012-04-05,26.50,26.66,26.49,26.50,26900,19.964908
2012-04-04,26.48,26.48,26.110001,26.48,24200,19.94984
2012-04-03,26.620001,26.620001,26.370001,26.370001,20700,19.866968
2012-04-02,26.59,26.690001,26.450001,26.530001,39100,19.98751
2012-03-30,26.85,26.85,26.43,26.49,33200,19.957374
2012-03-29,26.74,26.790001,26.66,26.67,32500,20.092985
2012-03-28,26.67,26.85,26.33,26.74,57600,20.145722
2012-03-27,26.59,26.68,26.440001,26.629999,29700,20.062848
2012-03-26,26.459999,26.60,26.40,26.49,58800,19.957374
2012-03-23,26.33,26.469999,26.309999,26.459999,28200,19.934772
2012-03-22,26.280001,26.33,26.059999,26.209999,25600,19.746423
2012-03-21,26.709999,26.709999,25.959999,26.200001,64100,19.738891
2012-03-20,26.549999,26.60,26.40,26.58,48300,20.025179
2012-03-19,26.40,26.60,26.40,26.60,60000,20.040248
2012-03-16,26.49,26.57,26.360001,26.370001,49300,19.866968
2012-03-15,26.60,26.65,26.299999,26.389999,41700,19.882034
2012-03-14,26.43,26.67,26.26,26.450001,93400,19.927239
2012-03-13,26.559999,26.559999,25.959999,26.35,271600,19.851899
2012-03-12,26.67,26.67,26.43,26.50,53300,19.964908
2012-03-09,26.50,26.790001,26.389999,26.67,87700,20.092985
2012-03-08,26.469999,26.60,26.32,26.450001,48800,19.927239
2012-03-07,26.540001,26.58,26.35,26.440001,30800,19.919705
2012-03-06,26.59,26.59,26.25,26.440001,74700,19.919705
2012-03-05,26.50,26.60,26.48,26.59,43000,20.032713
2012-03-02,26.74,26.780001,26.450001,26.549999,40900,20.002577
2012-03-01,26.719999,26.950001,26.50,26.610001,78000,20.047782
2012-02-29,26.950001,26.99,26.58,26.719999,75500,20.130654
2012-02-28,26.799999,26.98,26.75,26.879999,98200,20.251197
2012-02-27,26.700001,26.84,26.49,26.83,88600,20.213528
2012-02-24,26.67,26.700001,26.52,26.68,54000,20.100519
2012-02-23,26.35,26.700001,26.35,26.67,56800,20.092985
2012-02-22,26.370001,26.43,26.35,26.41,52600,19.897103
2012-02-21,26.33,26.43,26.209999,26.299999,73900,19.814229
2012-02-17,26.33,26.40,26.219999,26.33,44400,19.836831
2012-02-16,26.34,26.35,26.15,26.219999,101100,19.753958
2012-02-15,26.34,26.34,26.129999,26.23,72700,19.761492
2012-02-14,26.24,26.360001,26.110001,26.280001,112100,19.799162
2012-02-13,26.030001,26.25,25.870001,26.219999,97000,19.753958
2012-02-10,25.870001,26.02,25.82,25.92,31000,19.52794
2012-02-09,26.139999,26.24,26.07,26.24,69000,19.375001
2012-02-08,26.16,26.219999,25.870001,26.040001,108700,19.227326
2012-02-07,26.33,26.360001,25.98,26.059999,175900,19.242093
2012-02-06,26.299999,26.35,26.17,26.25,64100,19.382385
2012-02-03,26.370001,26.379999,26.10,26.17,48400,19.323315
2012-02-02,26.299999,26.360001,26.200001,26.26,40400,19.389769
2012-02-01,26.299999,26.379999,26.23,26.35,66300,19.456223
2012-01-31,26.200001,26.23,26.01,26.23,44400,19.367617
2012-01-30,26.00,26.25,25.780001,26.08,65200,19.256861
2012-01-27,26.00,26.10,25.82,25.950001,51600,19.160872
2012-01-26,25.99,26.10,25.85,25.870001,89200,19.101802
2012-01-25,25.76,25.90,25.65,25.84,112800,19.07965
2012-01-24,26.10,26.10,25.73,25.84,106300,19.07965
2012-01-23,26.41,26.549999,25.92,26.049999,287900,19.234709
2012-01-20,25.85,26.65,25.75,26.65,654900,19.677735
2012-01-19,25.66,25.889999,25.549999,25.860001,251000,19.094418
2012-01-18,25.719999,25.74,25.610001,25.629999,88600,18.924591
2012-01-17,25.66,25.709999,25.629999,25.690001,80400,18.968894
2012-01-13,25.700001,25.700001,25.610001,25.620001,172900,18.917208
2012-01-12,25.690001,25.73,25.60,25.68,142000,18.96151
2012-01-11,25.68,25.68,25.540001,25.629999,118800,18.924591
2012-01-10,25.709999,25.709999,25.50,25.690001,120800,18.968894
2012-01-09,25.50,25.75,25.440001,25.60,137200,18.90244
2012-01-06,25.35,25.459999,25.299999,25.440001,82500,18.7843
2012-01-05,25.200001,25.389999,25.16,25.33,87200,18.703078
2012-01-04,25.23,25.23,25.15,25.16,68000,18.577554
2012-01-03,25.299999,25.299999,25.10,25.200001,95200,18.60709
2011-12-30,25.200001,25.40,25.190001,25.299999,70500,18.680926
2011-12-29,25.139999,25.200001,25.07,25.200001,43100,18.60709
2011-12-28,25.200001,25.200001,25.040001,25.09,70900,18.525868
2011-12-27,25.10,25.15,25.07,25.139999,48500,18.562786
2011-12-23,25.10,25.10,25.02,25.09,75600,18.525868
2011-12-22,25.139999,25.139999,25.030001,25.09,53200,18.525868
2011-12-21,25.15,25.15,25.030001,25.10,74200,18.533252
2011-12-20,25.08,25.15,25.00,25.08,154500,18.518484
2011-12-19,25.10,25.139999,25.08,25.08,93900,18.518484
2011-12-16,25.10,25.15,25.030001,25.10,69000,18.533252
2011-12-15,25.07,25.10,25.00,25.09,53900,18.525868
2011-12-14,25.120001,25.120001,24.959999,25.00,326800,18.459414
2011-12-13,25.139999,25.15,25.049999,25.049999,60200,18.496332
2011-12-12,25.15,25.15,25.00,25.059999,77300,18.503716
2011-12-09,25.00,25.15,24.98,25.08,86000,18.518484
2011-12-08,24.92,25.02,24.92,25.00,80500,18.459414
2011-12-07,25.00,25.02,24.950001,25.00,162000,18.459414
2011-12-06,24.99,25.02,24.91,25.00,178100,18.459414
2011-12-05,25.00,25.040001,24.93,25.00,128300,18.459414
2011-12-02,24.98,25.00,24.870001,24.99,89100,18.45203
2011-12-01,25.02,25.02,24.799999,24.84,136100,18.341274
2011-11-30,24.709999,25.200001,24.52,25.200001,132300,18.60709
2011-11-29,24.90,24.90,24.709999,24.799999,84200,18.311738
2011-11-28,24.959999,25.00,24.82,24.90,87600,18.385576
2011-11-25,24.889999,24.950001,24.77,24.90,23600,18.385576
2011-11-23,24.90,24.90,24.77,24.85,69700,18.348658
2011-11-22,24.889999,24.950001,24.700001,24.950001,148700,18.422496
2011-11-21,24.75,24.90,24.75,24.90,116700,18.385576
2011-11-18,24.99,24.99,24.709999,24.879999,308800,18.370808
