Date,Open,High,Low,Close,Volume,Adj Close
2015-10-09,20.110001,20.110001,20.110001,20.110001,000,20.05388
2015-10-08,20.26,20.309999,20.110001,20.110001,8100,20.05388
2015-10-07,20.27,20.27,20.049999,20.049999,800,19.994046
2015-10-06,20.10,20.299999,20.10,20.15,6100,20.093767
2015-10-05,20.059999,20.059999,20.059999,20.059999,500,20.004018
2015-10-02,20.059999,20.059999,20.059999,20.059999,700,20.004018
2015-10-01,20.120001,20.120001,20.120001,20.120001,000,20.063852
2015-09-30,20.24,20.24,20.120001,20.120001,500,20.063852
2015-09-29,20.059999,20.059999,20.059999,20.059999,1000,20.004018
2015-09-28,20.049999,20.25,20.049999,20.139999,6400,20.083795
2015-09-25,20.200001,20.200001,20.16,20.200001,1200,20.143629
2015-09-24,20.209999,20.209999,20.02,20.02,600,19.964131
2015-09-23,20.25,20.25,20.25,20.25,600,20.193489
2015-09-22,20.25,20.25,20.02,20.24,1400,20.183516
2015-09-21,20.280001,20.280001,20.02,20.049999,1700,19.994046
2015-09-18,20.24,20.40,20.24,20.40,1300,20.34307
2015-09-17,20.00,20.40,20.00,20.40,1400,20.34307
2015-09-16,20.01,20.26,20.01,20.26,1300,20.203461
2015-09-15,20.00,20.00,20.00,20.00,000,19.944186
2015-09-14,20.50,20.50,20.00,20.00,900,19.944186
2015-09-11,20.00,20.49,20.00,20.49,300,20.432819
2015-09-10,20.25,20.25,20.25,20.25,500,20.193489
2015-09-09,20.00,20.00,20.00,20.00,200,19.944186
2015-09-08,20.00,20.00,20.00,20.00,100,19.944186
2015-09-04,20.049999,20.049999,20.00,20.00,3700,19.944186
2015-09-03,20.059999,20.879999,20.01,20.040001,4200,19.984075
2015-09-02,20.00,20.00,19.99,19.99,5200,19.934214
2015-09-01,20.469999,20.469999,20.469999,20.469999,200,20.412874
2015-08-31,20.09,20.879999,20.09,20.879999,600,20.82173
2015-08-28,20.01,20.190001,20.00,20.190001,900,20.133657
2015-08-27,19.950001,20.25,19.950001,20.25,1200,20.193489
2015-08-26,20.00,20.00,20.00,20.00,000,19.944186
2015-08-25,20.00,20.00,20.00,20.00,300,19.944186
2015-08-24,20.00,20.10,19.50,19.50,9500,19.445582
2015-08-21,20.10,20.10,20.10,20.10,000,20.043908
2015-08-20,20.10,20.10,20.10,20.10,000,20.043908
2015-08-19,20.10,20.10,20.10,20.10,000,20.043908
2015-08-18,20.00,20.10,19.90,20.10,5700,20.043908
2015-08-17,20.049999,20.049999,20.01,20.01,2100,19.954159
2015-08-14,20.15,20.16,20.15,20.16,400,20.10374
2015-08-13,19.809999,20.00,19.809999,20.00,1700,19.944186
2015-08-12,19.66,19.799999,19.66,19.799999,300,19.744744
2015-08-11,20.200001,20.200001,20.200001,20.200001,700,20.143629
2015-08-10,20.15,20.15,20.15,20.15,000,20.093767
2015-08-07,20.15,20.15,20.15,20.15,100,20.033934
2015-08-06,20.25,20.25,20.15,20.200001,1400,20.083647
2015-08-05,20.25,20.25,20.25,20.25,100,20.133359
2015-08-04,20.01,20.190001,19.59,20.190001,3300,20.073705
2015-08-03,20.00,20.00,20.00,20.00,400,19.884799
2015-07-31,20.299999,20.299999,19.58,20.25,2000,20.133359
2015-07-30,19.629999,20.049999,19.50,19.65,9600,19.536814
2015-07-29,20.40,20.40,20.40,20.40,000,20.282494
2015-07-28,20.040001,20.40,19.51,20.40,3700,20.282494
2015-07-27,20.040001,20.049999,19.50,20.049999,2100,19.93451
2015-07-24,20.049999,20.049999,20.049999,20.049999,000,19.93451
2015-07-23,20.030001,20.049999,20.030001,20.049999,2000,19.93451
2015-07-22,19.950001,20.030001,19.50,19.66,2000,19.546757
2015-07-21,20.00,20.040001,19.93,20.040001,1600,19.924569
2015-07-20,19.91,20.16,18.50,20.139999,3800,20.023992
2015-07-17,20.00,20.00,20.00,20.00,000,19.884799
2015-07-16,20.00,20.00,20.00,20.00,000,19.884799
2015-07-15,20.49,20.49,20.00,20.00,3800,19.884799
2015-07-14,19.90,20.65,19.90,20.65,400,20.531054
2015-07-13,20.18,20.18,19.85,19.879999,8900,19.765489
2015-07-10,20.18,20.18,20.18,20.18,000,20.063762
2015-07-09,20.35,20.379999,20.18,20.18,4100,20.063762
2015-07-08,20.34,20.34,20.34,20.34,200,20.22284
2015-07-07,20.18,20.18,20.18,20.18,000,20.063762
2015-07-06,20.18,20.18,20.18,20.18,100,20.063762
2015-07-02,21.00,21.00,21.00,21.00,000,20.879038
2015-07-01,21.00,21.00,21.00,21.00,400,20.879038
2015-06-30,21.690001,21.709999,20.99,20.99,5700,20.869096
2015-06-29,21.450001,21.450001,21.00,21.00,5800,20.879038
2015-06-26,21.92,21.950001,21.82,21.83,1700,21.704258
2015-06-25,21.60,21.75,21.42,21.42,3500,21.296619
2015-06-24,21.51,21.51,21.51,21.51,100,21.386101
2015-06-23,21.42,21.719999,21.42,21.719999,500,21.594891
2015-06-22,21.65,21.700001,21.00,21.66,4100,21.535237
2015-06-19,21.73,21.74,20.23,20.23,3700,20.113473
2015-06-18,21.73,21.73,21.309999,21.309999,300,21.187252
2015-06-17,20.32,22.00,20.18,20.98,4800,20.859153
2015-06-16,20.50,20.50,20.50,20.50,300,20.381918
2015-06-15,20.450001,20.50,20.18,20.200001,3800,20.083647
2015-06-12,20.02,20.02,20.00,20.00,700,19.884799
2015-06-11,20.450001,20.450001,20.43,20.450001,700,20.332207
2015-06-10,20.120001,20.120001,20.120001,20.120001,000,20.004108
2015-06-09,20.120001,20.120001,20.120001,20.120001,000,20.004108
2015-06-08,20.120001,20.120001,20.120001,20.120001,000,20.004108
2015-06-05,20.120001,20.120001,20.120001,20.120001,000,20.004108
2015-06-04,20.120001,20.120001,20.120001,20.120001,000,20.004108
2015-06-03,20.120001,20.120001,20.120001,20.120001,000,20.004108
2015-06-02,19.950001,20.450001,19.950001,20.120001,76800,20.004108
2015-06-01,19.90,20.110001,19.90,20.110001,900,19.994166
2015-05-29,22.40,22.40,22.40,22.40,100,22.270974
2015-05-28,20.00,20.00,20.00,20.00,1200,19.884799
2015-05-27,20.00,20.00,19.690001,19.690001,500,19.576585
2015-05-26,19.809999,20.00,19.790001,20.00,1800,19.884799
2015-05-22,19.82,19.82,19.82,19.82,600,19.705835
2015-05-21,19.790001,19.790001,19.790001,19.790001,300,19.676009
2015-05-20,19.82,19.82,19.82,19.82,1500,19.705835
2015-05-19,19.719999,19.799999,19.719999,19.799999,3000,19.68595
2015-05-18,19.709999,19.709999,19.59,19.709999,2100,19.596468
2015-05-15,19.639999,19.639999,19.639999,19.639999,200,19.526872
2015-05-14,19.709999,19.709999,19.709999,19.709999,000,19.596468
2015-05-13,18.82,19.709999,18.82,19.709999,4800,19.596468
2015-05-12,19.780001,19.99,19.01,19.26,1800,19.149061
2015-05-11,19.98,19.98,19.60,19.60,200,19.487103
2015-05-08,20.440001,20.440001,19.969999,19.98,1400,19.864913
2015-05-07,20.450001,20.450001,20.01,20.01,1100,19.835088
2015-05-06,20.450001,20.450001,19.85,19.940001,4800,19.7657
2015-05-05,19.700001,19.90,19.629999,19.780001,4400,19.607099
2015-05-04,19.65,19.809999,19.65,19.809999,600,19.636835
2015-05-01,19.860001,19.860001,19.860001,19.860001,100,19.686399
2015-04-30,19.870001,19.870001,19.60,19.60,24300,19.428672
2015-04-29,19.860001,19.860001,19.860001,19.860001,100,19.686399
2015-04-28,19.51,19.870001,19.50,19.870001,4800,19.696312
2015-04-27,19.51,19.549999,19.50,19.549999,1600,19.379108
2015-04-24,19.85,19.85,19.50,19.50,6700,19.329545
2015-04-23,19.879999,19.879999,19.879999,19.879999,000,19.706223
2015-04-22,19.879999,19.879999,19.879999,19.879999,100,19.706223
2015-04-21,19.889999,19.889999,19.889999,19.889999,100,19.716136
2015-04-20,19.50,19.700001,19.50,19.700001,4200,19.527798
2015-04-17,19.51,19.52,19.50,19.50,3500,19.329545
2015-04-16,19.50,19.549999,19.50,19.549999,3500,19.379108
2015-04-15,19.50,19.50,19.50,19.50,2700,19.329545
2015-04-14,19.559999,19.559999,19.559999,19.559999,000,19.38902
2015-04-13,19.559999,19.559999,19.559999,19.559999,000,19.38902
2015-04-10,19.65,19.74,19.540001,19.559999,4100,19.38902
2015-04-09,19.65,19.65,19.58,19.65,2100,19.478234
2015-04-08,19.65,19.65,19.50,19.50,2000,19.329545
2015-04-07,19.719999,19.719999,19.719999,19.719999,000,19.547622
2015-04-06,19.84,19.84,19.719999,19.719999,200,19.547622
2015-04-02,19.66,19.66,19.66,19.66,000,19.488147
2015-04-01,19.74,19.74,19.66,19.66,200,19.488147
2015-03-31,19.65,19.65,19.65,19.65,000,19.478234
2015-03-30,19.65,19.65,19.65,19.65,1000,19.478234
2015-03-27,19.65,19.65,19.15,19.15,1000,18.982605
2015-03-26,19.57,19.57,19.57,19.57,200,19.398933
2015-03-25,19.65,19.65,19.65,19.65,000,19.478234
2015-03-24,19.24,19.700001,19.24,19.65,2000,19.478234
2015-03-23,19.25,19.25,19.25,19.25,000,19.081731
2015-03-20,19.25,19.25,19.25,19.25,000,19.081731
2015-03-19,19.25,19.25,19.25,19.25,000,19.081731
2015-03-18,19.25,19.25,19.25,19.25,100,19.081731
2015-03-17,19.450001,19.450001,19.440001,19.440001,200,19.27007
2015-03-16,19.60,19.60,19.24,19.49,1400,19.319633
2015-03-13,19.01,19.01,18.950001,18.950001,2700,18.784354
2015-03-12,18.98,18.98,18.98,18.98,000,18.81409
2015-03-11,19.01,19.059999,18.950001,18.98,3200,18.81409
2015-03-10,18.950001,18.950001,18.950001,18.950001,500,18.784354
2015-03-09,19.43,19.43,19.43,19.43,200,19.260158
2015-03-06,18.950001,18.950001,18.950001,18.950001,000,18.784354
2015-03-05,18.950001,19.40,18.950001,18.950001,3700,18.784354
2015-03-04,19.799999,19.799999,19.799999,19.799999,100,19.626922
2015-03-03,19.73,19.73,19.00,19.00,400,18.833916
2015-03-02,19.85,19.85,19.85,19.85,500,19.676486
2015-02-27,18.799999,19.00,18.75,19.00,8200,18.833916
2015-02-26,18.950001,18.950001,18.950001,18.950001,000,18.784354
2015-02-25,18.90,18.950001,18.90,18.950001,900,18.784354
2015-02-24,18.85,18.85,18.85,18.85,100,18.685228
2015-02-23,18.90,18.90,18.90,18.90,000,18.73479
2015-02-20,18.90,18.90,18.90,18.90,000,18.73479
2015-02-19,18.90,18.90,18.90,18.90,000,18.73479
2015-02-18,18.90,18.90,18.90,18.90,500,18.73479
2015-02-17,18.90,18.90,18.90,18.90,000,18.73479
2015-02-13,18.90,18.90,18.90,18.90,100,18.73479
2015-02-12,18.860001,18.860001,18.860001,18.860001,200,18.69514
2015-02-11,18.879999,18.879999,18.879999,18.879999,100,18.714964
2015-02-10,18.879999,18.879999,18.879999,18.879999,100,18.714964
2015-02-09,18.50,18.52,18.50,18.52,700,18.308549
2015-02-06,18.74,18.74,18.74,18.74,000,18.526037
2015-02-05,18.74,18.74,18.74,18.74,000,18.526037
2015-02-04,18.50,18.74,18.50,18.74,1800,18.526037
2015-02-03,18.50,18.50,18.50,18.50,1900,18.288777
2015-02-02,18.50,18.50,18.41,18.50,300,18.288777
2015-01-30,18.25,18.360001,18.25,18.360001,15100,18.150376
2015-01-29,18.360001,18.360001,18.360001,18.360001,000,18.150376
2015-01-28,18.360001,18.360001,18.360001,18.360001,100,18.150376
2015-01-27,18.299999,18.360001,18.299999,18.299999,1600,18.09106
2015-01-26,18.18,18.18,18.18,18.18,100,17.972431
2015-01-23,18.360001,18.360001,18.360001,18.360001,000,18.150376
2015-01-22,18.360001,18.360001,18.360001,18.360001,200,18.150376
2015-01-21,18.299999,18.360001,18.299999,18.360001,700,18.150376
2015-01-20,18.360001,18.360001,18.360001,18.360001,200,18.150376
2015-01-16,18.35,18.35,18.35,18.35,100,18.14049
2015-01-15,18.00,18.360001,18.00,18.10,2100,17.893345
2015-01-14,18.379999,18.379999,18.00,18.00,300,17.794486
2015-01-13,18.35,18.35,18.35,18.35,100,18.14049
2015-01-12,18.25,18.379999,18.040001,18.040001,900,17.83403
2015-01-09,18.25,18.25,18.25,18.25,100,18.041632
2015-01-08,18.23,18.25,18.00,18.02,700,17.814258
2015-01-07,18.219999,18.25,18.00,18.030001,10900,17.824144
2015-01-06,18.110001,18.34,18.110001,18.139999,2700,17.932887
2015-01-05,18.110001,18.110001,18.110001,18.110001,100,17.903231
2015-01-02,18.85,18.85,18.85,18.85,000,18.634781
2014-12-31,18.85,18.85,18.85,18.85,000,18.634781
2014-12-30,18.85,18.85,18.85,18.85,100,18.634781
2014-12-29,18.309999,18.85,18.309999,18.85,400,18.634781
2014-12-26,18.26,18.26,18.059999,18.059999,300,17.8538
2014-12-24,18.200001,18.200001,18.200001,18.200001,100,17.992203
2014-12-23,18.200001,18.200001,18.200001,18.200001,000,17.992203
2014-12-22,18.90,18.92,18.049999,18.200001,6400,17.992203
2014-12-19,18.049999,18.93,18.00,18.93,26700,18.713868
2014-12-18,18.02,18.360001,18.00,18.17,7400,17.962545
2014-12-17,18.139999,18.620001,17.85,17.889999,16000,17.685741
2014-12-16,17.889999,18.620001,17.889999,18.10,9200,17.893345
2014-12-15,18.35,18.379999,17.889999,17.950001,2500,17.745058
2014-12-12,18.219999,18.219999,18.219999,18.219999,100,18.011973
2014-12-11,18.299999,18.299999,18.299999,18.299999,100,18.09106
2014-12-10,18.299999,18.299999,18.299999,18.299999,000,18.09106
2014-12-09,18.299999,18.309999,18.299999,18.299999,1100,18.09106
2014-12-08,18.299999,18.40,18.299999,18.299999,1800,18.09106
2014-12-05,18.33,18.41,18.299999,18.40,5500,18.189919
2014-12-04,18.41,18.75,18.41,18.75,300,18.535923
2014-12-03,18.35,18.40,18.299999,18.40,600,18.189919
2014-12-02,18.26,18.26,18.26,18.26,000,18.051518
2014-12-01,18.26,18.26,18.26,18.26,300,18.051518
2014-11-28,18.84,18.879999,18.84,18.879999,300,18.664438
2014-11-26,18.450001,18.450001,18.200001,18.200001,5200,17.992203
2014-11-25,18.549999,18.549999,18.549999,18.549999,000,18.338206
2014-11-24,18.549999,18.549999,18.549999,18.549999,1100,18.338206
2014-11-21,18.75,18.75,18.75,18.75,000,18.535923
2014-11-20,18.75,18.75,18.75,18.75,200,18.535923
2014-11-19,18.75,18.75,18.35,18.700001,4000,18.486494
2014-11-18,17.92,18.49,17.92,18.32,7800,18.110832
2014-11-17,17.959999,18.00,17.870001,17.99,6100,17.7846
2014-11-14,17.85,17.950001,17.85,17.90,3200,17.695627
2014-11-13,17.860001,17.860001,17.860001,17.860001,000,17.656085
2014-11-12,17.860001,17.860001,17.860001,17.860001,000,17.656085
2014-11-11,17.85,17.860001,17.85,17.860001,400,17.656085
2014-11-10,17.85,17.85,17.85,17.85,000,17.646199
2014-11-07,17.85,17.85,17.85,17.85,000,17.646199
2014-11-06,17.85,17.85,17.85,17.85,000,17.596769
2014-11-05,17.85,17.85,17.85,17.85,000,17.596769
2014-11-04,17.85,17.85,17.85,17.85,000,17.596769
2014-11-03,17.85,17.85,17.85,17.85,000,17.596769
2014-10-31,17.870001,17.870001,17.85,17.85,1000,17.596769
2014-10-30,17.950001,17.950001,17.950001,17.950001,000,17.695351
2014-10-29,17.92,17.950001,17.92,17.950001,4300,17.695351
2014-10-28,17.559999,17.559999,17.50,17.51,3100,17.261592
2014-10-27,17.799999,17.799999,17.790001,17.799999,1300,17.547477
2014-10-24,17.75,17.77,17.75,17.77,400,17.517904
2014-10-23,17.700001,17.85,17.48,17.48,600,17.232017
2014-10-22,17.50,17.75,17.50,17.700001,3900,17.448898
2014-10-21,17.50,17.50,17.50,17.50,000,17.251734
2014-10-20,17.75,17.75,17.50,17.50,7800,17.251734
2014-10-17,17.610001,17.76,17.610001,17.610001,400,17.360174
2014-10-16,17.549999,17.719999,17.50,17.549999,4100,17.301024
2014-10-15,17.549999,17.549999,17.50,17.50,1700,17.251734
2014-10-14,17.60,17.60,17.60,17.60,300,17.350316
2014-10-13,17.700001,17.73,17.700001,17.700001,3000,17.448898
2014-10-10,18.25,18.25,17.83,17.83,1500,17.577052
2014-10-09,18.10,18.10,17.879999,17.879999,1300,17.626342
2014-10-08,18.440001,18.440001,17.58,17.93,1100,17.675634
2014-10-07,17.610001,17.610001,17.60,17.60,500,17.350316
2014-10-06,18.25,18.25,17.700001,17.700001,1000,17.448898
2014-10-03,18.02,18.02,18.02,18.02,000,17.764358
2014-10-02,17.98,18.02,17.610001,18.02,1600,17.764358
2014-10-01,17.809999,18.00,17.809999,17.969999,1400,17.715066
2014-09-30,17.959999,17.959999,17.780001,17.809999,700,17.557336
2014-09-29,17.620001,17.809999,17.620001,17.620001,600,17.370033
2014-09-26,17.75,17.75,17.75,17.75,1200,17.498187
2014-09-25,17.90,17.90,17.90,17.90,000,17.646059
2014-09-24,17.90,17.90,17.90,17.90,000,17.646059
2014-09-23,17.98,17.98,17.90,17.90,600,17.646059
2014-09-22,18.00,18.00,18.00,18.00,000,17.744641
2014-09-19,17.629999,18.059999,17.629999,18.00,1900,17.744641
2014-09-18,17.959999,17.969999,17.959999,17.969999,500,17.715066
2014-09-17,17.77,17.77,17.77,17.77,200,17.517904
2014-09-16,18.00,18.00,17.700001,17.85,2100,17.596769
2014-09-15,17.58,17.58,17.58,17.58,200,17.330599
2014-09-12,18.75,18.75,18.75,18.75,000,18.484001
2014-09-11,17.559999,18.75,17.559999,18.75,300,18.484001
2014-09-10,17.549999,18.01,17.549999,18.01,2100,17.754499
2014-09-09,17.92,17.969999,17.50,17.52,2100,17.271451
2014-09-08,17.969999,17.969999,17.969999,17.969999,200,17.715066
2014-09-05,17.950001,17.950001,17.950001,17.950001,000,17.695351
2014-09-04,17.950001,17.950001,17.950001,17.950001,000,17.695351
2014-09-03,17.950001,17.950001,17.950001,17.950001,000,17.695351
2014-09-02,18.700001,18.75,17.950001,17.950001,900,17.695351
2014-08-29,18.73,18.73,18.73,18.73,200,18.464284
2014-08-28,18.57,18.57,18.549999,18.549999,1600,18.286837
2014-08-27,18.74,18.74,18.74,18.74,600,18.474143
2014-08-26,18.719999,18.719999,18.719999,18.719999,100,18.454426
2014-08-25,18.50,18.50,18.50,18.50,700,18.237548
2014-08-22,18.459999,18.459999,18.459999,18.459999,200,18.198114
2014-08-21,17.98,18.00,17.969999,18.00,1000,17.744641
2014-08-20,17.73,18.00,17.700001,18.00,3200,17.744641
2014-08-19,17.98,17.98,17.98,17.98,100,17.724924
2014-08-18,17.530001,18.00,17.530001,18.00,6900,17.744641
2014-08-15,18.040001,18.040001,18.040001,18.040001,100,17.784074
2014-08-14,17.50,18.27,17.50,17.85,4700,17.596769
2014-08-13,18.74,18.74,18.74,18.74,100,18.474143
2014-08-12,17.77,17.77,17.77,17.77,300,17.517904
2014-08-11,18.60,18.60,17.75,18.00,900,17.744641
2014-08-08,18.540001,18.540001,18.540001,18.540001,100,18.22769
2014-08-07,18.74,18.74,18.74,18.74,100,18.42432
2014-08-06,18.74,18.74,18.50,18.50,700,18.188363
2014-08-05,18.74,18.74,18.74,18.74,100,18.42432
2014-08-04,18.60,18.719999,18.60,18.719999,900,18.404657
2014-08-01,18.00,18.540001,18.00,18.540001,1600,18.22769
2014-07-31,18.309999,18.32,18.01,18.01,800,17.706618
2014-07-30,17.65,18.24,17.65,18.24,1300,17.932743
2014-07-29,17.440001,18.23,17.41,17.549999,7000,17.254366
2014-07-28,17.41,17.41,17.41,17.41,000,17.116724
2014-07-25,17.41,17.41,17.41,17.41,100,17.116724
2014-07-24,17.50,17.50,17.50,17.50,000,17.205209
2014-07-23,17.50,17.50,17.50,17.50,000,17.205209
2014-07-22,17.25,17.50,17.200001,17.50,2200,17.205209
2014-07-21,17.139999,17.139999,17.09,17.09,200,16.802115
2014-07-18,17.389999,17.389999,17.16,17.26,4400,16.969252
2014-07-17,17.32,17.459999,17.139999,17.25,7500,16.95942
2014-07-16,17.450001,17.450001,17.309999,17.309999,2300,17.018409
2014-07-15,17.360001,17.360001,17.360001,17.360001,000,17.067567
2014-07-14,17.379999,17.389999,17.309999,17.360001,1000,17.067567
2014-07-11,17.50,17.50,17.50,17.50,100,17.205209
2014-07-10,17.299999,17.299999,17.299999,17.299999,1400,17.008577
2014-07-09,17.299999,17.299999,17.299999,17.299999,000,17.008577
2014-07-08,17.32,17.32,17.299999,17.299999,700,17.008577
2014-07-07,17.26,17.50,17.25,17.50,900,17.205209
2014-07-03,17.40,17.40,17.40,17.40,000,17.106893
2014-07-02,17.459999,17.459999,17.40,17.40,1700,17.106893
2014-07-01,17.49,17.49,17.49,17.49,000,17.195377
2014-06-30,17.25,17.50,17.25,17.49,2400,17.195377
2014-06-27,17.51,17.51,17.51,17.51,000,17.21504
2014-06-26,17.51,17.51,17.51,17.51,700,17.21504
2014-06-25,17.50,17.50,17.50,17.50,000,17.205209
2014-06-24,17.50,17.50,17.50,17.50,200,17.205209
2014-06-23,17.49,17.49,17.49,17.49,000,17.195377
2014-06-20,17.49,17.50,17.469999,17.49,800,17.195377
2014-06-19,17.50,17.50,17.50,17.50,000,17.205209
2014-06-18,17.50,17.50,17.50,17.50,000,17.205209
2014-06-17,17.50,17.50,17.50,17.50,700,17.205209
2014-06-16,17.40,17.40,17.40,17.40,000,17.106893
2014-06-13,17.40,17.40,17.40,17.40,100,17.106893
2014-06-12,17.26,17.309999,17.26,17.309999,400,17.018409
2014-06-11,17.35,17.360001,17.35,17.35,1800,17.057736
2014-06-10,17.25,17.25,17.25,17.25,000,16.95942
2014-06-09,17.25,17.32,17.25,17.25,1300,16.95942
2014-06-06,17.40,17.40,17.26,17.26,800,16.969252
2014-06-05,17.25,17.35,17.25,17.35,1900,17.057736
2014-06-04,17.35,17.35,17.08,17.33,1500,17.038072
2014-06-03,17.440001,17.50,17.01,17.50,3700,17.205209
2014-06-02,17.24,17.50,17.24,17.50,1500,17.205209
2014-05-30,17.07,17.440001,17.059999,17.440001,4600,17.14622
2014-05-29,17.049999,17.049999,16.879999,17.00,3400,16.713631
2014-05-28,17.040001,17.040001,17.00,17.00,1100,16.713631
2014-05-27,17.040001,17.040001,16.860001,17.00,1300,16.713631
2014-05-23,17.040001,17.049999,17.00,17.040001,2500,16.752958
2014-05-22,17.01,17.040001,17.00,17.00,1500,16.713631
2014-05-21,17.01,17.15,17.00,17.15,2700,16.861104
2014-05-20,16.950001,17.450001,16.93,16.93,800,16.644811
2014-05-19,16.959999,16.959999,16.959999,16.959999,000,16.674304
2014-05-16,16.959999,16.959999,16.959999,16.959999,000,16.674304
2014-05-15,17.200001,17.209999,16.959999,16.959999,1500,16.674304
2014-05-14,17.26,17.26,17.139999,17.139999,5800,16.851272
2014-05-13,16.84,17.48,16.84,17.299999,13700,17.008577
2014-05-12,17.219999,17.219999,17.219999,17.219999,000,16.929925
2014-05-09,17.219999,17.219999,17.219999,17.219999,000,16.929925
2014-05-08,17.219999,17.219999,17.219999,17.219999,200,16.880767
2014-05-07,16.879999,17.18,16.879999,17.18,1200,16.841555
2014-05-06,16.91,16.91,16.91,16.91,400,16.576874
2014-05-05,17.219999,17.219999,16.709999,16.709999,5700,16.380813
2014-05-02,17.120001,17.120001,17.08,17.120001,1100,16.782738
2014-05-01,17.209999,17.209999,16.92,16.92,400,16.586677
2014-04-30,17.209999,17.209999,17.209999,17.209999,700,16.870963
2014-04-29,17.280001,17.280001,16.610001,16.77,3800,16.439633
2014-04-28,17.280001,17.280001,17.280001,17.280001,100,16.939586
2014-04-25,17.33,17.33,17.33,17.33,000,16.9886
2014-04-24,17.33,17.33,17.33,17.33,000,16.9886
2014-04-23,16.549999,17.33,16.549999,17.33,1200,16.9886
2014-04-22,17.209999,17.209999,17.209999,17.209999,200,16.870963
2014-04-21,17.299999,17.299999,17.10,17.299999,2300,16.95919
2014-04-17,17.25,17.25,17.25,17.25,200,16.910176
2014-04-16,17.32,17.389999,17.25,17.389999,2400,17.047418
2014-04-15,17.40,17.40,17.40,17.40,100,17.057221
2014-04-14,17.25,17.299999,17.25,17.299999,700,16.95919
2014-04-11,17.299999,17.299999,17.299999,17.299999,100,16.95919
2014-04-10,17.280001,17.280001,17.25,17.25,1000,16.910176
2014-04-09,17.25,17.25,17.25,17.25,000,16.910176
2014-04-08,17.25,17.25,17.25,17.25,600,16.910176
2014-04-07,17.25,17.25,17.25,17.25,700,16.910176
2014-04-04,17.360001,17.40,17.360001,17.40,1500,17.057221
2014-04-03,17.25,17.25,17.25,17.25,000,16.910176
2014-04-02,17.049999,17.25,17.049999,17.25,800,16.910176
2014-04-01,17.25,17.25,17.15,17.15,1400,16.812146
2014-03-31,17.34,17.40,17.299999,17.299999,7000,16.95919
2014-03-28,17.209999,17.450001,17.209999,17.450001,4700,17.106237
2014-03-27,17.40,17.40,17.40,17.40,000,17.057221
2014-03-26,17.360001,17.40,17.360001,17.40,900,17.057221
2014-03-25,17.450001,17.450001,17.200001,17.35,2800,17.008207
2014-03-24,17.40,17.40,17.40,17.40,000,17.057221
2014-03-21,17.40,17.40,17.40,17.40,400,17.057221
2014-03-20,17.35,17.58,17.299999,17.450001,9200,17.106237
2014-03-19,17.219999,17.25,17.219999,17.25,4400,16.910176
2014-03-18,17.10,17.25,17.10,17.15,2200,16.812146
2014-03-17,17.09,17.10,17.02,17.10,2200,16.763132
2014-03-14,17.120001,17.120001,17.120001,17.120001,900,16.782738
2014-03-13,17.18,17.18,17.18,17.18,000,16.841555
2014-03-12,17.25,17.25,17.18,17.18,600,16.841555
2014-03-11,17.23,17.23,17.200001,17.23,20200,16.89057
2014-03-10,17.209999,17.209999,17.209999,17.209999,700,16.870963
2014-03-07,17.25,17.25,17.209999,17.209999,9000,16.870963
2014-03-06,17.24,17.25,17.24,17.25,1600,16.910176
2014-03-05,17.24,17.25,17.01,17.139999,6600,16.802343
2014-03-04,17.110001,17.25,17.110001,17.209999,5600,16.870963
2014-03-03,17.10,17.24,17.030001,17.23,2100,16.89057
2014-02-28,17.15,17.15,17.15,17.15,200,16.812146
2014-02-27,17.190001,17.200001,17.15,17.15,3800,16.812146
2014-02-26,17.15,17.18,17.15,17.18,2200,16.841555
2014-02-25,17.209999,17.219999,17.17,17.17,4600,16.831752
2014-02-24,17.18,17.190001,17.15,17.18,1600,16.841555
2014-02-21,17.219999,17.219999,17.15,17.15,7900,16.812146
2014-02-20,17.209999,17.209999,17.209999,17.209999,1100,16.870963
2014-02-19,17.15,17.15,17.15,17.15,1900,16.812146
2014-02-18,17.110001,17.299999,17.110001,17.209999,11300,16.870963
2014-02-14,17.110001,17.110001,17.00,17.00,20200,16.665101
2014-02-13,17.00,17.00,17.00,17.00,000,16.665101
2014-02-12,17.00,17.00,17.00,17.00,000,16.665101
2014-02-11,16.889999,17.00,16.889999,17.00,6600,16.665101
2014-02-10,16.870001,16.870001,16.870001,16.870001,800,16.488648
2014-02-07,16.85,16.85,16.85,16.85,16500,16.4691
2014-02-06,17.00,17.00,17.00,17.00,1400,16.615709
2014-02-05,16.75,16.75,16.75,16.75,000,16.37136
2014-02-04,17.200001,17.200001,16.75,16.75,2200,16.37136
2014-02-03,17.01,17.24,17.01,17.110001,3500,16.723223
2014-01-31,16.950001,17.24,16.85,16.85,4600,16.4691
2014-01-30,16.950001,16.950001,16.799999,16.950001,4100,16.56684
2014-01-29,16.799999,16.799999,16.799999,16.799999,1600,16.420229
2014-01-28,16.870001,16.870001,16.870001,16.870001,000,16.488648
2014-01-27,16.870001,16.870001,16.870001,16.870001,100,16.488648
2014-01-24,16.799999,16.85,16.799999,16.82,8400,16.439778
2014-01-23,16.700001,16.799999,16.68,16.799999,2400,16.420229
2014-01-22,16.620001,16.90,16.549999,16.90,4000,16.517969
2014-01-21,16.860001,16.879999,16.860001,16.860001,1000,16.478874
2014-01-17,16.68,16.860001,16.68,16.85,9600,16.4691
2014-01-16,16.85,16.870001,16.85,16.870001,2100,16.488648
2014-01-15,16.85,16.90,16.85,16.90,3300,16.517969
2014-01-14,16.860001,16.860001,16.860001,16.860001,000,16.478874
2014-01-13,16.799999,16.860001,16.799999,16.860001,4900,16.478874
2014-01-10,16.85,16.85,16.85,16.85,000,16.4691
2014-01-09,16.860001,16.870001,16.85,16.85,28400,16.4691
2014-01-08,16.860001,16.860001,16.860001,16.860001,900,16.478874
2014-01-07,16.85,16.860001,16.85,16.85,20200,16.4691
2014-01-06,16.90,16.90,16.85,16.860001,7400,16.478874
2014-01-03,16.90,16.90,16.870001,16.90,4800,16.517969
2014-01-02,16.90,16.90,16.90,16.90,400,16.517969
2013-12-31,16.889999,16.90,16.889999,16.90,700,16.517969
2013-12-30,16.889999,16.90,16.85,16.879999,4400,16.498421
2013-12-27,16.75,16.75,16.75,16.75,700,16.37136
2013-12-26,16.75,16.75,16.610001,16.65,5100,16.27362
2013-12-24,16.91,16.91,16.91,16.91,000,16.527743
2013-12-23,16.879999,16.91,16.879999,16.91,200,16.527743
2013-12-20,17.059999,17.290001,16.870001,16.870001,3000,16.488648
2013-12-19,16.85,16.90,16.85,16.85,3200,16.4691
2013-12-18,16.85,16.85,16.85,16.85,1200,16.4691
2013-12-17,16.99,16.99,16.99,16.99,200,16.605935
2013-12-16,16.85,16.85,16.85,16.85,3900,16.4691
2013-12-13,16.99,16.99,16.99,16.99,500,16.605935
2013-12-12,16.690001,17.16,16.690001,16.82,4900,16.439778
2013-12-11,16.75,16.90,16.709999,16.709999,3400,16.332264
2013-12-10,16.73,16.90,16.73,16.809999,14800,16.430003
2013-12-09,16.90,16.90,16.85,16.85,1600,16.4691
2013-12-06,16.959999,17.00,16.85,16.90,7900,16.517969
2013-12-05,17.00,17.00,16.85,16.940001,6800,16.557066
2013-12-04,17.00,17.10,17.00,17.00,3300,16.615709
2013-12-03,17.24,17.24,16.85,17.02,17500,16.635257
2013-12-02,16.940001,17.219999,16.940001,17.219999,300,16.830735
2013-11-29,16.85,16.85,16.85,16.85,000,16.4691
2013-11-27,16.85,16.85,16.85,16.85,9100,16.4691
2013-11-26,16.889999,17.17,16.85,16.85,14800,16.4691
2013-11-25,16.860001,16.860001,16.76,16.85,10300,16.4691
2013-11-22,16.75,16.799999,16.75,16.77,1900,16.390909
2013-11-21,16.84,16.84,16.77,16.77,600,16.390909
2013-11-20,16.85,16.85,16.85,16.85,300,16.4691
2013-11-19,16.75,16.75,16.75,16.75,800,16.37136
2013-11-18,16.700001,16.700001,16.700001,16.700001,500,16.322491
2013-11-15,16.84,16.84,16.84,16.84,300,16.459326
2013-11-14,16.780001,16.799999,16.780001,16.799999,2800,16.420229
2013-11-13,16.50,16.68,16.50,16.68,1400,16.302943
2013-11-12,16.59,16.59,16.59,16.59,000,16.214977
2013-11-11,16.59,16.59,16.59,16.59,000,16.214977
2013-11-08,16.59,16.59,16.59,16.59,300,16.214977
2013-11-07,16.700001,16.700001,16.25,16.700001,4400,16.273621
2013-11-06,16.799999,16.799999,16.799999,16.799999,200,16.371067
2013-11-05,16.799999,16.950001,16.74,16.860001,18800,16.429536
2013-11-04,16.299999,16.98,16.299999,16.85,13500,16.419791
2013-11-01,16.00,16.200001,16.00,16.18,3400,15.766897
2013-10-31,16.15,16.16,15.70,16.040001,8200,15.630472
2013-10-30,15.93,16.09,15.60,16.09,400,15.679195
2013-10-29,16.42,16.559999,15.85,16.559999,3800,16.137194
2013-10-28,16.209999,16.209999,16.209999,16.209999,000,15.79613
2013-10-25,15.84,16.33,15.81,16.209999,2200,15.79613
2013-10-24,15.65,15.84,15.25,15.83,1600,15.425833
2013-10-23,15.55,15.56,15.51,15.51,400,15.114003
2013-10-22,15.50,15.50,15.50,15.50,100,15.104259
2013-10-21,15.60,15.60,15.60,15.60,000,15.201706
2013-10-18,15.61,15.61,15.60,15.60,700,15.201706
2013-10-17,15.60,15.60,15.60,15.60,2000,15.201706
2013-10-16,15.73,15.73,15.73,15.73,000,15.328386
2013-10-15,15.26,15.73,15.26,15.73,10000,15.328386
2013-10-14,15.55,15.55,15.09,15.09,200,14.704727
2013-10-11,15.65,15.83,15.42,15.42,600,15.026301
2013-10-10,15.45,15.45,15.45,15.45,100,15.055535
2013-10-09,15.30,15.30,15.25,15.25,3600,14.860641
2013-10-08,15.10,15.15,15.09,15.12,2600,14.73396
2013-10-07,15.35,15.35,15.19,15.19,400,14.802173
2013-10-04,15.58,15.58,15.35,15.35,5600,14.958089
2013-10-03,15.25,15.46,15.25,15.40,2200,15.006811
2013-10-02,15.46,15.46,15.30,15.35,3300,14.958089
2013-10-01,15.11,15.15,15.11,15.11,2200,14.724216
2013-09-30,15.11,15.11,15.11,15.11,14000,14.724216
2013-09-27,15.50,15.50,15.10,15.11,2800,14.724216
2013-09-26,15.46,15.46,15.10,15.26,2100,14.870386
2013-09-25,15.25,15.44,15.06,15.37,1100,14.977578
2013-09-24,15.31,15.31,15.05,15.14,900,14.75345
2013-09-23,15.19,15.35,15.02,15.12,1900,14.73396
2013-09-20,15.65,15.65,15.02,15.02,11000,14.636514
2013-09-19,15.43,15.65,15.43,15.64,400,15.240684
2013-09-18,15.35,15.55,15.35,15.55,5100,15.152982
2013-09-17,15.36,15.50,15.36,15.50,2800,15.104259
2013-09-16,15.31,15.46,15.31,15.34,1200,14.948344
2013-09-13,15.20,15.30,15.20,15.30,10900,14.909365
2013-09-12,15.20,15.20,15.20,15.20,7200,14.811918
2013-09-11,15.15,15.20,15.15,15.15,3400,14.763194
2013-09-10,15.23,15.25,15.15,15.15,3400,14.763194
2013-09-09,15.30,15.30,15.15,15.21,5400,14.821663
2013-09-06,15.20,15.48,15.20,15.28,5700,14.889875
2013-09-05,15.20,15.20,15.10,15.20,2600,14.811918
2013-09-04,15.15,15.15,15.00,15.15,5800,14.763194
2013-09-03,14.99,15.14,14.99,15.00,900,14.617024
2013-08-30,15.00,15.00,15.00,15.00,000,14.617024
2013-08-29,15.00,15.00,14.95,15.00,45100,14.617024
2013-08-28,15.00,15.00,14.99,15.00,12700,14.617024
2013-08-27,15.05,15.05,14.95,14.95,2000,14.568301
2013-08-26,15.00,15.25,15.00,15.07,3800,14.685237
2013-08-23,14.90,14.90,14.90,14.90,900,14.519577
2013-08-22,15.00,15.00,14.95,14.95,3500,14.568301
2013-08-21,15.06,15.06,14.93,14.93,200,14.548812
2013-08-20,15.00,15.00,15.00,15.00,400,14.617024
2013-08-19,14.96,14.96,14.96,14.96,000,14.578046
2013-08-16,14.96,14.96,14.96,14.96,000,14.578046
2013-08-15,15.08,15.21,14.92,14.96,1200,14.578046
2013-08-14,15.00,15.24,14.92,15.05,4300,14.665748
2013-08-13,15.35,15.35,14.70,15.05,3000,14.665748
2013-08-12,14.59,15.49,14.59,15.49,33400,15.094514
2013-08-09,14.50,14.58,14.50,14.55,1000,14.178514
2013-08-08,14.65,14.65,14.65,14.65,300,14.227237
2013-08-07,14.56,14.56,14.56,14.56,000,14.139835
2013-08-06,14.60,14.70,14.56,14.56,6700,14.139835
2013-08-05,14.50,14.60,14.50,14.57,3200,14.149546
2013-08-02,14.27,14.49,14.27,14.49,1500,14.071854
2013-08-01,14.25,14.25,14.25,14.25,000,13.83878
2013-07-31,14.25,14.25,14.25,14.25,600,13.83878
2013-07-30,14.24,14.24,14.18,14.18,400,13.770801
2013-07-29,14.24,14.24,14.22,14.24,1900,13.829069
2013-07-26,14.22,14.22,14.22,14.22,000,13.809646
2013-07-25,14.22,14.22,14.22,14.22,000,13.809646
2013-07-24,14.22,14.22,14.22,14.22,100,13.809646
2013-07-23,13.99,14.25,13.99,14.25,500,13.83878
2013-07-22,13.99,13.99,13.99,13.99,100,13.586283
2013-07-19,13.73,13.73,13.73,13.73,000,13.333786
2013-07-18,13.73,13.73,13.73,13.73,000,13.333786
2013-07-17,13.78,13.78,13.73,13.73,7500,13.333786
2013-07-16,13.65,13.73,13.65,13.73,200,13.333786
2013-07-15,13.75,13.75,13.70,13.70,4500,13.304652
2013-07-12,13.53,13.78,13.53,13.78,600,13.382343
2013-07-11,13.77,13.77,13.77,13.77,000,13.372632
2013-07-10,13.77,13.77,13.77,13.77,100,13.372632
2013-07-09,13.50,13.50,13.50,13.50,1200,13.110423
2013-07-08,13.71,13.77,13.60,13.60,1300,13.207538
2013-07-05,13.50,13.77,13.50,13.74,300,13.343497
2013-07-03,13.75,13.75,13.75,13.75,800,13.353209
2013-07-02,13.75,13.75,13.75,13.75,500,13.353209
2013-07-01,13.59,13.77,13.59,13.77,200,13.372632
2013-06-28,13.50,13.76,13.50,13.76,4200,13.362921
2013-06-27,13.40,13.40,13.40,13.40,100,13.013309
2013-06-26,13.60,13.60,13.60,13.60,000,13.207538
2013-06-25,13.60,13.70,13.60,13.60,1000,13.207538
2013-06-24,13.78,13.78,13.60,13.60,1400,13.207538
2013-06-21,13.60,13.60,13.58,13.58,1200,13.188115
2013-06-20,13.65,13.65,13.65,13.65,000,13.256094
2013-06-19,13.90,13.90,13.65,13.65,5400,13.256094
2013-06-18,13.68,13.68,13.68,13.68,100,13.285229
2013-06-17,13.90,13.90,13.90,13.90,000,13.49888
2013-06-14,13.89,13.90,13.89,13.90,900,13.49888
2013-06-13,13.76,13.76,13.76,13.76,600,13.362921
2013-06-12,13.88,13.88,13.88,13.88,000,13.479458
2013-06-11,13.88,13.88,13.88,13.88,100,13.479458
2013-06-10,13.73,13.90,13.73,13.90,1000,13.49888
2013-06-07,13.36,13.75,13.35,13.75,2200,13.353209
2013-06-06,13.31,13.31,13.30,13.31,2100,12.925907
2013-06-05,13.50,13.50,13.26,13.26,900,12.877349
2013-06-04,13.23,13.23,13.23,13.23,600,12.848214
2013-06-03,13.18,13.18,13.15,13.15,1200,12.770523
2013-05-31,13.16,13.99,13.16,13.99,2300,13.586283
2013-05-30,13.09,13.09,13.09,13.09,200,12.712255
2013-05-29,13.50,13.75,13.15,13.15,1100,12.770523
2013-05-28,13.99,14.06,13.50,13.50,6800,13.110423
2013-05-24,12.76,13.94,12.76,13.94,2200,13.537726
2013-05-23,12.76,12.81,12.76,12.77,1800,12.40149
2013-05-22,12.74,12.74,12.74,12.74,100,12.372355
2013-05-21,12.80,12.97,12.80,12.97,1200,12.595718
2013-05-20,12.67,12.86,12.67,12.67,8900,12.304375
2013-05-17,12.60,12.60,12.60,12.60,1500,12.236396
2013-05-16,12.60,12.61,12.60,12.61,4300,12.246106
2013-05-15,12.75,12.75,12.75,12.75,2300,12.382067
2013-05-14,12.85,12.85,12.71,12.80,3100,12.430624
2013-05-13,12.84,12.84,12.84,12.84,000,12.469469
2013-05-10,12.90,12.90,12.84,12.84,5100,12.469469
2013-05-09,12.85,12.90,12.75,12.90,2800,12.527738
2013-05-08,12.84,12.85,12.76,12.76,1400,12.343221
2013-05-07,12.75,12.75,12.75,12.75,100,12.333548
2013-05-06,12.83,12.83,12.83,12.83,200,12.410935
2013-05-03,12.85,12.85,12.85,12.85,300,12.430282
2013-05-02,12.68,12.68,12.60,12.65,10000,12.236814
2013-05-01,12.50,13.00,12.50,12.66,7300,12.246487
2013-04-30,12.50,12.50,12.48,12.48,9800,12.072366
2013-04-29,12.50,12.50,12.50,12.50,2600,12.091713
2013-04-26,12.60,12.65,12.45,12.46,11900,12.05302
2013-04-25,12.63,12.70,12.63,12.68,500,12.265834
2013-04-24,12.66,12.67,12.65,12.65,1900,12.236814
2013-04-23,12.60,12.60,12.60,12.60,000,12.188447
2013-04-22,12.60,12.60,12.60,12.60,100,12.188447
2013-04-19,12.90,12.90,12.60,12.60,3400,12.188447
2013-04-18,12.70,12.70,12.70,12.70,100,12.285181
2013-04-17,12.74,12.74,12.74,12.74,100,12.323874
2013-04-16,12.67,13.76,12.50,13.03,15200,12.604402
2013-04-15,12.66,12.66,12.66,12.66,100,12.246487
2013-04-12,12.70,12.70,12.70,12.70,200,12.285181
2013-04-11,12.72,12.72,12.71,12.71,600,12.294854
2013-04-10,12.82,12.86,12.70,12.71,1700,12.294854
2013-04-09,12.64,12.90,12.64,12.74,2600,12.323874
2013-04-08,12.50,12.50,12.50,12.50,2000,12.091713
2013-04-05,12.65,12.66,12.64,12.65,2600,12.236814
2013-04-04,12.73,12.73,12.50,12.50,5100,12.091713
2013-04-03,12.75,12.75,12.75,12.75,300,12.333548
2013-04-02,12.66,12.66,12.66,12.66,000,12.246487
2013-04-01,12.66,12.66,12.66,12.66,000,12.246487
2013-03-28,12.59,12.66,12.59,12.66,600,12.246487
2013-03-27,12.95,12.95,12.70,12.70,1000,12.285181
2013-03-26,12.76,12.96,12.76,12.96,500,12.536688
2013-03-25,12.62,12.62,12.62,12.62,000,12.207794
2013-03-22,12.62,12.62,12.62,12.62,100,12.207794
2013-03-21,13.00,13.00,13.00,13.00,000,12.575382
2013-03-20,12.95,13.00,12.95,13.00,1900,12.575382
2013-03-19,13.06,13.06,13.06,13.06,100,12.633423
2013-03-18,12.90,13.27,12.90,12.98,2000,12.556035
2013-03-15,13.00,13.00,13.00,13.00,300,12.575382
2013-03-14,13.00,13.00,13.00,13.00,1700,12.575382
2013-03-13,13.00,13.00,13.00,13.00,1000,12.575382
2013-03-12,12.75,12.75,12.75,12.75,000,12.333548
2013-03-11,12.75,12.75,12.75,12.75,000,12.333548
2013-03-08,12.75,12.75,12.75,12.75,500,12.333548
2013-03-07,12.92,12.92,12.79,12.79,900,12.372241
2013-03-06,12.75,12.75,12.75,12.75,000,12.333548
2013-03-05,12.75,12.75,12.75,12.75,300,12.333548
2013-03-04,12.75,12.75,12.75,12.75,000,12.333548
2013-03-01,12.52,12.75,12.52,12.75,300,12.333548
2013-02-28,12.70,12.70,12.70,12.70,000,12.285181
2013-02-27,12.60,12.70,12.42,12.70,4200,12.285181
2013-02-26,12.69,12.69,12.65,12.65,2100,12.236814
2013-02-25,12.70,12.70,12.70,12.70,200,12.285181
2013-02-22,12.65,12.65,12.65,12.65,200,12.236814
2013-02-21,12.87,12.87,12.65,12.65,600,12.236814
2013-02-20,12.83,13.00,12.83,12.85,6100,12.430282
2013-02-19,13.37,13.37,13.37,13.37,000,12.933297
2013-02-15,13.37,13.37,13.37,13.37,000,12.933297
2013-02-14,13.40,13.40,13.37,13.37,2000,12.933297
2013-02-13,12.75,13.00,12.75,12.81,3000,12.391588
2013-02-12,12.75,12.75,12.75,12.75,100,12.333548
2013-02-11,12.75,12.75,12.75,12.75,1000,12.333548
2013-02-08,12.97,12.97,12.75,12.97,2400,12.546362
2013-02-07,12.50,12.50,12.50,12.50,100,12.091713
2013-02-06,12.90,12.90,12.11,12.80,2800,12.381915
2013-02-05,12.90,12.90,12.85,12.90,1100,12.478648
2013-02-04,12.25,12.25,12.25,12.25,000,11.849879
2013-02-01,12.05,12.83,12.05,12.25,13500,11.849879
2013-01-31,12.08,12.15,12.05,12.05,1400,11.656412
2013-01-30,11.80,11.80,11.69,11.79,500,11.404904
2013-01-29,11.85,11.85,11.80,11.80,900,11.414578
2013-01-28,11.89,11.89,11.89,11.89,2000,11.501638
2013-01-25,11.80,11.83,11.80,11.83,1200,11.443597
2013-01-24,11.65,11.65,11.65,11.65,000,11.269477
2013-01-23,11.05,11.65,11.05,11.65,2900,11.269477
2013-01-22,10.95,11.05,10.85,11.05,4500,10.689075
2013-01-18,10.89,10.98,10.89,10.94,2800,10.582667
2013-01-17,10.82,10.82,10.80,10.80,4000,10.447241
2013-01-16,10.79,10.79,10.76,10.79,2500,10.437567
2013-01-15,10.75,10.75,10.75,10.75,2200,10.398874
2013-01-14,10.75,10.75,10.75,10.75,600,10.398874
2013-01-11,10.65,10.65,10.65,10.65,1200,10.302139
2013-01-10,10.60,10.69,10.60,10.64,6400,10.292467
2013-01-09,10.59,10.60,10.59,10.60,1500,10.253773
2013-01-08,10.40,10.40,10.40,10.40,000,10.060305
2013-01-07,10.60,10.60,10.40,10.40,3400,10.060305
2013-01-04,10.60,10.60,10.60,10.60,200,10.253773
2013-01-03,10.60,10.60,10.60,10.60,4100,10.253773
2013-01-02,10.50,10.50,10.50,10.50,2100,10.157039
2012-12-31,10.40,10.40,10.40,10.40,000,10.060305
2012-12-28,10.40,10.40,10.40,10.40,300,10.060305
2012-12-27,10.40,10.50,10.40,10.50,5400,10.157039
2012-12-26,10.49,10.50,10.49,10.50,500,10.157039
2012-12-24,10.40,10.40,10.40,10.40,800,10.060305
2012-12-21,10.50,10.50,10.40,10.40,5100,10.060305
2012-12-20,10.35,10.35,10.35,10.35,000,10.011939
2012-12-19,10.35,10.35,10.35,10.35,1200,10.011939
2012-12-18,10.40,10.40,10.32,10.32,2500,9.982918
2012-12-17,10.36,10.36,10.35,10.35,300,10.011939
2012-12-14,10.31,10.31,10.31,10.31,000,9.973246
2012-12-13,10.31,10.31,10.31,10.31,000,9.973246
2012-12-12,10.40,10.40,10.25,10.31,4400,9.973246
2012-12-11,10.26,10.26,10.26,10.26,200,9.924879
2012-12-10,10.21,10.21,10.21,10.21,000,9.876512
2012-12-07,10.21,10.21,10.21,10.21,000,9.876512
2012-12-06,10.21,10.21,10.21,10.21,200,9.876512
2012-12-05,10.40,10.40,10.40,10.40,1400,10.060305
2012-12-04,10.40,10.40,10.40,10.40,1000,10.060305
2012-12-03,10.20,10.23,10.20,10.23,1000,9.895858
2012-11-30,10.16,10.16,10.16,10.16,000,9.828145
2012-11-29,10.16,10.16,10.16,10.16,000,9.828145
2012-11-28,10.16,10.16,10.16,10.16,000,9.828145
2012-11-27,10.16,10.16,10.16,10.16,000,9.828145
2012-11-26,10.16,10.16,10.16,10.16,000,9.828145
2012-11-23,10.18,10.18,10.16,10.16,1800,9.828145
2012-11-21,10.16,10.17,10.15,10.16,11700,9.828145
2012-11-20,10.24,10.25,10.24,10.25,4500,9.915205
2012-11-19,10.15,10.15,10.15,10.15,000,9.818471
2012-11-16,10.12,10.15,10.12,10.15,800,9.818471
2012-11-15,10.10,10.10,10.10,10.10,300,9.770105
2012-11-14,10.15,10.15,10.05,10.05,12800,9.721738
2012-11-13,10.12,10.12,10.12,10.12,700,9.789451
2012-11-12,10.38,10.38,10.10,10.10,6500,9.770105
2012-11-09,10.26,10.26,10.26,10.26,000,9.924879
2012-11-08,10.40,10.40,10.26,10.26,6300,9.924879
2012-11-07,10.25,10.25,10.25,10.25,000,9.915205
2012-11-06,10.25,10.25,10.25,10.25,000,9.915205
2012-11-05,10.25,10.30,10.25,10.25,11400,9.915205
2012-11-02,10.40,10.50,10.35,10.35,16700,10.011939
2012-11-01,10.23,10.35,10.23,10.35,14000,10.011939
2012-10-31,10.25,10.25,10.25,10.25,1000,9.915205
2012-10-26,10.13,10.15,10.13,10.15,1200,9.818471
2012-10-25,10.11,10.23,10.11,10.15,2700,9.818471
2012-10-24,10.14,10.14,10.14,10.14,200,9.808798
2012-10-23,10.23,10.23,10.17,10.17,200,9.837818
2012-10-22,10.23,10.23,10.23,10.23,700,9.895858
2012-10-19,10.15,10.15,10.15,10.15,000,9.818471
2012-10-18,10.15,10.15,10.15,10.15,1500,9.818471
2012-10-17,10.12,10.19,10.12,10.19,2200,9.857164
2012-10-16,10.10,10.20,10.10,10.19,36700,9.857164
2012-10-15,10.14,10.14,10.10,10.10,3300,9.770105
2012-10-12,10.15,10.15,10.15,10.15,000,9.818471
2012-10-11,10.15,10.15,10.15,10.15,000,9.818471
2012-10-10,10.14,10.15,10.14,10.15,8200,9.818471
2012-10-09,10.16,10.18,10.14,10.14,2500,9.808798
2012-10-08,10.20,10.20,10.19,10.20,20200,9.866838
2012-10-05,10.20,10.20,10.17,10.19,9700,9.857164
2012-10-04,10.18,10.18,10.18,10.18,400,9.847492
2012-10-03,10.17,10.17,10.17,10.17,400,9.837818
2012-10-02,10.19,10.19,10.19,10.19,1000,9.857164
2012-10-01,10.14,10.14,10.14,10.14,000,9.808798
2012-09-28,10.19,10.19,10.14,10.14,2100,9.808798
2012-09-27,10.18,10.19,10.14,10.14,1600,9.808798
2012-09-26,10.14,10.18,10.13,10.13,2100,9.799125
2012-09-25,10.19,10.19,10.15,10.15,3200,9.818471
2012-09-24,10.10,10.10,10.10,10.10,000,9.770105
2012-09-21,10.17,10.19,10.10,10.10,13900,9.770105
2012-09-20,10.14,10.18,10.14,10.18,4700,9.847492
2012-09-19,10.16,10.16,10.15,10.15,8500,9.818471
2012-09-18,10.15,10.15,10.15,10.15,5000,9.818471
2012-09-17,10.11,10.18,10.11,10.13,14400,9.799125
2012-09-14,10.19,10.19,10.10,10.10,45400,9.770105
2012-09-13,10.19,10.19,10.18,10.19,15900,9.857164
2012-09-12,10.15,10.19,10.15,10.19,33000,9.857164
2012-09-11,10.15,10.20,10.14,10.19,40100,9.857164
2012-09-10,10.15,10.20,10.10,10.16,34000,9.828145
2012-09-07,10.10,10.15,10.05,10.10,26900,9.770105
2012-09-06,10.10,10.15,10.10,10.10,26900,9.770105
2012-09-05,10.10,10.13,10.10,10.10,12700,9.770105
2012-09-04,10.34,10.34,10.15,10.16,6600,9.828145
2012-08-31,10.15,10.20,10.15,10.20,6000,9.866838
2012-08-30,10.40,10.40,10.40,10.40,000,10.060305
2012-08-29,10.39,10.45,10.39,10.40,10500,10.060305
2012-08-28,10.25,10.46,10.25,10.35,17000,10.011939
2012-08-27,10.20,10.22,10.15,10.19,31800,9.857164
2012-08-24,10.30,10.30,10.06,10.06,53900,9.731411
2012-08-23,10.50,10.60,10.20,10.23,163800,9.895858
2012-08-22,9.49,9.49,9.49,9.49,000,9.180029
2012-08-21,9.49,9.49,9.49,9.49,000,9.180029
2012-08-20,9.49,9.49,9.49,9.49,000,9.180029
2012-08-17,9.49,9.49,9.49,9.49,400,9.180029
2012-08-16,9.12,9.25,9.12,9.25,11600,8.947868
2012-08-15,9.00,9.12,9.00,9.12,3300,8.822114
2012-08-14,9.00,9.00,9.00,9.00,000,8.706034
2012-08-13,9.00,9.00,9.00,9.00,000,8.706034
2012-08-10,9.00,9.00,9.00,9.00,1900,8.706034
2012-08-09,8.50,8.50,8.50,8.50,700,8.222365
2012-08-08,8.20,8.20,8.20,8.20,000,7.932164
2012-08-07,8.20,8.20,8.20,8.20,000,7.932164
2012-08-06,8.20,8.20,8.20,8.20,700,7.932164
2012-08-03,9.00,9.00,9.00,9.00,000,8.706034
2012-08-02,9.00,9.00,9.00,9.00,000,8.706034
2012-08-01,9.00,9.00,9.00,9.00,000,8.706034
2012-07-31,8.90,9.00,8.90,9.00,1900,8.706034
2012-07-30,9.10,9.10,9.10,9.10,000,8.802768
2012-07-27,9.10,9.10,9.10,9.10,000,8.802768
2012-07-26,9.10,9.10,9.10,9.10,1400,8.802768
2012-07-25,9.10,9.10,9.10,9.10,100,8.802768
2012-07-24,8.06,8.06,8.06,8.06,000,7.796737
2012-07-23,8.06,8.06,8.06,8.06,000,7.796737
2012-07-20,8.06,8.06,8.06,8.06,000,7.796737
2012-07-19,8.06,8.06,8.06,8.06,000,7.796737
2012-07-18,8.92,9.00,8.06,8.06,2800,7.796737
2012-07-17,8.00,8.00,8.00,8.00,000,7.738697
2012-07-16,8.00,8.00,8.00,8.00,000,7.738697
2012-07-13,8.00,8.00,8.00,8.00,3200,7.738697
2012-07-12,7.75,7.75,7.75,7.75,000,7.496862
2012-07-11,7.75,7.75,7.75,7.75,000,7.496862
2012-07-10,7.75,7.75,7.75,7.75,000,7.496862
2012-07-09,7.75,7.75,7.75,7.75,000,7.496862
2012-07-06,7.75,7.75,7.75,7.75,000,7.496862
2012-07-05,7.75,7.75,7.75,7.75,000,7.496862
2012-07-03,7.75,7.75,7.75,7.75,1500,7.496862
2012-07-02,7.74,7.74,7.74,7.74,000,7.487189
2012-06-29,7.74,7.74,7.74,7.74,100,7.487189
2012-06-28,7.70,7.70,7.70,7.70,000,7.448495
2012-06-27,7.70,7.70,7.70,7.70,000,7.448495
2012-06-26,7.70,7.70,7.70,7.70,000,7.448495
2012-06-25,7.70,7.70,7.70,7.70,000,7.448495
2012-06-22,7.70,7.70,7.70,7.70,000,7.448495
2012-06-21,7.70,7.70,7.70,7.70,000,7.448495
2012-06-20,7.75,7.75,7.70,7.70,1000,7.448495
2012-06-19,7.75,7.75,7.75,7.75,500,7.496862
2012-06-18,7.75,7.75,7.75,7.75,000,7.496862
2012-06-15,7.75,7.75,7.75,7.75,1600,7.496862
2012-06-14,7.70,7.70,7.70,7.70,000,7.448495
2012-06-13,7.70,7.70,7.70,7.70,500,7.448495
2012-06-12,7.70,7.70,7.70,7.70,100,7.448495
2012-06-11,7.89,7.89,7.89,7.89,000,7.632289
2012-06-08,7.75,7.89,7.75,7.89,1000,7.632289
2012-06-07,7.80,7.80,7.80,7.80,9500,7.545229
2012-06-06,7.80,7.80,7.80,7.80,1000,7.545229
2012-06-05,7.80,7.80,7.80,7.80,000,7.545229
2012-06-04,7.80,7.80,7.80,7.80,500,7.545229
2012-06-01,7.80,7.80,7.80,7.80,000,7.545229
2012-05-31,7.80,7.80,7.80,7.80,000,7.545229
2012-05-30,7.80,7.80,7.80,7.80,500,7.545229
2012-05-29,7.85,7.85,7.85,7.85,000,7.593596
2012-05-25,7.85,7.85,7.85,7.85,000,7.593596
2012-05-24,7.85,7.85,7.85,7.85,000,7.593596
2012-05-23,7.85,7.85,7.85,7.85,000,7.593596
2012-05-22,7.85,7.85,7.85,7.85,000,7.593596
2012-05-21,7.85,7.85,7.85,7.85,000,7.593596
2012-05-18,7.85,7.85,7.85,7.85,000,7.593596
2012-05-17,7.85,7.85,7.85,7.85,000,7.593596
2012-05-16,7.85,7.85,7.85,7.85,000,7.593596
2012-05-15,7.85,7.85,7.85,7.85,000,7.593596
2012-05-14,7.85,7.85,7.85,7.85,000,7.593596
2012-05-11,7.85,7.85,7.85,7.85,000,7.593596
2012-05-10,7.85,7.85,7.85,7.85,000,7.593596
2012-05-09,7.85,7.85,7.85,7.85,000,7.593596
2012-05-08,7.85,7.85,7.85,7.85,000,7.593596
2012-05-07,7.85,7.85,7.85,7.85,100,7.593596
2012-05-04,7.90,7.90,7.90,7.90,000,7.641963
2012-05-03,7.90,7.90,7.90,7.90,500,7.641963
2012-05-02,7.80,7.80,7.80,7.80,200,7.545229
2012-05-01,7.80,7.80,7.80,7.80,500,7.545229
2012-04-30,7.50,7.50,7.50,7.50,000,7.255028
2012-04-27,7.50,7.50,7.50,7.50,000,7.255028
2012-04-26,7.50,7.50,7.50,7.50,000,7.255028
2012-04-25,7.50,7.50,7.50,7.50,000,7.255028
2012-04-24,7.50,7.50,7.50,7.50,000,7.255028
2012-04-23,7.50,7.50,7.50,7.50,000,7.255028
2012-04-20,7.50,7.50,7.50,7.50,000,7.255028
2012-04-19,7.50,7.50,7.50,7.50,000,7.255028
2012-04-18,7.50,7.50,7.50,7.50,000,7.255028
2012-04-17,7.50,7.50,7.50,7.50,000,7.255028
2012-04-16,7.50,7.50,7.50,7.50,400,7.255028
2012-04-13,7.50,7.50,7.50,7.50,000,7.255028
2012-04-12,7.50,7.50,7.50,7.50,000,7.255028
2012-04-11,7.50,7.50,7.50,7.50,1000,7.255028
2012-04-10,7.62,7.62,7.37,7.37,300,7.129274
2012-04-09,7.50,7.50,7.50,7.50,000,7.255028
2012-04-05,7.50,7.50,7.50,7.50,000,7.255028
2012-04-04,7.50,7.50,7.50,7.50,000,7.255028
2012-04-03,7.50,7.50,7.50,7.50,000,7.255028
2012-04-02,7.50,7.50,7.50,7.50,000,7.255028
2012-03-30,7.50,7.50,7.50,7.50,000,7.255028
2012-03-29,7.50,7.50,7.50,7.50,000,7.255028
2012-03-28,7.50,7.50,7.50,7.50,000,7.255028
2012-03-27,7.50,7.50,7.50,7.50,000,7.255028
2012-03-26,7.50,7.50,7.50,7.50,000,7.255028
2012-03-23,7.50,7.50,7.50,7.50,000,7.255028
2012-03-22,7.50,7.50,7.50,7.50,200,7.255028
2012-03-21,7.50,7.50,7.50,7.50,000,7.255028
2012-03-20,7.50,7.50,7.50,7.50,000,7.255028
2012-03-19,7.50,7.50,7.50,7.50,000,7.255028
2012-03-16,7.50,7.50,7.50,7.50,400,7.255028
2012-03-15,7.37,7.37,7.37,7.37,000,7.129274
2012-03-14,7.37,7.37,7.37,7.37,000,7.129274
2012-03-13,7.37,7.37,7.37,7.37,100,7.129274
2012-03-12,7.89,7.89,7.89,7.89,000,7.632289
2012-03-09,7.89,7.89,7.89,7.89,000,7.632289
2012-03-08,7.89,7.89,7.89,7.89,100,7.632289
2012-03-07,7.42,7.42,7.40,7.40,1500,7.158294
2012-03-06,7.42,7.42,7.42,7.42,000,7.177641
2012-03-05,7.42,7.42,7.42,7.42,000,7.177641
2012-03-02,7.42,7.42,7.42,7.42,000,7.177641
2012-03-01,7.42,7.42,7.42,7.42,500,7.177641
2012-02-29,7.42,7.42,7.42,7.42,000,7.177641
2012-02-28,7.42,7.42,7.42,7.42,000,7.177641
2012-02-27,7.42,7.42,7.42,7.42,000,7.177641
2012-02-24,7.42,7.42,7.42,7.42,000,7.177641
2012-02-23,7.42,7.42,7.42,7.42,100,7.177641
2012-02-22,7.42,7.42,7.42,7.42,000,7.177641
2012-02-21,7.42,7.42,7.42,7.42,000,7.177641
2012-02-17,7.42,7.42,7.42,7.42,000,7.177641
2012-02-16,7.42,7.42,7.42,7.42,000,7.177641
2012-02-15,7.42,7.42,7.42,7.42,000,7.177641
2012-02-14,7.42,7.42,7.42,7.42,400,7.177641
2012-02-13,7.90,7.90,7.90,7.90,000,7.641963
2012-02-10,7.90,7.90,7.90,7.90,000,7.641963
2012-02-09,7.90,7.90,7.90,7.90,000,7.641963
2012-02-08,7.90,7.90,7.90,7.90,000,7.641963
2012-02-07,7.90,7.90,7.90,7.90,000,7.641963
2012-02-06,7.90,7.90,7.90,7.90,000,7.641963
2012-02-03,7.90,7.90,7.90,7.90,100,7.641963
2012-02-02,7.90,7.90,7.90,7.90,000,7.641963
2012-02-01,7.90,7.90,7.90,7.90,000,7.641963
2012-01-31,7.90,7.90,7.90,7.90,500,7.641963
2012-01-30,8.00,8.00,7.90,7.90,900,7.641963
2012-01-27,7.10,7.10,7.10,7.10,000,6.868093
2012-01-26,7.10,7.10,7.10,7.10,000,6.868093
2012-01-25,7.10,7.10,7.10,7.10,1000,6.868093
2012-01-24,7.50,7.50,7.50,7.50,1000,7.255028
2012-01-23,7.10,7.10,7.10,7.10,000,6.868093
2012-01-20,7.10,7.10,7.10,7.10,000,6.868093
2012-01-19,7.10,7.10,7.10,7.10,000,6.868093
2012-01-18,7.10,7.10,7.10,7.10,000,6.868093
2012-01-17,7.10,7.10,7.10,7.10,000,6.868093
2012-01-13,7.10,7.10,7.10,7.10,000,6.868093
2012-01-12,7.10,7.10,7.10,7.10,000,6.868093
2012-01-11,7.10,7.10,7.10,7.10,1000,6.868093
2012-01-10,7.10,7.10,7.10,7.10,000,6.868093
2012-01-09,7.10,7.10,7.10,7.10,1000,6.868093
2012-01-06,7.50,7.50,7.50,7.50,000,7.255028
2012-01-05,7.50,7.50,7.50,7.50,000,7.255028
2012-01-04,7.50,7.50,7.50,7.50,000,7.255028
2012-01-03,7.50,7.50,7.50,7.50,000,7.255028
2011-12-30,7.15,7.50,7.15,7.50,1700,7.255028
2011-12-29,7.10,7.10,7.10,7.10,400,6.868093
2011-12-28,7.02,7.02,7.02,7.02,000,6.790706
2011-12-27,7.02,7.02,7.02,7.02,000,6.790706
2011-12-23,7.02,7.02,7.02,7.02,000,6.790706
2011-12-22,7.02,7.02,7.02,7.02,000,6.790706
2011-12-21,7.02,7.02,7.02,7.02,000,6.790706
2011-12-20,7.02,7.02,7.02,7.02,1300,6.790706
2011-12-19,7.01,7.01,7.01,7.01,000,6.781033
2011-12-16,7.01,7.01,7.01,7.01,000,6.781033
2011-12-15,7.01,7.01,7.01,7.01,000,6.781033
2011-12-14,7.01,7.01,7.01,7.01,000,6.781033
2011-12-13,7.01,7.01,7.01,7.01,000,6.781033
2011-12-12,7.01,7.01,7.01,7.01,000,6.781033
2011-12-09,7.01,7.01,7.01,7.01,000,6.781033
2011-12-08,7.01,7.01,7.01,7.01,500,6.781033
2011-12-07,7.01,7.01,7.01,7.01,200,6.781033
2011-12-06,7.11,7.11,7.11,7.11,000,6.877767
2011-12-05,7.00,7.11,7.00,7.11,2000,6.877767
2011-12-02,7.00,7.00,7.00,7.00,000,6.77136
2011-12-01,7.00,7.00,7.00,7.00,4400,6.77136
2011-11-30,7.11,7.11,7.11,7.11,000,6.877767
2011-11-29,7.11,7.11,7.11,7.11,000,6.877767
2011-11-28,7.11,7.11,7.11,7.11,400,6.877767
2011-11-25,7.00,7.00,7.00,7.00,000,6.77136
2011-11-23,7.00,7.00,7.00,7.00,1500,6.77136
2011-11-22,6.75,7.00,6.75,7.00,1600,6.77136
2011-11-21,7.00,7.00,7.00,7.00,11000,6.77136
2011-11-18,7.05,7.10,7.05,7.10,7100,6.868093
2011-11-17,7.00,7.00,7.00,7.00,000,6.77136
2011-11-16,7.00,7.00,7.00,7.00,500,6.77136
2011-11-15,6.50,6.50,6.50,6.50,000,6.287691
2011-11-14,6.50,6.50,6.50,6.50,000,6.287691
2011-11-11,6.50,6.50,6.50,6.50,000,6.287691
2011-11-10,6.75,6.75,6.50,6.50,9100,6.287691
2011-11-09,6.25,6.25,6.25,6.25,000,6.045857
2011-11-08,6.25,6.25,6.25,6.25,000,6.045857
2011-11-07,6.25,6.25,6.25,6.25,1000,6.045857
2011-11-04,7.10,7.10,7.10,7.10,000,6.868093
2011-11-03,7.10,7.10,7.10,7.10,000,6.868093
2011-11-02,7.10,7.10,7.10,7.10,000,6.868093
2011-11-01,7.10,7.10,7.10,7.10,000,6.868093
2011-10-31,7.10,7.10,7.10,7.10,000,6.868093
2011-10-28,7.10,7.10,7.10,7.10,000,6.868093
2011-10-27,7.10,7.10,7.10,7.10,000,6.868093
2011-10-26,7.10,7.10,7.10,7.10,000,6.868093
2011-10-25,7.10,7.10,7.10,7.10,000,6.868093
2011-10-24,7.10,7.10,7.10,7.10,000,6.868093
2011-10-21,7.10,7.10,7.10,7.10,000,6.868093
2011-10-20,7.10,7.10,7.10,7.10,000,6.868093
2011-10-19,7.10,7.10,7.10,7.10,000,6.868093
2011-10-18,7.10,7.10,7.10,7.10,000,6.868093
2011-10-17,7.10,7.10,7.10,7.10,000,6.868093
2011-10-14,7.00,7.10,7.00,7.10,5600,6.868093
2011-10-13,6.40,6.40,6.25,6.40,4200,6.190957
2011-10-12,6.50,6.50,6.40,6.40,1500,6.190957
2011-10-11,6.50,6.50,6.50,6.50,000,6.287691
2011-10-10,6.50,6.50,6.50,6.50,000,6.287691
2011-10-07,6.50,6.50,6.50,6.50,000,6.287691
2011-10-06,6.50,6.50,6.50,6.50,000,6.287691
2011-10-05,6.50,6.50,6.50,6.50,000,6.287691
2011-10-04,6.50,6.50,6.50,6.50,000,6.287691
2011-10-03,6.50,6.50,6.50,6.50,000,6.287691
2011-09-30,6.50,6.50,6.50,6.50,000,6.287691
2011-09-29,6.50,6.50,6.50,6.50,000,6.287691
2011-09-28,6.50,6.50,6.50,6.50,000,6.287691
2011-09-27,6.50,6.50,6.50,6.50,000,6.287691
2011-09-26,6.50,6.50,6.50,6.50,000,6.287691
2011-09-23,6.50,6.50,6.50,6.50,000,6.287691
2011-09-22,6.50,6.50,6.50,6.50,000,6.287691
2011-09-21,6.50,6.50,6.50,6.50,000,6.287691
2011-09-20,6.50,6.50,6.50,6.50,5200,6.287691
2011-09-19,6.50,6.50,6.50,6.50,000,6.287691
2011-09-16,6.50,6.50,6.50,6.50,000,6.287691
2011-09-15,6.50,6.50,6.50,6.50,000,6.287691
2011-09-14,6.50,6.50,6.50,6.50,000,6.287691
2011-09-13,6.50,6.50,6.50,6.50,000,6.287691
2011-09-12,6.50,6.50,6.50,6.50,000,6.287691
2011-09-09,6.50,6.50,6.50,6.50,000,6.287691
2011-09-08,6.50,6.50,6.50,6.50,000,6.287691
2011-09-07,6.50,6.50,6.50,6.50,000,6.287691
2011-09-06,6.50,6.50,6.50,6.50,000,6.287691
2011-09-02,6.50,6.50,6.50,6.50,000,6.287691
2011-09-01,6.50,6.50,6.50,6.50,000,6.287691
2011-08-31,6.50,6.50,6.50,6.50,2100,6.287691
2011-08-30,6.50,6.60,6.50,6.60,1000,6.384425
2011-08-29,6.60,6.60,6.60,6.60,000,6.384425
2011-08-26,6.60,6.60,6.60,6.60,000,6.384425
2011-08-25,6.60,6.60,6.60,6.60,9000,6.384425
2011-08-24,6.70,6.70,6.70,6.70,000,6.481158
2011-08-23,6.70,6.70,6.70,6.70,1000,6.481158
2011-08-22,6.61,6.61,6.61,6.61,000,6.394098
2011-08-19,6.61,6.61,6.61,6.61,6000,6.394098
2011-08-18,6.60,6.60,6.60,6.60,000,6.384425
2011-08-17,6.60,6.60,6.60,6.60,000,6.384425
2011-08-16,6.60,6.60,6.60,6.60,000,6.384425
2011-08-15,6.60,6.60,6.60,6.60,600,6.384425
2011-08-12,6.60,6.60,6.60,6.60,000,6.384425
2011-08-11,6.60,6.60,6.60,6.60,000,6.384425
2011-08-10,6.60,6.60,6.60,6.60,500,6.384425
2011-08-09,6.65,6.65,6.65,6.65,000,6.432792
2011-08-08,6.65,6.65,6.65,6.65,300,6.432792
2011-08-05,6.65,6.65,6.65,6.65,000,6.432792
2011-08-04,6.65,6.65,6.65,6.65,300,6.432792
2011-08-03,6.60,6.60,6.60,6.60,000,6.384425
2011-08-02,6.60,6.60,6.60,6.60,000,6.384425
2011-08-01,6.60,6.60,6.60,6.60,000,6.384425
2011-07-29,6.60,6.60,6.60,6.60,000,6.384425
2011-07-28,6.60,6.60,6.60,6.60,000,6.384425
2011-07-27,6.60,6.60,6.60,6.60,000,6.384425
2011-07-26,6.60,6.60,6.60,6.60,000,6.384425
2011-07-25,6.60,6.60,6.60,6.60,000,6.384425
2011-07-22,6.60,6.60,6.60,6.60,000,6.384425
2011-07-21,6.60,6.60,6.60,6.60,000,6.384425
2011-07-20,6.60,6.60,6.60,6.60,900,6.384425
2011-07-19,6.60,6.60,6.60,6.60,000,6.384425
2011-07-18,6.60,6.60,6.60,6.60,500,6.384425
2011-07-15,6.50,6.50,6.50,6.50,000,6.287691
2011-07-14,6.50,6.50,6.50,6.50,000,6.287691
2011-07-13,6.50,6.50,6.50,6.50,000,6.287691
2011-07-12,6.50,6.50,6.50,6.50,000,6.287691
2011-07-11,6.50,6.50,6.50,6.50,000,6.287691
2011-07-08,6.50,6.50,6.50,6.50,000,6.287691
2011-07-07,6.50,6.50,6.50,6.50,000,6.287691
2011-07-06,6.50,6.50,6.50,6.50,000,6.287691
2011-07-05,6.50,6.50,6.50,6.50,000,6.287691
2011-07-01,6.50,6.50,6.50,6.50,000,6.287691
2011-06-30,6.50,6.50,6.50,6.50,000,6.287691
2011-06-29,6.50,6.50,6.50,6.50,000,6.287691
2011-06-28,6.50,6.50,6.50,6.50,000,6.287691
2011-06-27,6.50,6.50,6.50,6.50,000,6.287691
2011-06-24,6.50,6.50,6.50,6.50,000,6.287691
2011-06-23,6.50,6.50,6.50,6.50,000,6.287691
2011-06-22,6.50,6.50,6.50,6.50,000,6.287691
2011-06-21,6.50,6.50,6.50,6.50,000,6.287691
2011-06-20,6.50,6.50,6.50,6.50,000,6.287691
2011-06-17,6.50,6.50,6.50,6.50,000,6.287691
2011-06-16,6.50,6.50,6.50,6.50,200,6.287691
2011-06-15,6.61,6.61,6.55,6.55,7000,6.336058
2011-06-14,6.58,6.58,6.58,6.58,000,6.365078
2011-06-13,6.58,6.58,6.58,6.58,000,6.365078
2011-06-10,6.58,6.58,6.58,6.58,800,6.365078
2011-06-09,6.61,6.61,6.61,6.61,300,6.394098
2011-06-08,6.57,6.57,6.57,6.57,200,6.355405
2011-06-07,7.10,7.10,7.10,7.10,000,6.868093
2011-06-06,7.10,7.10,7.10,7.10,000,6.868093
2011-06-03,7.10,7.10,7.10,7.10,000,6.868093
2011-06-02,7.10,7.10,7.10,7.10,200,6.868093
2011-06-01,6.60,6.60,6.60,6.60,000,6.384425
2011-05-31,6.60,6.60,6.60,6.60,000,6.384425
2011-05-27,6.60,6.60,6.60,6.60,000,6.384425
2011-05-26,6.70,6.70,6.60,6.60,4000,6.384425
2011-05-25,6.70,6.70,6.70,6.70,9300,6.481158
2011-05-24,6.65,6.66,6.60,6.60,8300,6.384425
2011-05-23,6.75,6.80,6.65,6.65,2000,6.432792
2011-05-20,6.80,6.80,6.80,6.80,000,6.577892
2011-05-19,6.80,6.80,6.80,6.80,7000,6.577892
2011-05-18,6.80,6.80,6.80,6.80,2300,6.577892
2011-05-17,6.80,6.80,6.80,6.80,2000,6.577892
2011-05-16,6.75,6.75,6.75,6.75,000,6.529525
2011-05-13,6.75,6.75,6.75,6.75,000,6.529525
2011-05-12,6.75,6.75,6.75,6.75,000,6.529525
2011-05-11,6.75,6.75,6.75,6.75,000,6.529525
2011-05-10,6.75,6.75,6.75,6.75,300,6.529525
2011-05-09,7.00,7.00,7.00,7.00,000,6.77136
2011-05-06,7.00,7.00,7.00,7.00,000,6.77136
2011-05-05,7.00,7.00,7.00,7.00,000,6.77136
2011-05-04,7.00,7.00,7.00,7.00,000,6.77136
2011-05-03,7.00,7.00,7.00,7.00,000,6.77136
2011-05-02,7.00,7.00,7.00,7.00,000,6.77136
2011-04-29,7.00,7.00,7.00,7.00,000,6.77136
2011-04-28,7.00,7.00,7.00,7.00,000,6.77136
2011-04-27,7.00,7.00,7.00,7.00,5000,6.77136
2011-04-26,7.00,7.00,7.00,7.00,000,6.77136
2011-04-25,7.00,7.00,7.00,7.00,1100,6.77136
2011-04-21,6.85,6.85,6.85,6.85,200,6.626259
2011-04-20,6.85,6.85,6.85,6.85,000,6.626259
2011-04-19,6.85,6.85,6.85,6.85,300,6.626259
2011-04-18,7.00,7.00,7.00,7.00,000,6.77136
2011-04-15,7.00,7.00,7.00,7.00,300,6.77136
2011-04-14,7.00,7.00,7.00,7.00,12300,6.77136
2011-04-13,7.00,7.01,7.00,7.01,5500,6.781033
2011-04-12,7.00,7.00,7.00,7.00,000,6.77136
2011-04-11,7.00,7.00,7.00,7.00,000,6.77136
2011-04-08,7.00,7.00,7.00,7.00,000,6.77136
2011-04-07,7.00,7.00,7.00,7.00,000,6.77136
2011-04-06,7.00,7.00,7.00,7.00,000,6.77136
2011-04-05,7.00,7.00,7.00,7.00,000,6.77136
2011-04-04,7.00,7.00,7.00,7.00,1000,6.77136
2011-04-01,7.50,7.50,7.50,7.50,000,7.255028
2011-03-31,7.50,7.50,7.50,7.50,500,7.255028
2011-03-30,7.50,7.50,7.50,7.50,000,7.255028
2011-03-29,7.50,7.50,7.50,7.50,000,7.255028
2011-03-28,7.50,7.50,7.50,7.50,35000,7.255028
2011-03-25,7.49,7.49,7.49,7.49,000,7.245354
2011-03-24,7.49,7.49,7.49,7.49,000,7.245354
2011-03-23,7.49,7.49,7.49,7.49,100,7.245354
2011-03-22,7.05,7.05,7.05,7.05,000,6.819727
2011-03-21,7.05,7.05,7.05,7.05,000,6.819727
2011-03-18,7.05,7.05,7.05,7.05,000,6.819727
2011-03-17,7.05,7.05,7.05,7.05,000,6.819727
2011-03-16,7.05,7.05,7.05,7.05,000,6.819727
2011-03-15,7.05,7.05,7.05,7.05,000,6.819727
2011-03-14,7.05,7.05,7.05,7.05,000,6.819727
2011-03-11,7.05,7.05,7.05,7.05,000,6.819727
2011-03-10,7.05,7.05,7.05,7.05,000,6.819727
2011-03-09,7.05,7.05,7.05,7.05,000,6.819727
2011-03-08,7.05,7.05,7.05,7.05,3400,6.819727
2011-03-07,7.05,7.05,7.05,7.05,200,6.819727
2011-03-04,7.50,7.50,7.50,7.50,000,7.255028
2011-03-03,7.50,7.50,7.50,7.50,300,7.255028
2011-03-02,7.10,7.10,7.10,7.10,000,6.868093
2011-03-01,7.10,7.10,7.10,7.10,000,6.868093
2011-02-28,7.10,7.10,7.10,7.10,000,6.868093
2011-02-25,7.10,7.10,7.10,7.10,500,6.868093
2011-02-24,7.12,7.12,7.12,7.12,000,6.88744
2011-02-23,7.12,7.12,7.12,7.12,200,6.88744
2011-02-22,7.50,7.50,7.50,7.50,000,7.255028
2011-02-18,7.50,7.50,7.50,7.50,000,7.255028
2011-02-17,7.50,7.50,7.50,7.50,000,7.255028
2011-02-16,7.50,7.50,7.50,7.50,000,7.255028
2011-02-15,7.50,7.50,7.50,7.50,000,7.255028
2011-02-14,7.50,7.50,7.50,7.50,900,7.255028
2011-02-11,7.50,7.50,7.50,7.50,500,7.255028
2011-02-10,7.10,7.35,7.10,7.30,2500,7.061561
2011-02-09,7.00,7.10,7.00,7.10,3300,6.868093
2011-02-08,6.50,6.50,6.50,6.50,000,6.287691
2011-02-07,6.50,6.50,6.50,6.50,500,6.287691
2011-02-04,5.85,6.75,5.55,6.50,6500,6.287691
2011-02-03,4.85,5.00,4.85,5.00,1700,4.836685
2011-02-02,4.80,4.80,4.80,4.80,300,4.643218
2011-02-01,5.00,5.00,5.00,5.00,000,4.836685
2011-01-31,5.00,5.00,5.00,5.00,000,4.836685
2011-01-28,5.00,5.00,5.00,5.00,000,4.836685
2011-01-27,5.00,5.00,5.00,5.00,000,4.836685
2011-01-26,5.00,5.00,5.00,5.00,000,4.836685
2011-01-25,5.00,5.00,5.00,5.00,000,4.836685
2011-01-24,5.00,5.00,5.00,5.00,000,4.836685
2011-01-21,5.00,5.00,5.00,5.00,000,4.836685
2011-01-20,5.00,5.00,5.00,5.00,000,4.836685
2011-01-19,5.00,5.00,5.00,5.00,000,4.836685
2011-01-18,5.00,5.00,5.00,5.00,000,4.836685
2011-01-14,5.00,5.00,5.00,5.00,500,4.836685
2011-01-13,5.00,5.00,5.00,5.00,000,4.836685
2011-01-12,5.00,5.00,5.00,5.00,000,4.836685
2011-01-11,5.00,5.00,5.00,5.00,300,4.836685
2011-01-10,4.75,4.75,4.75,4.75,000,4.594851
2011-01-07,4.75,4.75,4.75,4.75,000,4.594851
2011-01-06,4.75,4.75,4.75,4.75,000,4.594851
2011-01-05,4.75,4.75,4.75,4.75,000,4.594851
2011-01-04,4.75,4.75,4.75,4.75,500,4.594851
2011-01-03,4.80,4.80,4.80,4.80,000,4.643218
2010-12-31,4.85,4.85,4.80,4.80,2300,4.643218
2010-12-30,4.80,4.80,4.80,4.80,000,4.643218
2010-12-29,4.80,4.80,4.80,4.80,2400,4.643218
2010-12-28,4.90,4.90,4.90,4.90,500,4.739952
2010-12-27,5.00,5.00,5.00,5.00,500,4.836685
2010-12-23,4.75,4.75,4.75,4.75,000,4.594851
2010-12-22,4.75,4.76,4.75,4.75,21500,4.594851
2010-12-21,4.80,4.80,4.80,4.80,000,4.643218
2010-12-20,4.80,4.80,4.80,4.80,300,4.643218
2010-12-17,4.80,4.80,4.80,4.80,200,4.643218
2010-12-16,4.80,4.80,4.80,4.80,200,4.643218
2010-12-15,4.80,4.80,4.80,4.80,000,4.643218
2010-12-14,4.80,4.80,4.80,4.80,200,4.643218
2010-12-13,4.80,4.80,4.80,4.80,000,4.643218
2010-12-10,4.80,4.80,4.80,4.80,000,4.643218
2010-12-09,4.80,4.80,4.80,4.80,000,4.643218
2010-12-08,4.80,4.80,4.80,4.80,000,4.643218
2010-12-07,4.80,4.80,4.80,4.80,000,4.643218
2010-12-06,4.80,4.80,4.80,4.80,000,4.643218
2010-12-03,4.80,4.80,4.80,4.80,300,4.643218
2010-12-02,4.80,4.80,4.80,4.80,000,4.643218
2010-12-01,4.80,4.80,4.80,4.80,000,4.643218
2010-11-30,4.80,4.80,4.80,4.80,000,4.643218
2010-11-29,4.80,4.80,4.80,4.80,000,4.643218
2010-11-26,4.80,4.80,4.80,4.80,000,4.643218
2010-11-24,4.80,4.80,4.80,4.80,000,4.643218
2010-11-23,4.80,4.80,4.80,4.80,2500,4.643218
2010-11-22,4.80,4.80,4.80,4.80,000,4.643218
2010-11-19,4.80,4.80,4.80,4.80,900,4.643218
2010-11-18,4.91,4.91,4.90,4.90,3100,4.739952
2010-11-17,4.90,4.90,4.90,4.90,000,4.739952
2010-11-16,4.90,4.90,4.90,4.90,000,4.739952
2010-11-15,4.90,4.90,4.90,4.90,000,4.739952
2010-11-12,4.90,4.90,4.90,4.90,000,4.739952
2010-11-11,4.90,4.90,4.90,4.90,000,4.739952
2010-11-10,4.90,4.90,4.90,4.90,000,4.739952
2010-11-09,4.90,4.90,4.90,4.90,000,4.739952
2010-11-08,4.90,4.90,4.90,4.90,000,4.739952
2010-11-05,4.90,4.90,4.90,4.90,000,4.739952
2010-11-04,4.90,5.00,4.90,4.90,5100,4.739952
2010-11-03,4.80,4.80,4.80,4.80,000,4.643218
2010-11-02,4.80,4.80,4.80,4.80,000,4.643218
2010-11-01,4.80,4.80,4.80,4.80,000,4.643218
2010-10-29,4.80,4.80,4.80,4.80,000,4.643218
2010-10-28,4.80,4.80,4.80,4.80,000,4.643218
2010-10-27,4.80,4.80,4.80,4.80,000,4.643218
2010-10-26,4.80,4.80,4.80,4.80,000,4.643218
2010-10-25,4.80,4.80,4.80,4.80,000,4.643218
2010-10-22,4.80,4.80,4.80,4.80,000,4.643218
2010-10-21,5.00,5.00,4.80,4.80,2100,4.643218
2010-10-20,5.00,5.00,5.00,5.00,000,4.836685
2010-10-19,5.00,5.00,5.00,5.00,000,4.836685
2010-10-18,5.00,5.00,5.00,5.00,000,4.836685
2010-10-15,5.00,5.00,5.00,5.00,000,4.836685
2010-10-14,5.00,5.00,5.00,5.00,000,4.836685
2010-10-13,5.00,5.00,5.00,5.00,000,4.836685
2010-10-12,5.00,5.00,5.00,5.00,000,4.836685
2010-10-11,5.00,5.00,5.00,5.00,000,4.836685
2010-10-08,5.00,5.00,5.00,5.00,000,4.836685
2010-10-07,5.00,5.00,5.00,5.00,3500,4.836685
2010-10-06,5.00,5.00,5.00,5.00,000,4.836685
2010-10-05,5.00,5.00,5.00,5.00,000,4.836685
2010-10-04,5.00,5.00,5.00,5.00,000,4.836685
2010-10-01,5.00,5.00,5.00,5.00,000,4.836685
2010-09-30,5.00,5.00,5.00,5.00,000,4.836685
2010-09-29,5.00,5.00,5.00,5.00,300,4.836685
2010-09-28,5.00,5.00,5.00,5.00,000,4.836685
2010-09-27,5.00,5.00,5.00,5.00,000,4.836685
2010-09-24,5.00,5.00,5.00,5.00,000,4.836685
2010-09-23,5.10,5.10,5.00,5.00,5200,4.836685
2010-09-22,5.10,5.10,5.10,5.10,000,4.933419
2010-09-21,5.10,5.10,5.10,5.10,000,4.933419
2010-09-20,5.10,5.10,5.10,5.10,000,4.933419
2010-09-17,5.10,5.10,5.10,5.10,2700,4.933419
2010-09-16,5.00,5.00,5.00,5.00,000,4.836685
2010-09-15,5.00,5.00,5.00,5.00,000,4.836685
2010-09-14,5.00,5.00,5.00,5.00,000,4.836685
2010-09-13,5.00,5.00,5.00,5.00,000,4.836685
2010-09-10,5.00,5.00,5.00,5.00,000,4.836685
2010-09-09,5.00,5.00,5.00,5.00,000,4.836685
2010-09-08,5.00,5.00,5.00,5.00,400,4.836685
2010-09-07,5.00,5.00,5.00,5.00,000,4.836685
2010-09-03,5.00,5.00,5.00,5.00,000,4.836685
2010-09-02,4.60,5.00,4.60,5.00,2000,4.836685
2010-09-01,5.00,5.00,5.00,5.00,000,4.836685
2010-08-31,5.00,5.00,5.00,5.00,000,4.836685
2010-08-30,5.00,5.00,5.00,5.00,000,4.836685
2010-08-27,5.00,5.00,5.00,5.00,000,4.836685
2010-08-26,5.00,5.00,4.85,5.00,8700,4.836685
2010-08-25,5.00,5.00,5.00,5.00,000,4.836685
2010-08-24,5.00,5.00,5.00,5.00,000,4.836685
2010-08-23,5.00,5.00,5.00,5.00,100,4.836685
2010-08-20,5.00,5.00,5.00,5.00,000,4.836685
2010-08-19,5.00,5.00,5.00,5.00,200,4.836685
2010-08-18,5.00,5.00,5.00,5.00,000,4.836685
2010-08-17,5.00,5.00,5.00,5.00,000,4.836685
2010-08-16,5.00,5.00,5.00,5.00,000,4.836685
2010-08-13,5.00,5.00,5.00,5.00,000,4.836685
2010-08-12,5.00,5.00,5.00,5.00,1000,4.836685
2010-08-11,5.00,5.00,5.00,5.00,1000,4.836685
2010-08-10,5.00,5.00,5.00,5.00,000,4.836685
2010-08-09,5.00,5.00,5.00,5.00,1100,4.836685
2010-08-06,5.00,5.00,5.00,5.00,000,4.836685
2010-08-05,5.00,5.00,5.00,5.00,000,4.836685
2010-08-04,5.00,5.00,5.00,5.00,000,4.836685
2010-08-03,5.00,5.00,5.00,5.00,000,4.836685
2010-08-02,5.00,5.00,5.00,5.00,000,4.836685
2010-07-30,5.00,5.00,5.00,5.00,400,4.836685
2010-07-29,5.00,5.00,5.00,5.00,000,4.836685
2010-07-28,5.00,5.00,5.00,5.00,000,4.836685
2010-07-27,5.00,5.00,5.00,5.00,000,4.836685
2010-07-26,5.00,5.00,5.00,5.00,1000,4.836685
2010-07-23,5.00,5.00,5.00,5.00,000,4.836685
2010-07-22,5.00,5.00,5.00,5.00,000,4.836685
2010-07-21,5.25,5.25,5.00,5.00,1500,4.836685
2010-07-20,5.00,5.00,5.00,5.00,700,4.836685
2010-07-19,5.25,5.25,5.25,5.25,000,5.07852
2010-07-16,5.25,5.25,5.25,5.25,000,5.07852
2010-07-15,5.25,5.25,5.25,5.25,1000,5.07852
2010-07-14,5.00,5.00,5.00,5.00,000,4.836685
2010-07-13,5.00,5.00,5.00,5.00,000,4.836685
2010-07-12,5.00,5.00,5.00,5.00,000,4.836685
2010-07-09,5.00,5.00,5.00,5.00,000,4.836685
2010-07-08,5.00,5.00,5.00,5.00,000,4.836685
2010-07-07,5.00,5.00,5.00,5.00,1000,4.836685
2010-07-06,5.00,5.00,5.00,5.00,1000,4.836685
2010-07-02,5.00,5.00,5.00,5.00,000,4.836685
2010-07-01,5.00,5.00,5.00,5.00,000,4.836685
2010-06-30,5.10,5.10,5.00,5.00,900,4.836685
2010-06-29,5.00,5.00,5.00,5.00,1500,4.836685
2010-06-28,5.25,5.25,5.25,5.25,400,5.07852
2010-06-25,5.00,5.00,5.00,5.00,500,4.836685
2010-06-24,5.00,5.00,5.00,5.00,000,4.836685
2010-06-23,5.00,5.00,5.00,5.00,000,4.836685
2010-06-22,5.00,5.00,5.00,5.00,000,4.836685
2010-06-21,5.00,5.00,5.00,5.00,000,4.836685
2010-06-18,5.00,5.00,5.00,5.00,000,4.836685
2010-06-17,5.00,5.00,5.00,5.00,000,4.836685
2010-06-16,5.00,5.00,5.00,5.00,000,4.836685
2010-06-15,5.00,5.00,5.00,5.00,000,4.836685
2010-06-14,5.00,5.00,5.00,5.00,000,4.836685
2010-06-11,5.00,5.00,5.00,5.00,000,4.836685
2010-06-10,5.00,5.00,5.00,5.00,2300,4.836685
2010-06-09,5.00,5.00,5.00,5.00,700,4.836685
2010-06-08,5.00,5.00,5.00,5.00,000,4.836685
2010-06-07,5.00,5.00,5.00,5.00,000,4.836685
2010-06-04,5.00,5.00,5.00,5.00,000,4.836685
2010-06-03,5.00,5.00,5.00,5.00,100,4.836685
2010-06-02,5.00,5.00,5.00,5.00,000,4.836685
2010-06-01,5.00,5.00,5.00,5.00,000,4.836685
2010-05-28,5.00,5.00,5.00,5.00,000,4.836685
2010-05-27,5.00,5.00,5.00,5.00,000,4.836685
2010-05-26,5.00,5.00,5.00,5.00,000,4.836685
2010-05-25,5.00,5.00,5.00,5.00,1000,4.836685
2010-05-24,5.10,5.10,5.10,5.10,000,4.933419
2010-05-21,5.10,5.10,5.10,5.10,000,4.933419
2010-05-20,5.10,5.10,5.10,5.10,000,4.933419
2010-05-19,5.10,5.10,5.10,5.10,000,4.933419
2010-05-18,5.10,5.10,5.10,5.10,000,4.933419
2010-05-17,5.10,5.10,5.10,5.10,1000,4.933419
2010-05-14,5.50,5.50,5.01,5.01,2000,4.846359
2010-05-13,5.10,5.10,5.10,5.10,000,4.933419
2010-05-12,5.10,5.10,5.10,5.10,000,4.933419
2010-05-11,5.10,5.10,5.10,5.10,000,4.933419
2010-05-10,5.50,5.50,5.10,5.10,3300,4.933419
2010-05-07,5.50,5.50,5.50,5.50,000,5.320354
2010-05-06,5.50,5.50,5.50,5.50,000,5.320354
2010-05-05,5.50,5.50,5.50,5.50,1300,5.320354
2010-05-04,5.05,5.05,5.05,5.05,000,4.885052
2010-05-03,5.05,5.05,5.05,5.05,000,4.885052
2010-04-30,5.05,5.05,5.05,5.05,000,4.885052
2010-04-29,5.05,5.05,5.05,5.05,000,4.885052
2010-04-28,6.50,6.50,5.05,5.05,2800,4.885052
2010-04-27,7.00,7.00,7.00,7.00,000,6.77136
2010-04-26,7.00,7.00,7.00,7.00,000,6.77136
2010-04-23,7.00,7.00,7.00,7.00,000,6.77136
2010-04-22,7.00,7.00,7.00,7.00,000,6.77136
2010-04-21,7.00,7.00,7.00,7.00,000,6.77136
2010-04-20,7.00,7.00,7.00,7.00,1000,6.77136
2010-04-19,6.40,6.95,6.40,6.95,1500,6.722992
2010-04-16,6.00,6.00,6.00,6.00,1200,5.804022
2010-04-15,6.00,6.00,6.00,6.00,000,5.804022
2010-04-14,6.00,6.00,6.00,6.00,000,5.804022
2010-04-13,6.00,6.00,6.00,6.00,1200,5.804022
2010-04-12,6.00,6.00,6.00,6.00,1000,5.804022
2010-04-09,5.50,6.40,5.50,6.40,3000,6.190957
2010-04-08,5.20,5.45,5.20,5.45,1300,5.271987
2010-04-07,5.00,5.00,5.00,5.00,300,4.836685
2010-04-06,4.95,4.95,4.95,4.95,000,4.788318
2010-04-05,4.95,4.95,4.95,4.95,300,4.788318
2010-04-01,4.50,4.50,4.50,4.50,000,4.353017
2010-03-31,4.50,4.50,4.50,4.50,100,4.353017
2010-03-30,4.80,4.80,4.80,4.80,500,4.643218
2010-03-29,4.70,4.70,4.70,4.70,000,4.546484
2010-03-26,4.70,4.70,4.70,4.70,000,4.546484
2010-03-25,4.70,4.70,4.70,4.70,000,4.546484
2010-03-24,4.70,4.70,4.70,4.70,500,4.546484
2010-03-23,4.70,4.70,4.70,4.70,000,4.546484
2010-03-22,4.70,4.70,4.70,4.70,000,4.546484
2010-03-19,4.70,4.70,4.70,4.70,000,4.546484
2010-03-18,4.70,4.70,4.70,4.70,000,4.546484
2010-03-17,4.70,4.70,4.70,4.70,1000,4.546484
2010-03-16,4.50,4.50,4.50,4.50,000,4.353017
2010-03-15,4.50,4.50,4.50,4.50,000,4.353017
2010-03-12,4.50,4.50,4.50,4.50,000,4.353017
2010-03-11,4.50,4.50,4.50,4.50,000,4.353017
2010-03-10,4.50,4.50,4.50,4.50,000,4.353017
2010-03-09,4.50,4.50,4.50,4.50,35000,4.353017
2010-03-08,4.70,4.70,4.70,4.70,000,4.546484
2010-03-05,4.70,4.70,4.70,4.70,400,4.546484
2010-03-04,4.11,4.11,4.11,4.11,000,3.975755
2010-03-03,4.11,4.11,4.11,4.11,000,3.975755
2010-03-02,4.11,4.11,4.11,4.11,000,3.975755
2010-03-01,4.11,4.11,4.11,4.11,000,3.975755
2010-02-26,4.11,4.11,4.11,4.11,500,3.975755
2010-02-25,4.10,4.10,4.10,4.10,000,3.966082
2010-02-24,4.10,4.10,4.10,4.10,1200,3.966082
2010-02-23,4.00,4.05,4.00,4.05,2500,3.917715
2010-02-22,4.00,4.00,4.00,4.00,500,3.869348
2010-02-19,3.98,3.98,3.98,3.98,000,3.850002
2010-02-18,3.98,3.98,3.98,3.98,000,3.850002
2010-02-17,3.96,3.98,3.96,3.98,3000,3.850002
2010-02-16,4.02,4.02,3.98,3.98,5600,3.830655
2010-02-12,4.01,4.01,4.01,4.01,000,3.859529
2010-02-11,4.05,4.05,4.01,4.01,4900,3.859529
2010-02-10,4.00,4.00,4.00,4.00,1900,3.849904
2010-02-09,3.95,3.95,3.95,3.95,000,3.801781
2010-02-08,4.00,4.00,3.95,3.95,5000,3.801781
2010-02-05,3.85,3.85,3.85,3.85,000,3.705533
2010-02-04,3.85,3.85,3.85,3.85,000,3.705533
2010-02-03,3.85,3.85,3.85,3.85,000,3.705533
2010-02-02,3.85,3.85,3.85,3.85,500,3.705533
2010-02-01,4.25,4.25,4.25,4.25,000,4.090523
2010-01-29,4.50,4.55,3.85,4.25,10900,4.090523
2010-01-28,3.85,3.85,3.85,3.85,000,3.705533
2010-01-27,3.85,3.85,3.85,3.85,000,3.705533
2010-01-26,4.10,4.10,3.85,3.85,1000,3.705533
2010-01-25,4.05,4.05,4.05,4.05,000,3.898028
2010-01-22,4.05,4.05,4.05,4.05,400,3.898028
2010-01-21,4.15,4.15,4.00,4.00,3800,3.849904
2010-01-20,5.10,5.10,5.10,5.10,000,4.908628
2010-01-19,5.10,5.10,5.10,5.10,000,4.908628
2010-01-15,5.10,5.10,5.10,5.10,000,4.908628
2010-01-14,5.10,5.10,5.10,5.10,000,4.908628
2010-01-13,5.10,5.10,5.10,5.10,000,4.908628
2010-01-12,4.95,5.10,4.95,5.10,400,4.908628
2010-01-11,4.12,4.12,4.12,4.12,000,3.965401
2010-01-08,4.12,4.12,4.12,4.12,000,3.965401
2010-01-07,4.12,4.12,4.12,4.12,000,3.965401
2010-01-06,4.25,4.25,4.12,4.12,600,3.965401
2010-01-05,4.75,4.75,4.75,4.75,000,4.571761
2010-01-04,4.75,4.75,4.75,4.75,300,4.571761
2009-12-31,4.40,4.40,4.40,4.40,000,4.234895
2009-12-30,4.40,4.40,4.40,4.40,000,4.234895
2009-12-29,4.50,4.50,4.40,4.40,2300,4.234895
2009-12-28,4.40,4.40,4.40,4.40,000,4.234895
2009-12-24,4.40,4.40,4.40,4.40,000,4.234895
2009-12-23,4.40,4.40,4.40,4.40,000,4.234895
2009-12-22,4.40,4.40,4.40,4.40,000,4.234895
2009-12-21,4.40,4.40,4.40,4.40,700,4.234895
2009-12-18,4.26,4.26,4.26,4.26,000,4.100148
2009-12-17,4.26,4.26,4.26,4.26,000,4.100148
2009-12-16,4.26,4.26,4.26,4.26,300,4.100148
2009-12-15,4.55,4.55,4.55,4.55,000,4.379266
2009-12-14,4.55,4.55,4.55,4.55,500,4.379266
2009-12-11,4.55,4.55,4.55,4.55,400,4.379266
2009-12-10,4.10,4.10,4.10,4.10,000,3.946152
2009-12-09,4.23,4.23,4.10,4.10,800,3.946152
2009-12-08,5.00,5.00,5.00,5.00,000,4.81238
2009-12-07,5.00,5.00,5.00,5.00,1000,4.81238
2009-12-04,5.10,5.10,5.10,5.10,000,4.908628
2009-12-03,5.10,5.10,5.10,5.10,000,4.908628
2009-12-02,5.10,5.10,5.10,5.10,000,4.908628
2009-12-01,5.10,5.10,5.10,5.10,000,4.889378
2009-11-30,5.10,5.10,5.10,5.10,000,4.889378
2009-11-27,5.10,5.10,5.10,5.10,000,4.889378
2009-11-25,5.10,5.10,5.10,5.10,1000,4.889378
2009-11-24,5.50,5.50,5.50,5.50,500,5.272859
2009-11-23,4.40,4.50,4.40,4.50,4000,4.314158
2009-11-20,5.00,5.00,5.00,5.00,1200,4.793508
2009-11-19,5.50,5.50,5.50,5.50,000,5.272859
2009-11-18,5.50,5.50,5.50,5.50,6100,5.272859
2009-11-17,4.75,5.00,4.75,5.00,600,4.793508
2009-11-16,4.75,4.75,4.75,4.75,000,4.553833
2009-11-13,4.75,4.75,4.75,4.75,500,4.553833
2009-11-12,4.50,4.50,4.50,4.50,000,4.314158
2009-11-11,4.50,4.50,4.50,4.50,000,4.314158
2009-11-10,4.75,4.75,4.50,4.50,2500,4.314158
2009-11-09,4.25,4.25,4.25,4.25,000,4.074482
2009-11-06,4.25,4.25,4.25,4.25,2000,4.074482
2009-11-05,4.25,4.25,4.25,4.25,000,4.074482
2009-11-04,4.25,4.25,4.25,4.25,000,4.074482
2009-11-03,4.25,4.25,4.25,4.25,000,4.074482
2009-11-02,4.25,4.25,4.25,4.25,000,4.074482
2009-10-30,5.05,5.05,4.25,4.25,4000,4.074482
2009-10-29,5.08,5.08,5.08,5.08,500,4.870204
2009-10-28,5.10,5.50,5.05,5.25,5000,5.033184
2009-10-27,5.50,5.75,5.50,5.75,1200,5.512535
2009-10-26,5.50,5.50,5.50,5.50,500,5.272859
2009-10-23,5.50,5.50,5.50,5.50,000,5.272859
2009-10-22,5.50,5.50,5.50,5.50,500,5.272859
2009-10-21,5.50,5.50,5.50,5.50,000,5.272859
2009-10-20,5.50,5.50,5.50,5.50,500,5.272859
2009-10-19,5.90,5.90,5.90,5.90,300,5.65634
2009-10-16,6.00,6.00,6.00,6.00,1300,5.75221
2009-10-15,5.50,6.00,5.50,6.00,15200,5.75221
2009-10-14,5.50,5.60,5.50,5.60,1500,5.368729
2009-10-13,5.45,5.45,5.45,5.45,000,5.224924
2009-10-12,5.45,5.45,5.45,5.45,000,5.224924
2009-10-09,5.45,5.45,5.45,5.45,000,5.224924
2009-10-08,5.45,5.45,5.45,5.45,000,5.224924
2009-10-07,5.45,5.45,5.45,5.45,000,5.224924
2009-10-06,5.45,5.45,5.45,5.45,000,5.224924
2009-10-05,5.45,5.45,5.45,5.45,000,5.224924
2009-10-02,5.45,5.45,5.45,5.45,000,5.224924
2009-10-01,5.45,5.45,5.45,5.45,000,5.224924
2009-09-30,5.45,5.45,5.45,5.45,000,5.224924
2009-09-29,5.45,5.45,5.45,5.45,000,5.224924
2009-09-28,5.45,5.45,5.45,5.45,000,5.224924
2009-09-25,5.45,5.45,5.45,5.45,000,5.224924
2009-09-24,5.45,5.45,5.45,5.45,000,5.224924
2009-09-23,5.45,5.45,5.45,5.45,000,5.224924
2009-09-22,5.45,5.45,5.45,5.45,000,5.20575
2009-09-21,5.45,5.45,5.45,5.45,000,5.20575
2009-09-18,6.00,6.00,5.45,5.45,1500,5.20575
2009-09-17,6.70,6.70,6.70,6.70,100,6.399729
2009-09-16,5.45,5.45,5.45,5.45,000,5.20575
2009-09-15,5.45,5.45,5.45,5.45,000,5.20575
2009-09-14,5.45,5.45,5.45,5.45,000,5.20575
2009-09-11,5.45,5.45,5.45,5.45,000,5.20575
2009-09-10,5.45,5.45,5.45,5.45,300,5.20575
2009-09-09,6.00,6.00,6.00,6.00,000,5.731101
2009-09-08,6.00,6.00,6.00,6.00,000,5.731101
2009-09-04,6.00,6.00,6.00,6.00,000,5.731101
2009-09-03,6.00,6.00,6.00,6.00,000,5.731101
2009-09-02,6.00,6.00,6.00,6.00,000,5.731101
2009-09-01,6.00,6.00,6.00,6.00,000,5.731101
2009-08-31,6.10,6.10,6.00,6.00,2300,5.731101
2009-08-28,6.10,6.10,6.10,6.10,000,5.826619
2009-08-27,6.25,6.25,6.10,6.10,600,5.826619
2009-08-26,6.25,6.25,6.25,6.25,000,5.969897
2009-08-25,6.25,6.25,6.25,6.25,000,5.969897
2009-08-24,6.25,6.25,6.25,6.25,000,5.969897
2009-08-21,6.25,6.25,6.25,6.25,500,5.969897
2009-08-20,6.50,6.50,6.50,6.50,000,6.208693
2009-08-19,6.50,6.50,6.50,6.50,000,6.208693
2009-08-18,6.50,6.50,6.50,6.50,000,6.208693
2009-08-17,6.50,6.50,6.50,6.50,500,6.208693
2009-08-14,6.70,6.70,6.70,6.70,000,6.399729
2009-08-13,6.70,6.70,6.70,6.70,1000,6.399729
2009-08-12,6.70,6.70,6.70,6.70,1000,6.399729
2009-08-11,6.50,6.70,6.50,6.70,2100,6.399729
2009-08-10,6.50,6.50,6.50,6.50,000,6.208693
2009-08-07,6.70,6.70,6.50,6.50,1100,6.208693
2009-08-06,6.00,6.00,6.00,6.00,000,5.731101
2009-08-05,6.00,6.00,6.00,6.00,000,5.731101
2009-08-04,6.00,6.00,6.00,6.00,000,5.731101
2009-08-03,6.50,6.50,6.00,6.00,1700,5.731101
2009-07-31,6.75,6.75,6.75,6.75,000,6.447489
2009-07-30,6.75,6.75,6.75,6.75,000,6.447489
2009-07-29,6.75,6.75,6.75,6.75,000,6.447489
2009-07-28,6.75,6.75,6.75,6.75,800,6.447489
2009-07-27,7.00,7.00,7.00,7.00,000,6.686285
2009-07-24,7.00,7.00,7.00,7.00,000,6.686285
2009-07-23,7.00,7.00,7.00,7.00,000,6.686285
2009-07-22,7.00,7.00,7.00,7.00,500,6.686285
2009-07-21,7.00,7.00,7.00,7.00,000,6.686285
2009-07-20,7.00,7.00,7.00,7.00,000,6.686285
2009-07-17,7.00,7.00,7.00,7.00,500,6.686285
2009-07-16,6.50,6.50,6.50,6.50,000,6.208693
2009-07-15,6.50,6.50,6.50,6.50,000,6.208693
2009-07-14,6.50,6.50,6.50,6.50,500,6.208693
2009-07-13,6.50,6.50,6.50,6.50,500,6.208693
2009-07-10,6.00,6.50,6.00,6.50,1700,6.208693
2009-07-09,6.75,6.75,6.75,6.75,000,6.447489
2009-07-08,6.75,6.75,6.75,6.75,000,6.447489
2009-07-07,6.75,6.75,6.75,6.75,000,6.447489
2009-07-06,6.75,6.75,6.75,6.75,000,6.447489
2009-07-02,6.75,6.75,6.75,6.75,000,6.447489
2009-07-01,6.75,6.75,6.75,6.75,000,6.447489
2009-06-30,6.75,6.75,6.75,6.75,000,6.447489
2009-06-29,6.75,6.75,6.75,6.75,000,6.447489
2009-06-26,6.75,6.75,6.75,6.75,000,6.447489
2009-06-25,6.75,6.75,6.75,6.75,000,6.447489
2009-06-24,6.75,6.75,6.75,6.75,000,6.447489
2009-06-23,6.75,6.75,6.75,6.75,000,6.447489
2009-06-22,6.75,6.75,6.75,6.75,000,6.447489
2009-06-19,6.75,6.75,6.75,6.75,000,6.447489
2009-06-18,6.75,6.75,6.75,6.75,000,6.447489
2009-06-17,6.75,6.75,6.75,6.75,000,6.447489
2009-06-16,6.75,6.75,6.75,6.75,000,6.447489
2009-06-15,6.75,6.75,6.75,6.75,2000,6.447489
2009-06-12,6.75,6.75,6.75,6.75,000,6.447489
2009-06-11,6.75,6.75,6.75,6.75,000,6.447489
2009-06-10,6.75,6.75,6.75,6.75,000,6.447489
2009-06-09,6.75,6.75,6.75,6.75,000,6.447489
2009-06-08,6.75,6.75,6.75,6.75,000,6.447489
2009-06-05,6.75,6.75,6.75,6.75,000,6.447489
2009-06-04,6.75,6.75,6.75,6.75,000,6.447489
2009-06-03,6.75,6.75,6.75,6.75,000,6.447489
2009-06-02,6.75,6.75,6.75,6.75,000,6.447489
2009-06-01,6.75,6.75,6.75,6.75,000,6.447489
2009-05-29,6.75,6.75,6.75,6.75,000,6.447489
2009-05-28,6.75,6.75,6.75,6.75,000,6.447489
2009-05-27,6.75,6.75,6.75,6.75,000,6.447489
2009-05-26,6.75,6.75,6.75,6.75,000,6.447489
2009-05-22,6.75,6.75,6.75,6.75,2000,6.447489
2009-05-21,7.00,7.00,7.00,7.00,000,6.686285
2009-05-20,7.00,7.00,7.00,7.00,000,6.648077
2009-05-19,7.00,7.00,7.00,7.00,000,6.648077
2009-05-18,7.00,7.00,7.00,7.00,000,6.648077
2009-05-15,7.00,7.00,7.00,7.00,000,6.648077
2009-05-14,7.00,7.00,7.00,7.00,000,6.648077
2009-05-13,7.00,7.00,7.00,7.00,500,6.648077
2009-05-12,5.75,5.75,5.75,5.75,000,5.46092
2009-05-11,5.75,5.75,5.75,5.75,000,5.46092
2009-05-08,5.75,5.75,5.75,5.75,000,5.46092
2009-05-07,5.75,5.75,5.75,5.75,200,5.46092
2009-05-06,6.25,6.25,6.25,6.25,400,5.935783
2009-05-05,6.75,6.75,6.75,6.75,000,6.410646
2009-05-04,6.75,6.75,6.75,6.75,17500,6.410646
2009-05-01,6.75,6.75,6.75,6.75,000,6.410646
2009-04-30,6.75,6.75,6.75,6.75,000,6.410646
2009-04-29,6.75,6.75,6.75,6.75,000,6.410646
2009-04-28,6.75,6.75,6.75,6.75,000,6.410646
2009-04-27,6.75,6.75,6.75,6.75,000,6.410646
2009-04-24,6.75,6.75,6.75,6.75,000,6.410646
2009-04-23,6.75,6.75,6.75,6.75,000,6.410646
2009-04-22,6.75,6.75,6.75,6.75,000,6.410646
2009-04-21,6.75,6.75,6.75,6.75,000,6.410646
2009-04-20,6.75,6.75,6.75,6.75,400,6.410646
2009-04-17,6.75,6.75,6.75,6.75,000,6.410646
2009-04-16,6.75,6.75,6.75,6.75,100,6.410646
2009-04-15,6.85,6.85,6.85,6.85,000,6.505618
2009-04-14,6.85,6.85,6.85,6.85,000,6.505618
2009-04-13,6.85,6.85,6.85,6.85,000,6.505618
2009-04-09,6.85,6.85,6.85,6.85,000,6.505618
2009-04-08,6.85,6.85,6.85,6.85,000,6.505618
2009-04-07,6.85,6.85,6.85,6.85,000,6.505618
2009-04-06,6.85,6.85,6.85,6.85,000,6.505618
2009-04-03,6.85,6.85,6.85,6.85,200,6.505618
2009-04-02,6.90,6.90,6.90,6.90,000,6.553104
2009-04-01,6.90,6.90,6.90,6.90,000,6.553104
2009-03-31,6.90,6.90,6.90,6.90,000,6.553104
2009-03-30,6.90,6.90,6.90,6.90,000,6.553104
2009-03-27,6.90,6.90,6.90,6.90,000,6.553104
2009-03-26,6.90,6.90,6.90,6.90,000,6.553104
2009-03-25,6.90,6.90,6.90,6.90,000,6.553104
2009-03-24,6.90,6.90,6.90,6.90,000,6.553104
2009-03-23,6.90,6.90,6.90,6.90,000,6.553104
2009-03-20,6.90,6.90,6.90,6.90,000,6.553104
2009-03-19,6.87,6.90,6.87,6.90,1000,6.553104
2009-03-18,5.90,5.90,5.90,5.90,000,5.603379
2009-03-17,5.90,5.90,5.90,5.90,000,5.603379
2009-03-16,5.90,5.90,5.90,5.90,000,5.603379
2009-03-13,5.90,5.90,5.90,5.90,000,5.603379
2009-03-12,5.90,5.90,5.90,5.90,000,5.603379
2009-03-11,5.90,5.90,5.90,5.90,000,5.603379
2009-03-10,5.90,5.90,5.90,5.90,000,5.603379
2009-03-09,5.90,5.90,5.90,5.90,000,5.603379
2009-03-06,5.90,5.90,5.90,5.90,000,5.603379
2009-03-05,5.90,5.90,5.90,5.90,400,5.603379
2009-03-04,7.05,7.05,7.05,7.05,000,6.695563
2009-03-03,7.05,7.05,7.05,7.05,000,6.695563
2009-03-02,7.05,7.05,7.05,7.05,000,6.695563
2009-02-27,7.05,7.05,7.05,7.05,000,6.695563
2009-02-26,7.05,7.05,7.05,7.05,000,6.695563
2009-02-25,7.05,7.05,7.05,7.05,000,6.695563
2009-02-24,7.05,7.05,7.05,7.05,000,6.695563
2009-02-23,7.05,7.05,7.05,7.05,000,6.695563
2009-02-20,7.05,7.05,7.05,7.05,000,6.695563
2009-02-19,7.05,7.05,7.05,7.05,000,6.695563
2009-02-18,7.05,7.05,7.05,7.05,000,6.695563
2009-02-17,7.05,7.05,7.05,7.05,000,6.695563
2009-02-13,7.05,7.05,7.05,7.05,000,6.695563
2009-02-12,7.05,7.05,7.05,7.05,000,6.695563
2009-02-11,7.05,7.05,7.05,7.05,000,6.695563
2009-02-10,7.05,7.05,7.05,7.05,000,6.695563
2009-02-09,7.05,7.05,7.05,7.05,000,6.695563
2009-02-06,7.05,7.05,7.05,7.05,700,6.695563
2009-02-05,7.10,7.10,7.10,7.10,000,6.705061
2009-02-04,7.10,7.10,7.10,7.10,000,6.705061
2009-02-03,7.10,7.10,7.10,7.10,000,6.705061
2009-02-02,7.10,7.10,7.10,7.10,000,6.705061
2009-01-30,7.10,7.10,7.10,7.10,2000,6.705061
2009-01-29,7.30,7.30,7.30,7.30,1800,6.893936
2009-01-28,7.35,7.35,7.35,7.35,000,6.941154
2009-01-27,7.35,7.35,7.35,7.35,000,6.941154
2009-01-26,7.35,7.35,7.35,7.35,500,6.941154
2009-01-23,7.00,7.00,7.00,7.00,000,6.610623
2009-01-22,7.00,7.00,7.00,7.00,000,6.610623
2009-01-21,7.00,7.00,7.00,7.00,15200,6.610623
2009-01-20,7.20,7.20,7.20,7.20,1000,6.799498
2009-01-16,7.50,7.50,7.50,7.50,000,7.082811
2009-01-15,7.50,7.50,7.50,7.50,000,7.082811
2009-01-14,7.50,7.50,7.50,7.50,000,7.082811
2009-01-13,7.50,7.50,7.50,7.50,000,7.082811
2009-01-12,7.50,7.50,7.50,7.50,000,7.082811
2009-01-09,7.50,7.50,7.50,7.50,000,7.082811
2009-01-08,7.50,7.50,7.50,7.50,000,7.082811
2009-01-07,7.50,7.50,7.50,7.50,000,7.082811
2009-01-06,7.50,7.50,7.50,7.50,000,7.082811
2009-01-05,7.50,7.50,7.50,7.50,2000,7.082811
2009-01-02,7.12,7.12,7.12,7.12,000,6.723948
2008-12-31,7.15,7.15,7.12,7.12,12300,6.723948
2008-12-30,7.12,7.12,6.75,6.75,10300,6.374529
2008-12-29,7.12,7.12,7.12,7.12,100,6.723948
2008-12-26,7.15,7.15,7.15,7.15,000,6.752279
2008-12-24,7.15,7.15,7.15,7.15,000,6.752279
2008-12-23,7.15,7.15,7.15,7.15,000,6.752279
2008-12-22,7.15,7.15,7.15,7.15,000,6.752279
2008-12-19,7.15,7.15,7.15,7.15,000,6.752279
2008-12-18,7.15,7.15,7.15,7.15,000,6.752279
2008-12-17,7.15,7.15,7.15,7.15,000,6.752279
2008-12-16,7.15,7.15,7.15,7.15,000,6.752279
2008-12-15,7.15,7.15,7.15,7.15,000,6.752279
2008-12-12,7.15,7.15,7.15,7.15,000,6.752279
2008-12-11,7.15,7.15,7.15,7.15,000,6.752279
2008-12-10,7.15,7.15,7.15,7.15,000,6.752279
2008-12-09,7.15,7.15,7.15,7.15,000,6.752279
2008-12-08,7.15,7.15,7.15,7.15,000,6.752279
2008-12-05,7.15,7.15,7.15,7.15,000,6.752279
2008-12-04,7.15,7.15,7.15,7.15,000,6.752279
2008-12-03,7.15,7.15,7.15,7.15,000,6.752279
2008-12-02,7.15,7.15,7.15,7.15,000,6.752279
2008-12-01,7.15,7.15,7.15,7.15,000,6.752279
2008-11-28,7.15,7.15,7.15,7.15,000,6.752279
2008-11-26,7.15,7.15,7.15,7.15,000,6.752279
2008-11-25,7.15,7.15,7.15,7.15,000,6.714504
2008-11-24,7.15,7.15,7.15,7.15,000,6.714504
2008-11-21,7.15,7.15,7.15,7.15,000,6.714504
2008-11-20,7.15,7.15,7.15,7.15,000,6.714504
2008-11-19,7.15,7.15,7.15,7.15,000,6.714504
2008-11-18,7.15,7.15,7.15,7.15,000,6.714504
2008-11-17,7.15,7.15,7.15,7.15,300,6.714504
2008-11-14,7.15,7.15,7.15,7.15,400,6.714504
2008-11-13,7.10,7.10,7.10,7.10,000,6.66755
2008-11-12,7.10,7.10,7.10,7.10,000,6.66755
2008-11-11,7.10,7.10,7.10,7.10,000,6.66755
2008-11-10,7.10,7.10,7.10,7.10,000,6.66755
2008-11-07,7.10,7.10,7.10,7.10,000,6.66755
2008-11-06,7.15,7.15,6.70,7.10,6100,6.66755
2008-11-05,7.50,7.50,7.50,7.50,000,7.043186
2008-11-04,7.50,7.50,7.50,7.50,000,7.043186
2008-11-03,7.50,7.50,7.50,7.50,000,7.043186
2008-10-31,7.50,7.50,7.50,7.50,000,7.043186
2008-10-30,7.50,7.50,7.50,7.50,300,7.043186
2008-10-29,6.15,6.15,6.15,6.15,000,5.775413
2008-10-28,6.15,6.15,6.15,6.15,000,5.775413
2008-10-27,6.15,6.15,6.15,6.15,000,5.775413
2008-10-24,6.15,6.15,6.15,6.15,500,5.775413
2008-10-23,6.15,6.15,6.15,6.15,000,5.775413
2008-10-22,6.15,6.15,6.15,6.15,000,5.775413
2008-10-21,6.15,6.15,6.15,6.15,000,5.775413
2008-10-20,6.15,6.15,6.15,6.15,500,5.775413
2008-10-17,6.10,6.10,6.10,6.10,700,5.728458
2008-10-16,6.10,6.10,6.10,6.10,000,5.728458
2008-10-15,6.10,6.10,6.10,6.10,500,5.728458
2008-10-14,6.80,6.80,6.80,6.80,300,6.385822
2008-10-13,6.05,6.05,6.05,6.05,000,5.681504
2008-10-10,6.05,6.05,6.05,6.05,500,5.681504
2008-10-09,6.30,6.30,6.00,6.10,5800,5.728458
2008-10-08,7.40,7.40,6.80,6.80,5300,6.385822
2008-10-07,7.35,7.35,7.35,7.35,000,6.902322
2008-10-06,7.35,7.35,7.35,7.35,000,6.902322
2008-10-03,7.35,7.35,7.35,7.35,000,6.902322
2008-10-02,7.35,7.35,7.35,7.35,200,6.902322
2008-10-01,7.35,7.35,7.35,7.35,000,6.902322
2008-09-30,7.35,7.35,7.35,7.35,200,6.902322
2008-09-29,7.30,7.30,7.30,7.30,000,6.855368
2008-09-26,7.40,7.40,7.30,7.30,600,6.855368
2008-09-25,7.30,7.30,7.30,7.30,000,6.855368
2008-09-24,7.30,7.30,7.30,7.30,000,6.855368
2008-09-23,7.87,7.87,7.30,7.30,2400,6.855368
2008-09-22,8.70,8.70,8.70,8.70,000,8.170096
2008-09-19,8.70,8.70,8.70,8.70,500,8.170096
2008-09-18,7.85,7.85,7.85,7.85,000,7.371868
2008-09-17,8.06,8.06,7.85,7.85,6100,7.371868
2008-09-16,8.65,8.65,8.05,8.05,2500,7.559687
2008-09-15,8.65,8.65,8.65,8.65,000,8.123141
2008-09-12,8.65,8.65,8.65,8.65,200,8.123141
2008-09-11,8.65,8.65,8.65,8.65,1000,8.123141
2008-09-10,8.65,8.65,8.65,8.65,000,8.085578
2008-09-09,8.65,8.65,8.65,8.65,100,8.085578
2008-09-08,8.70,8.70,8.70,8.70,000,8.132315
2008-09-05,8.70,8.70,8.70,8.70,000,8.132315
2008-09-04,8.70,8.70,8.70,8.70,000,8.132315
2008-09-03,8.70,8.70,8.70,8.70,000,8.132315
2008-09-02,8.70,8.70,8.70,8.70,000,8.132315
2008-08-29,8.70,8.70,8.70,8.70,000,8.132315
2008-08-28,8.70,8.70,8.70,8.70,500,8.132315
2008-08-27,8.70,8.70,8.70,8.70,000,8.132315
2008-08-26,8.70,8.70,8.70,8.70,000,8.132315
2008-08-25,8.70,8.70,8.70,8.70,000,8.132315
2008-08-22,8.70,8.70,8.70,8.70,000,8.132315
2008-08-21,8.70,8.70,8.70,8.70,1000,8.132315
2008-08-20,8.80,8.80,8.80,8.80,000,8.22579
2008-08-19,8.80,8.80,8.80,8.80,000,8.22579
2008-08-18,8.80,8.80,8.80,8.80,000,8.22579
2008-08-15,8.80,8.80,8.80,8.80,1500,8.22579
2008-08-14,9.00,9.00,9.00,9.00,000,8.41274
2008-08-13,9.00,9.00,9.00,9.00,000,8.41274
2008-08-12,9.00,9.00,9.00,9.00,000,8.41274
2008-08-11,9.00,9.00,9.00,9.00,500,8.41274
2008-08-08,8.70,8.70,8.70,8.70,000,8.132315
2008-08-07,8.70,8.70,8.70,8.70,000,8.132315
2008-08-06,8.70,8.70,8.70,8.70,000,8.132315
2008-08-05,8.65,8.70,8.65,8.70,3500,8.132315
2008-08-04,8.70,8.70,8.65,8.65,10500,8.085578
2008-08-01,8.70,8.70,8.65,8.70,1600,8.132315
2008-07-31,8.65,8.65,8.60,8.60,1000,8.038841
2008-07-30,8.75,8.75,8.75,8.75,000,8.179053
2008-07-29,8.85,8.85,8.75,8.75,9500,8.179053
2008-07-28,8.85,8.85,8.85,8.85,000,8.272528
2008-07-25,8.85,8.85,8.85,8.85,5500,8.272528
2008-07-24,8.95,8.95,8.95,8.95,000,8.366002
2008-07-23,8.85,8.95,8.85,8.95,2100,8.366002
2008-07-22,8.75,8.75,8.75,8.75,000,8.141663
2008-07-21,8.75,8.75,8.75,8.75,000,8.141663
2008-07-18,8.75,8.75,8.75,8.75,000,8.141663
2008-07-17,8.75,8.75,8.75,8.75,000,8.141663
2008-07-16,8.75,8.75,8.75,8.75,2700,8.141663
2008-07-15,8.90,8.90,8.90,8.90,000,8.281234
2008-07-14,8.90,8.90,8.90,8.90,000,8.281234
2008-07-11,9.00,9.00,8.90,8.90,7500,8.281234
2008-07-10,9.00,9.00,9.00,9.00,4500,8.374282
2008-07-09,9.00,9.00,9.00,9.00,000,8.374282
2008-07-08,9.00,9.00,9.00,9.00,000,8.374282
2008-07-07,9.00,9.00,9.00,9.00,1400,8.374282
2008-07-03,9.00,9.07,9.00,9.07,2800,8.439415
2008-07-02,9.10,9.10,9.10,9.10,000,8.46733
2008-07-01,9.10,9.10,9.10,9.10,500,8.46733
2008-06-30,9.16,9.16,9.16,9.16,000,8.523158
2008-06-27,9.16,9.16,9.16,9.16,000,8.523158
2008-06-26,9.16,9.16,9.16,9.16,1000,8.523158
2008-06-25,9.12,9.12,9.12,9.12,000,8.485939
2008-06-24,9.12,9.12,9.12,9.12,000,8.485939
2008-06-23,9.12,9.12,9.12,9.12,000,8.485939
2008-06-20,9.12,9.12,9.12,9.12,000,8.485939
2008-06-19,9.12,9.12,9.12,9.12,000,8.485939
2008-06-18,9.12,9.12,9.12,9.12,600,8.485939
2008-06-17,9.19,9.19,9.19,9.19,000,8.551072
2008-06-16,9.19,9.19,9.19,9.19,300,8.551072
2008-06-13,9.12,9.12,9.12,9.12,000,8.485939
2008-06-12,9.12,9.12,9.12,9.12,000,8.485939
2008-06-11,9.12,9.12,9.12,9.12,000,8.485939
2008-06-10,9.12,9.12,9.12,9.12,500,8.485939
2008-06-09,9.10,9.13,9.10,9.10,7700,8.46733
2008-06-06,9.11,9.12,9.10,9.10,2700,8.46733
2008-06-05,9.12,9.12,9.10,9.10,500,8.46733
2008-06-04,9.12,9.12,9.12,9.12,000,8.485939
2008-06-03,9.12,9.12,9.12,9.12,000,8.485939
2008-06-02,9.12,9.12,9.12,9.12,000,8.485939
2008-05-30,9.12,9.12,9.12,9.12,000,8.485939
2008-05-29,9.12,9.12,9.12,9.12,600,8.485939
2008-05-28,9.10,9.10,9.10,9.10,4800,8.46733
2008-05-27,9.14,9.14,9.14,9.14,000,8.504549
2008-05-23,9.12,9.15,9.12,9.14,7800,8.504549
2008-05-22,9.12,9.12,9.12,9.12,000,8.485939
2008-05-21,9.12,9.12,9.12,9.12,1000,8.485939
2008-05-20,9.10,9.12,9.10,9.10,4900,8.46733
2008-05-19,9.13,9.15,9.10,9.10,5300,8.46733
2008-05-16,9.15,9.15,9.15,9.15,000,8.513853
2008-05-15,9.15,9.15,9.15,9.15,1600,8.513853
2008-05-14,9.12,9.12,9.12,9.12,100,8.485939
2008-05-13,9.20,9.20,9.10,9.10,2200,8.46733
2008-05-12,9.20,9.20,9.20,9.20,000,8.560377
2008-05-09,9.20,9.20,9.20,9.20,300,8.560377
2008-05-08,9.15,9.20,9.15,9.20,1500,8.560377
2008-05-07,9.15,9.15,9.15,9.15,000,8.513853
2008-05-06,9.15,9.15,9.15,9.15,000,8.513853
2008-05-05,9.15,9.15,9.15,9.15,500,8.513853
2008-05-02,9.20,9.20,9.18,9.18,3700,8.541768
2008-05-01,9.15,9.15,9.15,9.15,000,8.513853
2008-04-30,9.15,9.15,9.15,9.15,2600,8.513853
2008-04-29,9.15,9.15,9.15,9.15,1000,8.513853
2008-04-28,9.15,9.15,9.10,9.10,29500,8.46733
2008-04-25,9.15,9.15,9.15,9.15,000,8.513853
2008-04-24,9.15,9.15,9.15,9.15,000,8.513853
2008-04-23,9.15,9.15,9.15,9.15,000,8.513853
2008-04-22,9.15,9.20,9.15,9.15,2800,8.513853
2008-04-21,9.15,9.15,9.15,9.15,1000,8.513853
2008-04-18,9.20,9.20,9.20,9.20,000,8.560377
2008-04-17,9.20,9.20,9.20,9.20,500,8.560377
2008-04-16,9.24,9.24,9.24,9.24,000,8.597596
2008-04-15,9.17,9.24,9.15,9.24,8000,8.597596
2008-04-14,9.15,9.15,9.15,9.15,000,8.513853
2008-04-11,9.15,9.15,9.15,9.15,000,8.513853
2008-04-10,9.15,9.15,9.15,9.15,000,8.513853
2008-04-09,9.15,9.15,9.15,9.15,4500,8.513853
2008-04-08,9.16,9.16,9.16,9.16,1000,8.523158
2008-04-07,9.16,9.16,9.16,9.16,000,8.523158
2008-04-04,9.16,9.16,9.16,9.16,000,8.523158
2008-04-03,9.15,9.16,9.15,9.16,6500,8.523158
2008-04-02,9.13,9.13,9.13,9.13,000,8.495244
2008-04-01,9.13,9.13,9.13,9.13,000,8.495244
2008-03-31,9.13,9.13,9.13,9.13,1400,8.495244
2008-03-28,9.13,9.13,9.13,9.13,000,8.495244
2008-03-27,9.13,9.13,9.13,9.13,7500,8.495244
2008-03-26,9.14,9.14,9.14,9.14,000,8.504549
2008-03-25,9.14,9.14,9.14,9.14,000,8.504549
2008-03-24,9.10,9.14,9.10,9.14,12200,8.504549
2008-03-20,9.10,9.10,9.10,9.10,000,8.46733
2008-03-19,9.10,9.10,9.10,9.10,000,8.46733
2008-03-18,9.10,9.10,9.10,9.10,2600,8.46733
2008-03-17,9.15,9.15,9.10,9.10,9000,8.46733
2008-03-14,9.10,9.15,9.10,9.15,2000,8.513853
2008-03-13,9.10,9.10,9.10,9.10,000,8.46733
2008-03-12,9.10,9.10,9.10,9.10,500,8.46733
2008-03-11,9.20,9.20,9.20,9.20,000,8.560377
2008-03-10,9.20,9.20,9.20,9.20,5000,8.560377
2008-03-07,9.20,9.20,9.20,9.20,000,8.560377
2008-03-06,9.20,9.20,9.20,9.20,000,8.560377
2008-03-05,9.20,9.20,9.20,9.20,10500,8.560377
2008-03-04,9.20,9.23,9.20,9.23,2900,8.588291
2008-03-03,9.20,9.25,9.20,9.25,10200,8.606901
2008-02-29,9.20,9.20,9.20,9.20,000,8.560377
2008-02-28,9.20,9.20,9.20,9.20,000,8.560377
2008-02-27,9.20,9.20,9.20,9.20,000,8.560377
2008-02-26,9.20,9.20,9.20,9.20,000,8.560377
2008-02-25,9.20,9.20,9.20,9.20,12500,8.560377
2008-02-22,9.20,9.20,9.20,9.20,000,8.560377
2008-02-21,9.20,9.20,9.20,9.20,1200,8.560377
2008-02-20,9.20,9.20,9.20,9.20,000,8.560377
2008-02-19,9.20,9.20,9.20,9.20,500,8.560377
2008-02-15,9.30,9.30,9.30,9.30,800,8.653425
2008-02-14,9.20,9.20,9.20,9.20,000,8.560377
2008-02-13,9.20,9.20,9.20,9.20,000,8.560377
2008-02-12,9.20,9.20,9.20,9.20,000,8.560377
2008-02-11,9.20,9.20,9.20,9.20,200,8.560377
2008-02-08,9.15,9.15,9.15,9.15,000,8.513853
2008-02-07,9.15,9.15,9.15,9.15,000,8.513853
2008-02-06,9.15,9.15,9.15,9.15,100,8.513853
2008-02-05,9.15,9.15,9.15,9.15,100,8.513853
2008-02-04,9.47,9.47,9.47,9.47,000,8.811606
2008-02-01,9.05,9.47,9.00,9.47,2300,8.811606
2008-01-31,9.35,9.35,9.25,9.35,1500,8.699949
2008-01-30,9.25,9.25,9.00,9.14,7200,8.504549
2008-01-29,9.00,9.14,9.00,9.14,4000,8.504549
2008-01-28,9.00,9.14,9.00,9.14,4000,8.504549
2008-01-25,9.00,9.15,9.00,9.15,4600,8.513853
2008-01-24,9.00,9.15,9.00,9.15,15000,8.513853
2008-01-23,9.00,9.00,9.00,9.00,200,8.374282
2008-01-22,9.00,9.00,9.00,9.00,100,8.374282
2008-01-18,9.00,9.00,9.00,9.00,23500,8.374282
2008-01-17,9.06,9.06,9.00,9.00,36600,8.374282
2008-01-16,9.00,9.06,9.00,9.06,400,8.430111
2008-01-15,9.00,9.00,9.00,9.00,700,8.374282
2008-01-14,9.50,9.50,9.00,9.00,11300,8.374282
2008-01-11,9.45,9.45,9.45,9.45,000,8.792996
2008-01-10,9.00,9.45,9.00,9.45,13400,8.792996
2008-01-09,10.00,10.00,9.00,9.00,10600,8.374282
